9	1	2.000000	220	16	1
9	4	1.257636	138	23	0
9	5	3.229994	428	17	0
9	7	3.917995	186	20	0
9	7	5.111969	148	17	0
9	8	5.553474	454	16	0
9	10	7.910184	331	20	0
9	12	1.672571	350	22	0
9	15	1.541341	208	29	0
9	13	5.008150	323	22	0
9	16	7.055947	570	20	0
9	17	6.056451	281	21	0
9	19	3.836402	186	25	0
9	20	6.204768	505	13	0
9	23	4.119830	302	0	2
12	1	2.000000	225	17	1
12	4	0.406056	172	30	0
12	4	3.742443	173	20	0
12	6	7.530183	227	19	0
12	6	2.875743	96	14	0
12	8	5.418755	505	19	0
12	10	0.979548	323	19	0
12	11	3.422886	319	22	0
12	13	3.117039	291	21	0
12	14	8.451401	314	19	0
12	15	5.468975	323	15	0
12	16	4.567296	407	32	0
12	20	4.621768	186	20	0
12	23	3.599409	194	14	0
12	23	6.158036	193	0	2
15	1	2.000000	157	15	1
15	4	0.580693	126	13	0
15	5	0.277383	115	23	0
15	6	3.639418	518	18	0
15	7	3.030774	243	31	0
15	8	3.616337	332	17	0
15	10	5.685707	291	22	0
15	11	3.477291	505	20	0
15	14	2.577584	148	18	0
15	15	5.966961	340	21	0
15	16	1.708784	401	32	0
15	18	1.550480	571	14	0
15	22	2.496980	354	0	2
22	1	2.000000	231	20	1
22	3	1.082667	174	21	0
22	4	2.964885	299	20	0
22	6	6.297065	451	14	0
22	9	0.750552	122	15	0
22	8	5.599590	163	24	0
22	10	8.015343	562	16	0
22	12	2.982613	272	12	0
22	14	1.003638	247	13	0
22	16	3.457837	442	24	0
22	6	3.800822	172	23	0
22	17	6.635792	271	20	0
22	18	3.254535	666	19	0
22	21	1.277250	311	17	0
22	24	2.913439	132	19	0
22	22	4.118532	513	0	2
25	1	2.000000	153	28	1
25	2	2.550973	344	23	0
25	4	2.716344	143	19	0
25	5	2.693452	360	15	0
25	7	5.254530	472	21	0
25	10	5.730716	334	26	0
25	14	1.119450	97	22	0
25	15	7.361002	249	20	0
25	1	1.894373	115	16	0
25	13	2.374796	293	17	0
25	17	3.470043	369	16	0
25	19	1.030940	343	22	0
25	23	2.072606	210	20	0
25	22	1.282885	124	0	2
28	1	2.000000	181	16	1
28	3	4.348512	496	19	0
28	6	1.840058	94	22	0
28	7	3.055718	357	16	0
28	9	1.744127	306	23	0
28	11	3.362452	383	15	0
28	13	7.748432	283	13	0
28	14	3.705867	305	22	0
28	18	2.303903	201	26	0
28	20	0.474806	78	15	0
28	5	0.927347	149	21	0
28	22	8.005141	223	21	0
28	22	3.906576	155	0	2
31	1	2.000000	162	30	1
31	3	0.564607	122	20	0
31	5	1.503640	363	18	0
31	6	3.682011	472	21	0
31	7	2.875197	124	16	0
31	8	5.295183	520	16	0
31	11	1.404499	400	15	0
31	13	5.378385	378	24	0
31	15	4.444804	301	14	0
31	16	4.368154	577	20	0
31	19	8.198795	194	20	0
31	22	0.371466	174	21	0
31	22	3.313626	183	0	2
38	1	2.000000	347	23	1
38	3	4.711842	73	11	0
38	5	0.191262	425	18	0
38	7	3.066397	344	24	0
38	8	4.276787	361	20	0
38	10	6.971534	304	19	0
38	13	1.023228	392	15	0
38	16	1.702898	116	16	0
38	14	0.782208	330	12	0
38	17	1.658540	176	24	0
38	13	6.076955	150	14	0
38	17	3.990153	402	16	0
38	20	0.471552	310	16	0
38	22	2.686685	310	27	0
38	23	4.819151	313	0	2
41	1	2.000000	246	27	1
41	3	0.553042	258	22	0
41	5	3.765814	344	13	0
41	7	1.304283	384	22	0
41	8	5.258140	311	16	0
41	10	2.020146	265	21	0
41	13	4.778100	159	19	0
41	15	4.731829	235	15	0
41	16	4.301366	317	18	0
41	18	0.199347	78	19	0
41	18	3.731379	124	27	0
41	20	2.600115	320	24	0
41	22	3.121164	189	18	0
41	23	6.093982	225	0	2
44	1	2.000000	163	21	1
44	2	4.061188	501	17	0
44	5	3.800611	347	25	0
44	7	5.321658	90	10	0
44	8	4.399732	160	15	0
44	8	1.324901	163	17	0
44	10	5.037626	270	25	0
44	11	3.809045	372	23	0
44	13	4.721308	471	18	0
44	14	6.899814	316	24	0
44	15	1.681489	291	14	0
44	16	5.481552	540	28	0
44	17	3.494135	492	21	0
44	21	2.064689	288	23	0
44	22	6.827711	701	0	2
47	1	2.000000	216	31	1
47	4	1.560015	165	22	0
47	6	0.584583	134	16	0
47	6	4.265505	199	14	0
47	7	3.133350	497	17	0
47	10	0.156371	118	22	0
47	10	5.122925	156	21	0
47	8	6.623637	345	20	0
47	11	3.743317	334	16	0
47	13	9.081781	422	21	0
47	14	5.231050	384	14	0
47	16	6.176225	372	25	0
47	15	7.578856	214	23	0
47	18	1.671260	181	21	0
47	21	0.755350	102	24	0
47	22	5.855937	260	0	2
54	1	2.000000	201	24	1
54	3	3.683111	400	19	0
54	7	2.310712	316	20	0
54	10	0.391739	117	15	0
54	11	2.479807	452	22	0
54	13	4.835452	265	17	0
54	13	1.767901	258	21	0
54	15	2.370335	245	26	0
54	20	0.926490	97	21	0
54	18	3.011715	453	24	0
54	16	2.734905	132	24	0
54	21	1.648546	134	19	0
54	23	6.753029	209	15	0
54	23	1.174910	119	0	2
57	1	2.000000	170	19	1
57	4	1.502477	86	21	0
57	5	3.705033	363	31	0
57	7	4.718687	176	17	0
57	6	5.168018	278	22	0
57	8	7.611926	297	13	0
57	8	3.176675	250	16	0
57	11	3.514413	152	17	0
57	13	5.272171	458	14	0
57	16	1.040037	124	14	0
57	16	4.516140	206	15	0
57	17	4.451197	119	22	0
57	18	5.700516	523	21	0
57	23	0.276909	98	16	0
57	23	3.861168	169	21	0
57	22	2.460891	150	0	2
60	1	2.000000	189	16	1
60	2	1.299490	127	17	0
60	3	5.463720	375	14	0
60	6	3.320620	413	21	0
60	7	3.791735	271	14	0
60	8	5.615569	281	24	0
60	10	6.530669	293	17	0
60	8	7.562704	283	14	0
60	13	8.769267	294	19	0
60	14	2.924218	412	19	0
60	16	1.766361	268	21	0
60	16	5.346875	170	22	0
60	19	2.000131	656	21	0
60	20	2.865682	142	28	0
60	21	3.903858	368	0	2
63	1	2.000000	158	12	1
63	2	1.961769	235	17	0
63	4	2.006321	262	20	0
63	6	6.710452	390	19	0
63	8	2.586728	388	16	0
63	11	1.491061	129	18	0
63	11	1.271254	174	17	0
63	13	4.757989	358	23	0
63	16	0.041232	116	16	0
63	16	6.563178	175	14	0
63	18	3.740534	218	12	0
63	19	8.161979	288	19	0
63	22	3.434656	402	17	0
63	23	3.814703	374	0	2
70	1	2.000000	203	27	1
70	2	3.840173	388	22	0
70	3	7.998415	404	21	0
70	5	3.006632	331	17	0
70	6	5.976062	396	19	0
70	8	1.638552	370	20	0
70	9	2.619860	395	21	0
70	13	4.265963	134	22	0
70	12	3.316689	361	12	0
70	14	0.377167	222	24	0
70	15	3.781780	413	15	0
70	16	3.166163	298	20	0
70	17	3.094868	301	13	0
70	19	3.873364	397	21	0
70	23	1.217345	449	0	2
73	1	2.000000	154	24	1
73	2	1.434138	118	21	0
73	3	4.556359	534	23	0
73	7	0.207701	119	11	0
73	6	1.146434	430	26	0
73	7	4.414411	359	15	0
73	10	1.128296	223	22	0
73	11	3.412411	530	18	0
73	13	5.790852	250	13	0
73	4	2.528051	131	25	0
73	12	0.671134	130	18	0
73	16	1.101124	126	16	0
73	16	6.435512	176	15	0
73	16	3.803698	200	21	0
73	17	2.902504	451	19	0
73	18	3.097304	164	20	0
73	20	4.424721	297	20	0
73	23	4.749216	273	0	2
76	1	2.000000	400	18	1
76	3	6.470093	319	13	0
76	5	2.976810	366	17	0
76	6	5.543708	233	21	0
76	7	3.398301	350	18	0
76	9	3.913635	324	24	0
76	11	4.680106	269	19	0
76	14	4.597713	365	16	0
76	13	4.283651	287	21	0
76	16	0.729010	378	20	0
76	17	3.891557	333	21	0
76	18	1.347615	285	23	0
76	19	5.769414	164	28	0
76	21	0.871360	392	0	2
79	1	2.000000	228	22	1
79	2	2.898716	245	18	0
79	3	5.023460	141	19	0
79	5	0.820659	121	18	0
79	6	0.738571	99	25	0
79	6	6.384910	192	22	0
79	7	4.251724	261	26	0
79	9	2.877823	374	16	0
79	11	0.339287	405	21	0
79	13	3.678435	391	17	0
79	15	9.518358	412	20	0
79	11	0.076722	178	25	0
79	16	3.708070	125	18	0
79	17	1.929902	617	19	0
79	19	6.972310	161	17	0
79	20	3.589945	456	19	0
79	23	5.607386	210	18	0
79	23	7.912056	189	0	2
86	1	2.000000	251	13	1
86	4	4.285914	135	21	0
86	4	0.421551	236	28	0
86	5	2.898112	146	21	0
86	7	5.179231	443	14	0
86	10	1.271689	474	24	0
86	13	0.192151	114	17	0
86	14	3.442737	296	17	0
86	17	4.862513	210	21	0
86	13	4.471752	488	19	0
86	18	4.238921	135	20	0
86	20	2.217024	194	17	0
86	22	1.625281	301	20	0
86	23	6.019110	474	0	2
89	1	2.000000	209	21	1
89	5	1.396105	111	20	0
89	6	3.452265	451	14	0
89	7	2.357749	370	19	0
89	8	5.049295	505	26	0
89	10	3.596297	324	21	0
89	12	3.279343	206	23	0
89	13	7.287636	599	19	0
89	17	1.543718	128	23	0
89	18	3.481478	484	15	0
89	21	0.357019	118	22	0
89	22	2.129737	418	22	0
89	24	2.404260	327	0	2
92	1	2.000000	222	15	1
92	2	1.549013	303	21	0
92	5	0.767532	168	16	0
92	6	0.256322	172	20	0
92	6	5.537264	277	19	0
92	6	5.727399	287	18	0
92	8	9.614377	69	18	0
92	8	9.762895	176	20	0
92	10	0.747165	313	16	0
92	12	1.531606	414	23	0
92	14	1.873770	167	26	0
92	15	4.039703	429	16	0
92	10	3.194263	116	22	0
92	18	0.179449	348	14	0
92	19	4.182781	292	24	0
92	21	2.057483	203	17	0
92	22	3.030180	349	0	2
95	1	2.000000	233	10	1
95	3	5.976557	194	18	0
95	5	0.308317	144	21	0
95	7	2.020731	339	22	0
95	6	2.958149	263	19	0
95	10	0.426047	135	18	0
95	11	2.146201	248	23	0
95	14	0.013020	168	19	0
95	15	3.381054	461	15	0
95	16	0.902720	316	18	0
95	17	4.414507	535	16	0
95	21	3.668034	447	18	0
95	23	4.373012	407	0	2
102	1	2.000000	127	24	1
102	2	0.770955	123	17	0
102	3	6.788845	322	33	0
102	6	8.667977	153	18	0
102	7	3.792140	368	24	0
102	8	4.826407	413	17	0
102	9	3.342097	294	21	0
102	8	7.463468	310	21	0
102	12	1.353869	346	24	0
102	15	3.886874	466	17	0
102	16	1.573043	510	17	0
102	11	3.008824	150	13	0
102	20	3.185095	181	20	0
102	21	0.556308	137	18	0
102	22	1.567665	401	0	2
105	1	2.000000	197	20	1
105	3	3.437842	246	20	0
105	6	0.791837	175	23	0
105	7	3.652625	333	20	0
105	8	6.148633	320	17	0
105	9	2.680806	378	24	0
105	13	1.202260	246	21	0
105	15	5.507912	308	17	0
105	17	7.519502	461	21	0
105	19	2.544778	342	23	0
105	21	0.414456	142	27	0
105	22	2.505145	254	21	0
105	23	4.376028	280	0	2
108	1	2.000000	236	22	1
108	3	4.138091	378	17	0
108	4	3.275956	150	20	0
108	7	0.360282	124	24	0
108	6	3.973552	537	29	0
108	8	3.162903	364	20	0
108	9	4.403379	151	21	0
108	11	4.575940	447	16	0
108	14	4.629703	185	23	0
108	15	3.548904	523	12	0
108	16	2.518951	361	13	0
108	17	3.188516	438	15	0
108	20	2.490760	193	13	0
108	21	2.836320	530	0	2
111	1	2.000000	242	17	1
111	3	1.413347	135	19	0
111	5	2.618091	355	19	0
111	6	6.040491	261	21	0
111	7	4.490673	309	14	0
111	8	6.181451	402	19	0
111	10	4.629275	399	25	0
111	13	2.464177	183	29	0
111	14	1.854837	329	19	0
111	15	5.421753	643	26	0
111	17	4.845804	232	17	0
111	17	0.404259	185	32	0
111	20	1.952659	143	13	0
111	22	0.695769	143	17	0
111	22	5.952592	153	0	2
118	1	2.000000	191	17	1
118	1	1.015484	139	17	0
118	3	4.579332	263	27	0
118	4	3.476245	267	31	0
118	6	5.493145	328	23	0
118	8	3.072324	183	23	0
118	10	2.259194	575	12	0
118	11	3.554655	355	22	0
118	13	5.514226	135	21	0
118	14	3.186242	444	21	0
118	16	1.972079	363	11	0
118	17	3.741564	409	19	0
118	21	3.191762	119	14	0
118	23	0.389464	106	24	0
118	8	1.899372	101	23	0
118	23	3.556500	515	26	0
118	2	3.246711	115	15	0
118	23	0.407330	145	15	0
118	5	0.440942	202	21	0
118	19	2.390586	266	0	2
121	1	2.000000	169	21	1
121	2	2.807152	206	17	0
121	3	4.860076	360	13	0
121	6	7.927488	567	28	0
121	8	2.625308	268	17	0
121	9	2.144426	673	13	0
121	13	0.836896	152	27	0
121	11	2.565400	229	15	0
121	14	2.287009	476	23	0
121	15	3.079219	400	20	0
121	17	6.993049	277	22	0
121	20	5.209739	231	22	0
121	21	1.696567	394	17	0
121	23	4.394707	333	0	2
124	1	2.000000	196	34	1
124	2	0.343234	151	21	0
124	4	3.279490	273	27	0
124	6	5.820808	287	24	0
124	7	4.685064	238	12	0
124	8	6.210680	180	23	0
124	9	2.201926	370	20	0
124	12	3.884382	108	14	0
124	13	6.376671	524	18	0
124	16	6.089345	133	15	0
124	16	4.530971	234	20	0
124	15	6.991701	354	32	0
124	19	0.242991	322	21	0
124	20	2.262633	254	19	0
124	21	4.643647	452	0	2
127	1	2.000000	176	17	1
127	3	5.584328	287	17	0
127	4	4.932832	348	17	0
127	6	7.865958	225	16	0
127	8	7.846417	333	20	0
127	6	5.072805	444	16	0
127	13	6.864556	139	18	0
127	14	4.065548	328	18	0
127	3	6.738384	191	13	0
127	11	2.935859	548	26	0
127	16	7.278618	189	11	0
127	16	3.631584	166	16	0
127	19	1.877473	597	17	0
127	20	4.231634	266	21	0
127	23	3.974999	286	0	2
134	1	2.000000	211	19	1
134	2	3.180041	283	15	0
134	4	2.532211	147	17	0
134	5	3.631957	412	21	0
134	7	1.228047	244	22	0
134	8	4.108537	440	22	0
134	10	6.111240	311	22	0
134	14	1.226228	140	22	0
134	15	1.399646	163	14	0
134	16	6.310345	354	19	0
134	17	4.028219	394	21	0
134	19	0.127555	270	18	0
134	20	5.871257	367	16	0
134	23	2.988393	351	0	2
137	1	2.000000	230	20	1
137	2	2.180215	229	17	0
137	4	3.462044	382	19	0
137	6	6.329404	338	17	0
137	8	1.446508	357	18	0
137	10	4.596321	338	24	0
137	8	3.813037	294	16	0
137	15	2.800233	156	22	0
137	14	3.151037	317	21	0
137	16	5.122548	389	20	0
137	17	4.033488	478	22	0
137	20	1.793883	296	13	0
137	22	1.793645	169	15	0
137	23	2.071739	340	0	2
140	1	2.000000	186	19	1
140	2	1.178952	143	19	0
140	4	0.178898	225	17	0
140	6	9.308870	353	18	0
140	9	0.394813	131	16	0
140	8	1.797507	435	17	0
140	12	1.191601	120	26	0
140	11	2.466141	273	23	0
140	13	8.769772	201	20	0
140	14	2.009737	271	11	0
140	15	7.069063	424	18	0
140	13	11.998262	125	29	0
140	19	0.725660	131	17	0
140	19	5.392633	158	22	0
140	21	0.718245	129	27	0
140	22	4.068269	729	0	2
143	1	2.000000	201	21	1
143	3	1.616943	388	21	0
143	4	4.651726	134	15	0
143	6	2.412604	288	18	0
143	7	1.148565	287	20	0
143	8	5.819629	312	17	0
143	10	4.844226	300	22	0
143	13	6.596330	109	21	0
143	14	5.765212	384	12	0
143	15	4.941625	338	30	0
143	7	2.349484	149	22	0
143	18	0.851798	105	22	0
143	17	1.606573	324	30	0
143	21	0.883445	153	12	0
143	22	4.595273	519	0	2
150	1	2.000000	278	21	1
150	3	3.912389	161	23	0
150	4	2.551871	307	12	0
150	6	5.902889	282	22	0
150	7	5.572121	185	18	0
150	8	5.351921	200	19	0
150	10	4.058351	384	21	0
150	13	5.069750	218	14	0
150	14	3.343483	137	22	0
150	15	4.735908	495	21	0
150	17	4.046921	575	11	0
150	18	2.649083	291	20	0
150	20	8.008339	300	21	0
150	20	13.629983	126	21	0
150	22	5.629163	342	0	2
153	1	2.000000	171	28	1
153	2	0.729384	117	23	0
153	3	3.013404	466	16	0
153	6	4.584903	379	12	0
153	7	3.977309	371	25	0
153	10	0.260129	132	21	0
153	8	4.804043	219	25	0
153	9	2.013248	309	22	0
153	13	2.276038	215	19	0
153	12	1.290726	297	19	0
153	15	4.961344	353	21	0
153	19	2.499252	113	21	0
153	20	6.980894	451	25	0
153	3	2.510183	189	21	0
153	16	1.784061	207	18	0
153	18	1.611870	155	24	0
153	21	0.465261	202	17	0
153	21	5.550797	177	23	0
153	23	4.479542	509	0	2
156	1	2.000000	224	15	1
156	3	4.306445	195	17	0
156	4	4.604238	390	20	0
156	6	4.107902	492	15	0
156	7	1.852668	450	19	0
156	7	4.100199	197	19	0
156	8	5.658799	409	19	0
156	10	4.738022	530	22	0
156	11	3.564674	534	12	0
156	13	3.448941	274	26	0
156	14	4.075480	409	17	0
156	15	5.182072	279	10	0
156	9	3.619732	152	21	0
156	15	8.840646	159	20	0
156	19	4.881105	183	18	0
156	19	1.196139	206	10	0
156	21	4.553035	335	0	2
159	1	2.000000	195	12	1
159	2	3.487340	452	10	0
159	6	4.162569	235	20	0
159	5	3.258152	595	12	0
159	9	3.720871	129	25	0
159	8	3.741050	373	20	0
159	11	0.517409	300	16	0
159	13	0.950464	383	24	0
159	14	4.355133	148	19	0
159	14	8.161113	209	25	0
159	15	4.016141	356	11	0
159	16	2.347741	371	20	0
159	18	2.374983	372	25	0
159	19	4.795365	336	16	0
159	21	2.317989	422	0	2
166	1	2.000000	187	19	1
166	3	3.590718	277	20	0
166	6	1.390774	124	17	0
166	6	4.394020	142	18	0
166	9	0.263267	163	24	0
166	10	4.554667	416	17	0
166	13	3.871881	382	15	0
166	15	5.826338	470	20	0
166	18	0.177913	276	20	0
166	23	0.223102	154	20	0
166	23	4.143378	198	0	2
