10	1	2.000000	218	23	1
10	2	3.518123	804	21	0
10	4	3.549701	536	26	0
10	7	4.191634	534	17	0
10	8	4.641587	618	22	0
10	6	4.545853	562	18	0
10	8	3.509566	657	17	0
10	8	1.505826	195	17	0
10	9	1.251239	404	17	0
10	10	4.838041	657	19	0
10	8	5.421851	815	16	0
10	8	3.301651	282	13	0
10	8	0.434198	242	19	0
10	10	9.413922	507	14	0
10	2	6.346114	360	24	0
10	9	1.294022	295	16	0
10	13	2.574459	218	20	0
10	15	5.968062	698	23	0
10	13	4.339045	349	16	0
10	13	7.716390	177	11	0
10	14	3.878216	472	14	0
10	14	0.638747	179	27	0
10	14	3.202970	184	15	0
10	13	2.575752	555	23	0
10	16	0.891776	313	23	0
10	18	0.532194	485	15	0
10	17	5.918973	518	22	0
10	17	7.191131	122	14	0
10	17	4.656902	216	21	0
10	17	7.747656	200	35	0
10	17	6.132228	179	21	0
10	17	4.026473	173	18	0
10	17	7.043109	136	17	0
10	18	5.171828	595	20	0
10	18	0.515212	202	12	0
10	15	8.139569	238	33	0
10	19	0.075561	729	17	0
10	17	7.432424	428	22	0
10	18	3.903287	323	16	0
10	18	5.566276	211	16	0
10	18	1.789055	229	16	0
10	18	3.990205	183	18	0
10	8	7.293202	329	18	0
10	17	4.613749	277	16	0
10	17	8.182192	192	24	0
10	17	4.873327	194	10	0
10	18	2.744735	376	24	0
10	2	3.123357	267	15	0
10	17	5.625018	278	14	0
10	20	0.179717	324	20	0
10	22	2.129889	951	0	2
13	1	2.000000	164	27	1
13	4	4.315393	945	22	0
13	6	0.175053	214	14	0
13	5	3.347647	482	19	0
13	6	4.710008	588	19	0
13	7	4.438797	758	18	0
13	10	5.087415	545	19	0
13	8	4.553375	752	19	0
13	9	3.336275	243	21	0
13	13	7.013237	338	24	0
13	12	1.545087	728	18	0
13	15	0.481999	370	15	0
13	14	3.816051	441	25	0
13	13	6.693976	590	20	0
13	16	7.479490	282	16	0
13	17	5.220681	599	15	0
13	17	3.140782	227	23	0
13	17	2.744996	229	21	0
13	17	2.583209	168	20	0
13	17	6.629623	223	21	0
13	18	2.970753	434	17	0
13	19	3.964117	650	20	0
13	23	2.372707	289	31	0
13	24	4.085707	706	13	0
13	8	2.458659	337	15	0
13	17	7.908928	197	19	0
13	21	2.335674	649	0	2
16	1	2.000000	183	21	1
16	2	2.834320	840	20	0
16	3	5.649204	692	20	0
16	6	7.953606	687	18	0
16	5	2.490656	505	29	0
16	8	0.218311	278	26	0
16	9	2.915559	437	22	0
16	10	5.414123	861	15	0
16	11	5.677805	283	20	0
16	14	0.800844	648	18	0
16	14	4.761493	254	19	0
16	15	12.630043	449	17	0
16	16	4.160296	744	25	0
16	17	0.070834	275	16	0
16	14	1.510739	231	22	0
16	17	3.172426	430	14	0
16	1	2.735489	271	20	0
16	17	1.901177	212	19	0
16	15	6.801727	403	25	0
16	19	3.241041	257	16	0
16	20	1.269855	384	22	0
16	22	7.563240	714	0	2
19	1	2.000000	245	23	1
19	4	3.547079	489	18	0
19	3	4.960412	495	16	0
19	7	5.265721	878	22	0
19	6	3.449726	359	18	0
19	10	0.338434	295	20	0
19	8	4.467220	398	20	0
19	6	3.038330	572	20	0
19	10	4.318926	231	18	0
19	11	2.733136	556	17	0
19	14	0.219019	255	15	0
19	14	5.453415	273	20	0
19	15	5.435860	407	25	0
19	16	5.358867	551	27	0
19	16	2.175386	256	17	0
19	17	1.752713	548	17	0
19	17	3.869165	243	15	0
19	16	5.592735	439	19	0
19	16	3.503726	233	17	0
19	10	1.812002	199	13	0
19	16	5.337620	188	22	0
19	17	5.598067	492	15	0
19	16	6.043368	443	24	0
19	16	3.677191	277	19	0
19	4	2.655902	225	15	0
19	16	0.507416	445	13	0
19	19	0.024737	244	21	0
19	18	3.147025	392	21	0
19	10	9.258828	259	12	0
19	21	0.338159	189	14	0
19	21	5.736334	161	12	0
19	22	3.128305	542	0	2
26	1	2.000000	261	16	1
26	3	6.248183	1071	13	0
26	3	3.774017	266	18	0
26	5	2.035411	433	21	0
26	7	1.984207	844	37	0
26	6	5.586284	196	18	0
26	9	3.954398	892	25	0
26	10	5.394852	598	13	0
26	13	7.310578	464	12	0
26	14	2.554173	724	21	0
26	13	5.090363	562	22	0
26	12	3.998026	700	19	0
26	16	3.723261	691	20	0
26	16	2.205520	192	17	0
26	18	2.773008	810	20	0
26	17	4.810154	577	21	0
26	20	0.280116	231	26	0
26	20	5.576903	219	21	0
26	22	0.972003	245	28	0
26	21	1.413043	733	19	0
26	22	0.946244	269	15	0
26	19	0.935045	493	25	0
26	22	1.405981	232	16	0
26	15	1.347669	232	23	0
26	20	0.717575	272	17	0
26	19	2.449585	547	17	0
26	17	3.137681	478	19	0
26	19	3.608405	333	22	0
26	21	0.130859	493	16	0
26	22	3.506964	480	14	0
26	21	2.224370	719	17	0
26	22	3.648571	326	17	0
26	19	1.001688	577	16	0
26	18	3.381869	326	14	0
26	21	0.945700	185	17	0
26	20	1.427936	239	14	0
26	18	2.785547	431	19	0
26	5	2.856119	236	17	0
26	18	5.832435	313	17	0
26	22	0.048963	259	18	0
26	2	3.672066	252	21	0
26	23	3.958719	557	22	0
26	18	3.019429	232	24	0
26	18	1.661731	177	20	0
26	22	1.344296	181	23	0
26	23	7.598173	351	16	0
26	4	3.290934	251	23	0
26	23	2.289766	400	15	0
26	17	4.017977	374	15	0
26	16	5.969254	384	21	0
26	22	3.464997	250	21	0
26	18	1.597212	332	18	0
26	23	8.540353	401	22	0
26	21	1.426764	504	19	0
26	4	2.113535	224	14	0
26	6	8.795264	534	16	0
26	16	3.220828	235	18	0
26	21	2.859446	215	20	0
26	15	6.412876	243	19	0
26	20	3.498203	225	15	0
26	23	4.008099	527	23	0
26	22	0.690902	503	19	0
26	3	9.482347	237	18	0
26	15	5.338610	226	27	0
26	9	1.248496	183	34	0
26	15	6.547276	181	14	0
26	4	1.382521	202	18	0
26	19	2.586086	226	22	0
26	23	1.721537	353	13	0
26	21	2.782157	540	17	0
26	22	3.095352	343	16	0
26	23	5.421164	632	18	0
26	1	0.420899	277	24	0
26	6	1.003508	310	25	0
26	13	0.584261	483	26	0
26	19	3.939370	180	16	0
26	15	5.976955	329	23	0
26	15	2.560978	272	0	2
29	1	2.000000	228	23	1
29	4	4.470482	553	17	0
29	3	5.149996	775	13	0
29	5	1.645457	310	21	0
29	6	5.310572	336	21	0
29	7	4.457782	893	27	0
29	10	0.769711	759	17	0
29	12	2.773995	614	15	0
29	13	5.606209	723	29	0
29	16	2.425900	347	20	0
29	15	5.911520	863	22	0
29	16	3.340309	659	27	0
29	16	2.615623	221	31	0
29	18	2.582736	323	22	0
29	17	3.976555	752	29	0
29	9	1.449097	233	24	0
29	15	11.680807	249	23	0
29	17	6.746679	459	15	0
29	17	2.994994	160	33	0
29	17	6.107151	265	12	0
29	17	1.520614	124	23	0
29	19	0.317020	486	18	0
29	17	4.600668	765	25	0
29	17	1.936215	198	19	0
29	20	2.023401	335	21	0
29	1	0.208251	201	20	0
29	17	1.267587	197	25	0
29	19	3.634494	689	25	0
29	17	4.633711	908	23	0
29	22	0.104967	273	14	0
29	10	1.224076	214	26	0
29	21	2.172660	251	20	0
29	23	1.630372	221	0	2
32	1	2.000000	277	19	1
32	2	3.655091	326	22	0
32	5	2.299308	504	23	0
32	6	7.095502	663	16	0
32	7	4.328678	788	29	0
32	9	2.124773	638	19	0
32	11	1.745927	479	17	0
32	12	1.929333	617	18	0
32	16	3.150439	601	19	0
32	16	6.931844	219	20	0
32	18	0.934829	211	16	0
32	8	7.953063	176	17	0
32	16	0.899638	512	26	0
32	19	9.367538	691	17	0
32	9	3.083754	286	19	0
32	14	1.311253	640	13	0
32	21	1.150936	230	15	0
32	22	3.829558	769	0	2
35	1	2.000000	212	15	1
35	2	2.907086	457	17	0
35	6	0.421417	266	20	0
35	4	3.487184	795	19	0
35	8	3.447644	210	23	0
35	7	2.598552	796	17	0
35	8	5.536586	238	17	0
35	10	7.378012	540	20	0
35	11	3.206477	524	17	0
35	10	4.699134	425	14	0
35	13	2.926226	189	25	0
35	13	5.188609	243	16	0
35	16	1.749746	216	22	0
35	15	4.234985	471	17	0
35	19	1.711110	172	13	0
35	19	1.046218	233	18	0
35	9	3.444782	240	24	0
35	15	6.164192	171	16	0
35	19	8.995920	643	31	0
35	18	2.823255	401	21	0
35	20	1.074580	301	19	0
35	22	2.625917	333	0	2
42	1	2.000000	196	18	1
42	2	5.916440	250	17	0
42	4	3.852425	331	20	0
42	7	4.429324	530	19	0
42	8	6.966626	654	15	0
42	6	5.874638	678	11	0
42	12	1.722401	272	17	0
42	13	5.667164	452	22	0
42	11	3.864053	544	24	0
42	10	3.502687	646	20	0
42	7	5.786568	211	16	0
42	11	2.968943	296	11	0
42	13	6.375555	595	25	0
42	2	6.457865	349	21	0
42	8	1.065153	181	14	0
42	13	1.811838	648	13	0
42	12	3.333123	287	26	0
42	13	6.894000	498	14	0
42	13	8.868906	203	31	0
42	12	0.323299	243	16	0
42	13	5.421816	384	22	0
42	13	8.086467	176	17	0
42	2	6.382516	229	21	0
42	16	0.825129	201	14	0
42	16	5.297832	157	15	0
42	18	2.761589	576	23	0
42	17	3.241455	367	25	0
42	18	5.519990	769	22	0
42	17	2.212530	681	23	0
42	17	4.796065	153	19	0
42	17	1.019418	319	19	0
42	9	2.686070	273	28	0
42	17	0.533886	567	19	0
42	17	4.977890	184	16	0
42	13	5.133597	620	21	0
42	17	4.154590	222	17	0
42	11	1.588043	331	16	0
42	23	4.254843	320	27	0
42	23	5.794135	162	20	0
42	23	3.149449	224	24	0
42	14	2.201384	262	18	0
42	23	3.252533	248	20	0
42	11	3.142170	282	14	0
42	17	3.019953	282	19	0
42	20	4.159432	751	0	2
45	1	2.000000	190	19	1
45	3	0.070088	277	21	0
45	4	3.444755	298	22	0
45	7	3.749637	559	22	0
45	8	4.289411	874	20	0
45	6	2.114930	500	17	0
45	12	2.197506	243	17	0
45	13	6.893905	545	18	0
45	4	1.691305	279	14	0
45	9	0.842957	306	19	0
45	10	5.415321	451	23	0
45	10	1.721702	173	15	0
45	10	0.817476	228	19	0
45	2	6.312256	244	19	0
45	7	3.175045	233	21	0
45	8	4.738907	547	26	0
45	8	1.416540	221	17	0
45	14	2.051211	247	16	0
45	11	3.308926	376	15	0
45	10	2.459889	483	12	0
45	13	5.014316	367	17	0
45	13	5.363088	228	29	0
45	4	4.265331	110	16	0
45	6	1.866955	598	17	0
45	10	0.675515	728	13	0
45	15	6.815291	635	10	0
45	17	9.155802	431	18	0
45	18	3.878851	618	20	0
45	19	3.878487	328	19	0
45	22	1.351414	660	24	0
45	23	4.534629	490	0	2
48	1	2.000000	169	20	1
48	3	5.039319	622	19	0
48	6	4.784315	300	25	0
48	7	3.754189	647	24	0
48	5	0.758942	418	28	0
48	10	3.367360	465	15	0
48	9	3.194212	446	21	0
48	12	0.895193	163	22	0
48	13	5.635356	469	23	0
48	13	3.532301	227	18	0
48	13	6.365204	196	21	0
48	16	0.979691	621	20	0
48	15	4.790807	651	18	0
48	14	2.816846	676	12	0
48	16	2.635735	719	18	0
48	16	7.508286	226	18	0
48	19	3.092656	256	23	0
48	22	5.461515	500	18	0
48	20	0.501048	572	0	2
51	1	2.000000	183	19	1
51	3	1.085283	207	21	0
51	4	2.943618	405	22	0
51	7	4.683895	717	22	0
51	6	5.066559	325	16	0
51	8	6.573625	211	11	0
51	10	2.073139	341	30	0
51	11	0.729732	251	16	0
51	8	3.199849	743	12	0
51	13	3.073209	253	17	0
51	14	5.137619	577	20	0
51	15	7.904537	536	19	0
51	8	3.005007	181	11	0
51	15	4.527245	211	20	0
51	16	2.772189	430	25	0
51	16	1.381849	174	22	0
51	6	4.273563	328	14	0
51	16	2.941438	260	24	0
51	14	4.954598	245	24	0
51	6	3.155900	234	20	0
51	6	5.436114	214	23	0
51	15	5.289479	226	20	0
51	16	5.024728	169	22	0
51	17	4.404533	525	23	0
51	16	3.444505	562	20	0
51	17	3.781499	475	21	0
51	19	0.058279	220	21	0
51	20	0.107523	325	17	0
51	21	1.354151	253	17	0
51	22	4.503929	318	19	0
51	20	2.975285	957	19	0
51	19	3.122622	248	25	0
51	22	1.884121	270	17	0
51	2	3.753041	210	25	0
51	15	1.683420	323	20	0
51	11	0.911430	282	21	0
51	20	0.393543	217	22	0
51	11	5.170345	259	21	0
51	22	3.603801	189	22	0
51	11	2.447764	206	0	2
58	1	2.000000	99	20	1
58	3	0.086807	218	16	0
58	3	3.357608	202	21	0
58	3	3.334388	273	20	0
58	3	3.093776	155	14	0
58	5	2.622515	703	16	0
58	6	4.457887	843	23	0
58	6	7.727561	162	15	0
58	7	4.833848	601	17	0
58	8	4.953622	845	14	0
58	9	1.878821	301	25	0
58	10	5.220081	639	15	0
58	8	5.091511	539	25	0
58	10	6.230595	466	22	0
58	12	3.817471	362	12	0
58	14	3.994598	452	18	0
58	18	3.000508	244	16	0
58	17	3.527002	635	19	0
58	15	7.292309	254	16	0
58	13	5.176009	273	14	0
58	17	4.127312	330	25	0
58	20	4.592908	158	20	0
58	23	1.826740	1106	0	2
61	1	2.000000	150	13	1
61	3	1.882261	260	24	0
61	5	3.942495	387	16	0
61	6	4.788164	436	24	0
61	7	5.739196	860	21	0
61	8	4.534303	657	15	0
61	10	7.804499	479	22	0
61	3	0.070569	321	25	0
61	10	2.082620	291	16	0
61	11	3.228109	313	35	0
61	12	3.814647	266	19	0
61	13	6.413919	281	15	0
61	14	3.142418	867	24	0
61	17	1.170428	216	21	0
61	17	5.770179	165	21	0
61	18	5.109991	631	18	0
61	20	7.970666	606	21	0
61	22	1.780233	439	13	0
61	23	3.418692	827	0	2
64	1	2.000000	244	24	1
64	2	3.497204	651	28	0
64	4	2.786407	659	23	0
64	6	3.650816	590	15	0
64	6	3.248280	188	21	0
64	8	3.883664	714	11	0
64	7	2.808258	400	23	0
64	8	4.831203	874	28	0
64	11	4.504492	522	23	0
64	10	1.869272	551	17	0
64	10	0.829497	193	29	0
64	13	1.773018	227	25	0
64	8	0.976916	387	13	0
64	8	5.197596	201	17	0
64	8	0.297993	257	23	0
64	14	2.146431	657	19	0
64	15	5.245971	612	17	0
64	15	3.701304	209	17	0
64	18	2.284339	249	20	0
64	19	7.836678	667	14	0
64	18	0.309709	306	20	0
64	16	8.185882	281	18	0
64	16	4.713418	256	14	0
64	16	8.571737	207	13	0
64	16	3.260985	220	15	0
64	16	2.982588	182	17	0
64	16	2.025133	118	18	0
64	16	8.305892	138	19	0
64	16	9.070126	187	17	0
64	16	10.952380	235	22	0
64	11	1.009721	242	19	0
64	16	8.720441	597	21	0
64	16	4.502796	159	19	0
64	6	0.670803	234	17	0
64	8	1.880084	306	20	0
64	15	4.252784	213	23	0
64	16	4.605713	536	19	0
64	16	4.267660	209	21	0
64	16	8.665434	181	18	0
64	16	9.723468	204	22	0
64	16	7.345360	304	16	0
64	16	7.878056	215	16	0
64	16	5.577407	220	12	0
64	10	3.721585	307	13	0
64	17	1.976936	198	21	0
64	6	1.693607	277	28	0
64	16	10.466060	439	19	0
64	16	7.052605	155	14	0
64	16	3.717483	143	14	0
64	16	2.858857	208	23	0
64	16	2.213836	225	21	0
64	16	1.846255	138	19	0
64	16	6.246827	138	26	0
64	16	4.550035	176	12	0
64	6	6.359639	243	24	0
64	15	5.949192	279	16	0
64	8	5.180533	167	16	0
64	6	5.614434	377	18	0
64	15	4.088239	208	23	0
64	16	5.248051	581	24	0
64	16	7.494957	193	17	0
64	10	3.454457	203	15	0
64	16	5.299610	367	22	0
64	16	7.623366	197	21	0
64	16	4.263630	190	18	0
64	16	3.836815	198	27	0
64	16	3.372277	169	20	0
64	16	3.312159	140	13	0
64	16	7.039172	294	25	0
64	16	8.119791	161	23	0
64	16	1.630657	234	16	0
64	16	8.195416	184	21	0
64	11	5.641431	312	15	0
64	1	2.343539	853	14	0
64	5	3.119019	310	15	0
64	6	5.300023	331	17	0
64	15	7.398346	298	14	0
64	14	3.785332	146	19	0
64	16	9.467626	608	14	0
64	16	4.093335	277	23	0
64	8	0.527139	415	18	0
64	3	1.187535	331	27	0
64	8	0.506088	325	19	0
64	14	6.365408	148	23	0
64	16	6.899135	872	25	0
64	16	8.167271	185	15	0
64	9	2.187509	214	32	0
64	17	1.735761	309	23	0
64	16	6.781484	220	30	0
64	15	4.462391	346	13	0
64	16	4.454514	248	22	0
64	15	3.494429	237	20	0
64	16	3.922803	296	14	0
64	16	7.033830	251	14	0
64	5	3.070569	229	19	0
64	2	2.115940	673	17	0
64	16	9.291653	561	18	0
64	11	1.394049	302	22	0
64	16	7.578994	248	24	0
64	6	3.844018	180	16	0
64	6	6.316796	174	23	0
64	8	6.012258	824	21	0
64	17	1.280574	233	19	0
64	6	1.669777	396	19	0
64	8	5.410467	534	21	0
64	16	8.732214	583	17	0
64	5	0.547504	205	17	0
64	6	3.902389	515	27	0
64	6	3.103444	229	27	0
64	17	0.315199	287	16	0
64	16	6.877625	315	17	0
64	16	9.463826	232	24	0
64	8	3.409697	351	16	0
64	17	0.693335	188	21	0
64	16	7.622666	738	13	0
64	16	8.818399	243	18	0
64	15	6.742273	329	22	0
64	7	5.351744	238	15	0
64	6	3.309456	476	25	0
64	16	4.555139	225	24	0
64	16	7.096649	180	23	0
64	16	4.845621	221	22	0
64	3	3.535340	318	16	0
64	9	2.986810	210	22	0
64	8	4.238306	368	15	0
64	8	2.189375	245	14	0
64	6	4.101410	460	23	0
64	2	1.326322	421	15	0
64	7	4.643074	271	20	0
64	8	5.516593	514	23	0
64	8	5.648492	183	17	0
64	8	1.159622	178	18	0
64	13	2.619437	184	20	0
64	7	2.050048	237	29	0
64	6	3.616813	332	22	0
64	15	7.872517	319	21	0
64	13	0.177533	254	22	0
64	12	0.725209	243	22	0
64	5	2.940109	214	21	0
64	16	5.910597	465	22	0
64	13	3.631080	215	22	0
64	16	10.354164	370	24	0
64	16	6.940154	204	15	0
64	2	3.122160	294	23	0
64	15	8.199908	161	20	0
64	16	6.453442	647	24	0
64	16	4.096524	246	15	0
64	15	5.800741	188	17	0
64	10	0.485458	245	25	0
64	18	3.890380	194	15	0
64	16	5.142315	456	18	0
64	1	2.901683	248	21	0
64	7	5.599976	179	23	0
64	15	2.128265	176	18	0
64	16	6.277071	464	12	0
64	6	6.505645	721	17	0
64	16	2.135588	363	16	0
64	16	5.811923	113	17	0
64	11	2.502440	210	25	0
64	15	6.061045	301	28	0
64	4	0.901515	313	35	0
64	6	7.070567	234	15	0
64	15	3.865454	294	18	0
64	16	5.425686	668	14	0
64	15	7.307047	270	23	0
64	5	2.134468	253	25	0
64	16	0.186029	364	20	0
64	16	5.153884	196	17	0
64	5	3.320337	370	13	0
64	6	4.256388	258	21	0
64	16	3.920897	286	18	0
64	20	2.596109	234	27	0
64	19	9.090440	285	13	0
64	22	6.824558	314	16	0
64	23	7.333714	948	0	2
67	1	2.000000	212	17	1
67	5	2.300618	245	21	0
67	6	3.994141	648	19	0
67	3	5.228259	750	25	0
67	7	2.731831	279	16	0
67	7	5.571711	121	18	0
67	7	2.144286	130	15	0
67	10	2.753253	660	20	0
67	11	2.490370	305	24	0
67	12	2.441261	483	22	0
67	13	8.317338	831	17	0
67	14	7.735449	698	21	0
67	16	6.633234	210	19	0
67	18	0.483946	267	29	0
67	18	3.825227	141	21	0
67	20	1.411517	155	23	0
67	22	5.330305	433	0	2
74	1	2.000000	201	21	1
74	3	1.771238	488	22	0
74	4	0.178686	233	21	0
74	5	2.330957	484	18	0
74	8	1.210422	494	22	0
74	11	1.604915	309	14	0
74	12	3.270717	183	21	0
74	8	3.621013	719	23	0
74	12	3.515500	267	24	0
74	14	2.301130	502	12	0
74	13	6.068457	481	15	0
74	20	2.657949	210	13	0
74	17	2.211411	373	21	0
74	18	0.022603	256	20	0
74	12	2.662846	166	12	0
74	16	2.001071	599	16	0
74	17	4.158026	681	18	0
74	17	5.219026	265	22	0
74	17	5.793485	237	25	0
74	17	3.628792	222	18	0
74	16	5.518375	348	20	0
74	17	5.584212	681	17	0
74	7	5.853950	316	31	0
74	9	0.317566	198	20	0
74	13	7.521604	343	25	0
74	23	5.222465	169	20	0
74	23	2.968003	180	0	2
77	1	2.000000	187	16	1
77	2	3.210067	698	15	0
77	3	5.226813	246	19	0
77	4	2.497998	547	16	0
77	5	2.233472	667	25	0
77	8	0.153918	382	18	0
77	10	2.230584	347	18	0
77	8	4.328950	670	18	0
77	11	2.366720	993	23	0
77	13	0.331555	357	15	0
77	14	1.498969	401	23	0
77	13	6.847183	687	16	0
77	15	6.031214	741	23	0
77	18	1.641008	284	31	0
77	17	4.774216	911	16	0
77	18	6.285397	556	15	0
77	20	2.172964	450	22	0
77	22	2.707279	820	0	2
80	1	2.000000	143	20	1
80	5	3.254140	248	15	0
80	6	7.142899	765	15	0
80	3	4.820622	645	27	0
80	8	2.858341	665	16	0
80	9	3.457633	775	15	0
80	8	3.656502	570	26	0
80	13	0.147897	245	16	0
80	11	4.088778	340	20	0
80	15	10.301403	681	18	0
80	16	5.237606	573	9	0
80	18	1.094485	209	17	0
80	19	6.985627	631	15	0
80	10	7.937731	256	20	0
80	8	3.009713	333	27	0
80	23	6.339422	346	24	0
80	19	1.931343	302	15	0
80	5	2.142724	231	18	0
80	16	0.719415	530	23	0
80	15	4.229939	232	14	0
80	14	7.617756	681	25	0
80	23	4.053264	251	18	0
80	21	3.088313	649	0	2
83	1	2.000000	150	14	1
83	3	1.272867	193	23	0
83	4	3.008603	379	17	0
83	7	2.767440	504	19	0
83	6	4.507968	645	17	0
83	8	4.129332	570	18	0
83	10	2.938446	560	23	0
83	13	5.468830	937	20	0
83	14	3.751716	518	14	0
83	13	2.766561	819	16	0
83	16	3.239180	745	17	0
83	15	6.642057	492	22	0
83	7	5.699600	286	19	0
83	18	0.921749	230	35	0
83	15	3.435940	214	18	0
83	16	2.451039	475	29	0
83	15	6.066547	509	16	0
83	15	2.311185	232	19	0
83	10	4.514580	157	18	0
83	16	0.570454	247	28	0
83	1	1.941318	229	19	0
83	19	2.139664	209	16	0
83	21	1.593918	225	22	0
83	20	1.601750	587	18	0
83	22	5.766966	641	0	2
90	1	2.000000	137	15	1
90	2	3.924026	841	19	0
90	4	1.349842	576	15	0
90	5	3.168338	437	14	0
90	6	5.542473	1035	16	0
90	7	3.916768	626	21	0
90	8	4.842164	766	17	0
90	9	2.922226	472	23	0
90	8	4.801838	785	16	0
90	11	1.901452	660	14	0
90	14	2.549633	556	16	0
90	17	2.098519	1221	15	0
90	17	1.699796	198	15	0
90	19	2.515050	905	24	0
90	23	1.350972	230	16	0
90	22	2.061927	315	17	0
90	24	3.625844	595	0	2
93	1	2.000000	216	17	1
93	3	8.875204	202	15	0
93	6	3.062029	614	21	0
93	7	3.097266	897	24	0
93	8	6.005319	601	20	0
93	11	0.306987	181	18	0
93	10	3.974469	407	21	0
93	9	2.407474	609	19	0
93	11	3.952852	561	21	0
93	12	3.009097	516	19	0
93	15	1.002823	676	20	0
93	15	4.316371	144	19	0
93	16	4.565297	463	12	0
93	17	3.330604	499	14	0
93	18	3.400697	798	23	0
93	19	3.227375	562	15	0
93	22	0.853322	378	19	0
93	23	4.386346	730	0	2
96	1	2.000000	194	25	1
96	2	3.103215	448	15	0
96	5	0.455412	550	18	0
96	7	0.671665	217	17	0
96	6	3.565476	304	19	0
96	8	4.898645	413	20	0
96	9	1.840201	724	17	0
96	10	4.879600	520	19	0
96	11	1.958641	943	18	0
96	11	1.113608	176	10	0
96	13	4.333402	688	19	0
96	17	3.823799	218	25	0
96	18	3.597685	471	18	0
96	15	9.565571	227	25	0
96	4	3.229041	272	35	0
96	15	9.634152	458	19	0
96	19	3.719752	593	16	0
96	21	3.967994	573	14	0
96	22	6.245734	1082	0	2
99	1	2.000000	183	27	1
99	3	1.101174	241	20	0
99	2	2.749877	196	23	0
99	3	8.075670	671	22	0
99	5	3.010530	657	31	0
99	8	0.181818	892	10	0
99	8	10.207315	227	22	0
99	11	2.874549	530	15	0
99	13	0.281358	196	19	0
99	13	7.481582	228	18	0
99	8	8.835235	698	25	0
99	16	0.311554	267	15	0
99	16	4.155279	155	22	0
99	16	2.010781	205	21	0
99	17	2.847484	791	23	0
99	19	2.285194	674	32	0
99	20	4.092958	461	21	0
99	15	6.111266	234	12	0
99	15	2.676324	152	18	0
99	15	5.916077	223	27	0
99	14	3.957859	635	14	0
99	22	2.811812	418	0	2
106	1	2.000000	251	26	1
106	3	1.496186	821	17	0
106	5	3.907976	217	18	0
106	6	4.312513	829	19	0
106	7	3.190832	662	20	0
106	6	4.406383	713	26	0
106	9	0.234638	267	13	0
106	9	3.144619	218	19	0
106	11	0.130254	298	19	0
106	8	5.577191	448	22	0
106	11	0.055608	264	12	0
106	11	4.012219	267	13	0
106	12	3.535708	546	26	0
106	13	4.507046	522	22	0
106	15	1.592955	265	25	0
106	17	8.798824	450	23	0
106	17	3.081817	123	14	0
106	16	3.149698	629	20	0
106	18	6.120614	202	12	0
106	20	3.317598	568	13	0
106	23	1.172340	1062	0	2
109	1	2.000000	178	15	1
109	2	0.709292	197	14	0
109	5	0.457453	270	28	0
109	3	4.248881	377	15	0
109	6	2.977018	626	24	0
109	7	3.020624	574	19	0
109	6	3.157650	448	20	0
109	8	3.128911	490	23	0
109	10	1.904420	475	14	0
109	12	3.266383	688	14	0
109	13	6.290055	214	16	0
109	14	0.876793	195	19	0
109	14	3.466982	206	24	0
109	13	4.686092	632	12	0
109	17	2.454948	731	20	0
109	16	5.449720	621	25	0
109	17	5.231912	629	18	0
109	17	3.016127	155	18	0
109	11	3.275267	155	14	0
109	16	3.987813	683	20	0
109	17	7.498927	550	24	0
109	12	3.806849	292	23	0
109	16	5.603730	286	21	0
109	19	1.710935	307	17	0
109	16	5.642503	593	25	0
109	16	3.233211	244	14	0
109	16	5.280351	251	17	0
109	16	1.291212	231	14	0
109	16	7.464480	206	16	0
109	16	2.558688	221	24	0
109	18	3.601262	403	15	0
109	17	4.038099	395	22	0
109	19	7.306526	499	25	0
109	16	1.632836	426	26	0
109	19	2.764044	321	18	0
109	3	7.149277	304	16	0
109	16	7.512552	222	21	0
109	19	4.061789	213	20	0
109	20	2.177396	432	23	0
109	21	5.419460	732	14	0
109	22	3.232541	377	16	0
109	23	4.242194	485	0	2
112	1	2.000000	201	19	1
112	2	3.579838	1044	18	0
112	6	0.002272	531	14	0
112	7	1.575919	664	20	0
112	7	0.199418	146	14	0
112	7	2.650684	119	21	0
112	8	4.562519	654	19	0
112	8	7.636106	194	23	0
112	9	3.708577	521	17	0
112	8	7.763866	825	23	0
112	10	5.062688	614	22	0
112	10	3.458808	253	29	0
112	10	6.187588	173	27	0
112	11	2.300711	771	28	0
112	14	1.789299	604	17	0
112	15	4.856814	752	12	0
112	18	2.511976	258	23	0
112	16	3.921997	799	15	0
112	19	4.305231	740	27	0
112	7	0.111517	262	14	0
112	14	4.824031	344	18	0
112	16	5.296386	640	14	0
112	19	6.284524	530	15	0
112	19	2.682471	197	20	0
112	20	1.769162	407	21	0
112	13	6.140618	267	22	0
112	15	7.041247	311	20	0
112	16	4.342662	192	18	0
112	16	1.784628	205	28	0
112	22	7.653966	168	19	0
112	10	1.774965	303	27	0
112	18	1.834471	242	20	0
112	22	7.579916	579	27	0
112	6	3.845956	238	32	0
112	16	0.778425	274	17	0
112	21	1.288645	271	16	0
112	22	4.593066	244	22	0
112	6	8.440941	526	20	0
112	6	3.527183	247	23	0
112	14	6.936103	178	17	0
112	19	0.112526	403	21	0
112	16	4.059052	575	15	0
112	6	5.688555	243	23	0
112	6	8.590815	222	21	0
112	21	3.307720	285	23	0
112	20	2.167567	296	22	0
112	19	4.728387	193	19	0
112	6	4.129312	285	17	0
112	17	4.407240	270	17	0
112	22	2.108470	397	24	0
112	19	2.125637	442	20	0
112	22	0.808052	359	21	0
112	1	0.071632	256	20	0
112	16	4.795691	261	19	0
112	19	6.183195	359	27	0
112	20	1.258616	362	15	0
112	14	1.198220	234	23	0
112	3	4.860456	243	17	0
112	6	3.361054	328	17	0
112	22	3.099561	330	20	0
112	19	3.500842	467	24	0
112	5	1.003952	232	17	0
112	15	2.861881	272	18	0
112	19	0.500144	342	17	0
112	20	1.991352	441	20	0
112	22	5.558858	507	20	0
112	22	1.243921	181	22	0
112	19	6.602420	468	11	0
112	17	2.105704	374	23	0
112	18	1.523515	172	15	0
112	22	1.431010	299	21	0
112	12	0.046631	141	18	0
112	18	3.593870	196	18	0
112	17	3.077496	388	15	0
112	13	9.935137	229	18	0
112	19	2.418106	206	8	0
112	22	1.159382	192	14	0
112	19	3.629994	510	14	0
112	17	3.682568	421	25	0
112	18	3.283596	778	21	0
112	10	0.662222	311	16	0
112	16	5.007133	260	15	0
112	15	4.481612	212	21	0
112	16	3.582420	529	20	0
112	6	5.482349	215	19	0
112	14	2.542078	267	11	0
112	16	6.799735	346	0	2
115	1	2.000000	206	15	1
115	3	6.239097	547	17	0
115	7	0.375801	255	26	0
115	7	4.298937	234	19	0
115	8	4.798351	773	19	0
115	1	1.415637	255	15	0
115	3	7.011096	223	17	0
115	5	1.168083	397	35	0
115	9	0.252130	168	20	0
115	10	2.141511	410	15	0
115	10	6.430681	107	25	0
115	9	1.766919	161	14	0
115	8	3.627050	427	15	0
115	11	0.867948	736	18	0
115	12	2.791812	348	19	0
115	10	4.493625	839	25	0
115	12	1.804302	273	15	0
115	8	3.971542	391	21	0
115	12	3.917526	277	24	0
115	13	5.515184	367	28	0
115	14	3.929640	513	16	0
115	16	6.693539	1175	15	0
115	16	4.383755	260	23	0
115	17	0.782994	241	27	0
115	17	3.871295	180	13	0
115	4	4.318753	341	23	0
115	17	4.615108	237	30	0
115	17	1.892435	220	17	0
115	19	0.855964	245	15	0
115	19	5.307116	219	19	0
115	20	5.601011	596	29	0
115	22	7.834884	661	0	2
122	1	2.000000	141	14	1
122	2	0.335523	219	22	0
122	3	5.063079	591	20	0
122	6	6.229927	855	31	0
122	7	3.547848	586	18	0
122	8	5.818042	807	18	0
122	3	2.929579	338	19	0
122	7	0.563077	250	13	0
122	4	2.503130	666	15	0
122	10	1.869531	269	21	0
122	10	5.430847	281	14	0
122	12	0.970268	603	12	0
122	13	4.569519	474	12	0
122	14	2.967875	642	15	0
122	17	4.382516	671	22	0
122	17	9.321877	178	16	0
122	17	5.067929	170	26	0
122	16	5.296563	795	18	0
122	13	0.454544	203	20	0
122	17	8.125406	725	23	0
122	19	0.933838	337	23	0
122	20	5.743786	648	16	0
122	20	9.148125	184	21	0
122	22	0.590161	612	18	0
122	23	4.592683	817	0	2
125	1	2.000000	199	22	1
125	2	2.029698	350	24	0
125	4	4.900556	464	19	0
125	3	4.481362	705	10	0
125	6	1.714022	334	17	0
125	7	3.859394	452	21	0
125	6	2.787198	619	19	0
125	10	5.207501	828	20	0
125	11	1.604706	309	16	0
125	12	3.502827	400	25	0
125	9	2.831524	489	24	0
125	15	4.564431	849	24	0
125	8	5.529990	236	27	0
125	15	0.965053	257	17	0
125	13	4.389702	585	20	0
125	13	2.189047	287	18	0
125	14	0.792552	213	20	0
125	15	6.736015	788	18	0
125	16	6.780716	640	21	0
125	17	5.587797	474	16	0
125	17	3.077931	239	16	0
125	17	6.484358	239	16	0
125	18	2.575695	437	30	0
125	19	3.037856	619	18	0
125	21	1.824025	300	15	0
125	18	2.941773	717	21	0
125	19	1.066489	209	23	0
125	17	4.105265	316	16	0
125	19	1.059205	502	22	0
125	21	4.441827	688	17	0
125	15	1.923736	217	21	0
125	7	0.343063	218	18	0
125	20	3.484314	185	11	0
125	16	2.073375	214	11	0
125	21	3.679764	407	29	0
125	21	2.213077	237	19	0
125	12	1.934942	303	14	0
125	24	4.066467	219	16	0
125	8	4.147055	268	18	0
125	24	1.314147	170	19	0
125	15	8.077640	246	20	0
125	20	3.273664	457	19	0
125	1	1.011810	259	11	0
125	14	0.881093	321	14	0
125	21	4.850820	334	12	0
125	18	1.282002	361	18	0
125	24	3.527797	499	19	0
125	17	0.692534	214	20	0
125	17	6.625096	170	15	0
125	17	4.233937	165	17	0
125	22	0.301040	378	16	0
125	7	5.038310	230	11	0
125	8	7.309221	551	18	0
125	22	4.893955	653	25	0
125	6	2.235627	254	15	0
125	21	1.900696	243	13	0
125	13	1.790462	263	15	0
125	18	4.744624	229	29	0
125	24	3.348484	482	16	0
125	15	5.738828	229	19	0
125	20	4.109056	138	22	0
125	8	6.649257	366	21	0
125	22	0.511301	152	14	0
125	19	3.709243	573	20	0
125	17	6.103589	419	18	0
125	22	0.948332	228	18	0
125	2	0.586951	202	22	0
125	20	2.312152	297	13	0
125	19	2.647091	322	26	0
125	20	3.719588	573	11	0
125	23	3.170164	555	0	2
128	1	2.000000	224	17	1
128	2	3.433255	398	21	0
128	6	1.820000	267	23	0
128	3	5.623063	737	14	0
128	7	0.716570	224	21	0
128	7	4.832642	231	23	0
128	6	5.842561	422	19	0
128	10	0.877337	647	18	0
128	10	5.344853	252	22	0
128	12	3.621487	863	22	0
128	15	0.561534	436	30	0
128	15	4.349706	205	20	0
128	17	1.829227	550	17	0
128	16	5.856824	481	24	0
128	16	5.858324	161	12	0
128	17	2.695386	698	16	0
128	18	3.325136	801	15	0
128	3	7.553190	102	23	0
128	8	3.977355	566	14	0
128	15	4.276536	316	11	0
128	6	5.558881	416	18	0
128	3	7.177863	215	12	0
128	6	3.462827	597	28	0
128	19	2.144092	213	23	0
128	4	1.569936	218	20	0
128	16	7.283224	454	22	0
128	19	5.682752	475	22	0
128	22	2.262041	568	18	0
128	23	6.989316	466	0	2
131	1	2.000000	194	15	1
131	4	1.430618	533	13	0
131	5	2.370452	397	20	0
131	6	5.350524	831	17	0
131	7	4.474776	574	31	0
131	7	0.025961	279	16	0
131	9	1.187938	503	13	0
131	10	5.325370	740	22	0
131	8	5.489048	593	18	0
131	13	2.784288	529	19	0
131	14	4.680289	1132	26	0
131	15	7.846710	819	11	0
131	16	7.169377	713	16	0
131	8	6.056289	707	14	0
131	15	7.137076	277	15	0
131	16	4.492076	498	12	0
131	16	1.906986	152	16	0
131	17	2.326813	615	18	0
131	16	4.432064	633	24	0
131	14	5.059051	176	23	0
131	17	0.977253	512	20	0
131	18	0.230267	275	12	0
131	15	6.217861	683	17	0
131	16	2.727333	605	19	0
131	16	5.563409	198	14	0
131	16	4.553751	179	18	0
131	16	7.409121	178	17	0
131	16	4.672135	247	27	0
131	8	5.039292	359	15	0
131	6	3.697704	583	22	0
131	8	7.479564	242	25	0
131	15	0.781110	226	20	0
131	10	7.443671	231	16	0
131	16	1.705799	207	26	0
131	8	0.719866	201	21	0
131	15	8.404680	243	19	0
131	16	5.425844	461	14	0
131	16	4.380675	166	12	0
131	15	2.824158	654	28	0
131	15	6.557579	170	23	0
131	7	1.756441	232	24	0
131	8	5.755297	308	16	0
131	8	2.771211	142	19	0
131	6	3.106199	365	22	0
131	17	1.123757	247	12	0
131	16	5.357672	555	19	0
131	18	1.845800	588	14	0
131	18	0.995468	166	15	0
131	17	2.838922	412	22	0
131	16	5.515350	170	16	0
131	18	3.395637	343	21	0
131	18	3.974533	195	19	0
131	5	2.149133	205	23	0
131	14	3.423853	251	14	0
131	8	1.648841	401	22	0
131	15	7.908315	277	14	0
131	19	1.846853	312	26	0
131	16	5.833633	494	16	0
131	15	5.448290	388	22	0
131	21	2.025977	147	14	0
131	22	5.452829	1064	0	2
138	1	2.000000	166	13	1
138	2	2.824139	433	18	0
138	3	5.763931	494	22	0
138	4	3.915687	440	21	0
138	7	2.035308	498	20	0
138	6	4.856376	808	14	0
138	7	2.102290	579	13	0
138	8	1.751649	393	9	0
138	9	1.202174	206	17	0
138	10	4.423548	447	21	0
138	12	3.865031	661	17	0
138	13	4.880296	436	18	0
138	14	1.093270	620	23	0
138	10	1.309187	246	22	0
138	13	6.143885	321	22	0
138	15	9.102042	368	18	0
138	16	7.578368	704	24	0
138	17	4.819495	926	30	0
138	19	1.720276	312	24	0
138	20	3.444814	481	21	0
138	23	1.287225	777	0	2
141	1	2.000000	177	16	1
141	2	5.707607	737	22	0
141	6	2.566527	373	17	0
141	4	1.615351	204	27	0
141	7	3.068178	849	15	0
141	8	3.653101	582	11	0
141	10	4.320867	912	11	0
141	11	3.962162	822	10	0
141	12	2.341256	506	26	0
141	14	3.009605	491	15	0
141	16	2.046865	689	19	0
141	17	6.571667	216	16	0
141	17	4.104625	214	17	0
141	18	1.164579	826	17	0
141	20	2.898310	710	15	0
141	20	2.222031	164	18	0
141	21	1.904087	580	14	0
141	23	5.422645	1037	0	2
144	1	2.000000	183	22	1
144	3	0.255992	298	14	0
144	2	3.411505	514	24	0
144	5	0.234296	207	27	0
144	8	0.143654	205	25	0
144	8	6.163763	217	17	0
144	4	1.507115	250	18	0
144	7	0.260708	430	22	0
144	10	1.971572	538	16	0
144	12	0.833504	293	20	0
144	13	11.541685	316	26	0
144	14	5.366198	756	16	0
144	15	5.518504	955	15	0
144	16	7.149795	718	16	0
144	16	7.505840	147	19	0
144	16	3.973298	227	17	0
144	15	3.069845	154	22	0
144	16	5.524999	517	27	0
144	18	0.084299	346	17	0
144	6	2.494497	185	23	0
144	15	0.504893	252	20	0
144	16	2.426183	388	20	0
144	14	4.366886	284	23	0
144	19	1.841719	173	18	0
144	9	3.705763	239	15	0
144	21	3.957202	230	15	0
144	19	4.099745	553	12	0
144	21	0.398327	226	0	2
147	1	2.000000	160	22	1
147	3	0.347328	229	17	0
147	3	5.547768	206	22	0
147	6	3.657716	184	12	0
147	4	3.112787	276	16	0
147	8	5.558221	678	15	0
147	9	3.810454	701	19	0
147	8	4.951821	486	22	0
147	8	2.435437	204	21	0
147	7	4.244031	750	18	0
147	8	4.918072	543	15	0
147	6	5.772947	330	22	0
147	8	7.595654	415	12	0
147	7	2.276355	333	16	0
147	8	5.209486	602	19	0
147	6	6.187261	665	22	0
147	7	2.912372	653	18	0
147	11	4.750698	280	17	0
147	13	4.769124	753	19	0
147	14	2.329593	639	17	0
147	14	5.307357	169	14	0
147	16	4.922875	707	29	0
147	16	7.649107	209	22	0
147	16	7.713546	188	23	0
147	15	6.230562	454	35	0
147	18	3.234487	262	29	0
147	17	4.350879	330	25	0
147	16	3.131167	379	17	0
147	19	5.483731	692	19	0
147	17	3.673036	786	17	0
147	19	7.477922	278	19	0
147	6	6.764020	200	16	0
147	13	1.715119	305	21	0
147	5	3.185973	294	21	0
147	16	3.679671	677	15	0
147	16	6.351100	197	19	0
147	19	6.732124	379	16	0
147	21	5.090263	755	16	0
147	20	1.632758	524	0	2
154	1	2.000000	142	25	1
154	2	5.467239	630	16	0
154	6	1.237553	308	23	0
154	5	2.322196	649	23	0
154	6	4.683005	361	25	0
154	6	3.314857	182	23	0
154	7	2.283881	567	16	0
154	6	4.637526	410	20	0
154	5	0.607352	279	19	0
154	8	6.210145	465	18	0
154	9	3.764879	724	24	0
154	13	0.697908	182	14	0
154	12	3.249113	496	22	0
154	14	0.595722	684	17	0
154	15	5.658037	630	17	0
154	15	8.263851	227	19	0
154	16	5.123931	1011	29	0
154	2	1.773073	309	22	0
154	15	5.462851	284	18	0
154	13	2.063413	172	20	0
154	13	0.706003	116	23	0
154	1	0.126517	195	23	0
154	14	0.676043	173	17	0
154	16	4.230566	558	28	0
154	17	4.095021	464	20	0
154	16	2.511824	489	21	0
154	12	0.153658	279	21	0
154	17	1.777861	356	24	0
154	8	1.281683	178	26	0
154	6	4.754081	568	19	0
154	8	5.886583	297	22	0
154	13	3.565906	384	21	0
154	16	2.693196	606	17	0
154	17	5.555909	516	24	0
154	16	3.739340	390	22	0
154	8	7.368826	219	23	0
154	11	4.433510	290	28	0
154	16	1.952015	343	18	0
154	17	4.897167	192	22	0
154	7	4.738458	279	21	0
154	17	0.424347	407	30	0
154	20	0.094595	233	27	0
154	20	3.290778	155	21	0
154	23	1.953224	182	21	0
154	23	5.903162	208	25	0
154	22	1.468750	346	0	2
157	1	2.000000	209	12	1
157	3	6.003268	321	18	0
157	6	7.973925	1085	13	0
157	6	6.524359	136	19	0
157	5	3.338150	831	31	0
157	6	12.938592	254	15	0
157	7	5.912549	526	13	0
157	8	4.886768	1024	15	0
157	11	0.264219	326	20	0
157	9	0.558632	607	18	0
157	13	7.479169	831	19	0
157	13	4.288489	183	20	0
157	11	4.212355	672	20	0
157	15	2.254234	222	18	0
157	17	2.702356	787	18	0
157	17	6.462061	234	15	0
157	17	6.741310	174	19	0
157	18	2.065812	807	15	0
157	16	4.761991	599	20	0
157	19	2.045968	301	17	0
157	20	4.721878	984	27	0
157	1	1.742737	135	10	0
157	15	7.020323	298	18	0
157	19	3.021073	159	15	0
157	20	0.709585	182	18	0
157	9	2.067083	232	15	0
157	19	2.578939	193	17	0
157	10	4.404222	223	22	0
157	16	7.926490	560	18	0
157	17	5.439480	525	19	0
157	17	6.369672	109	19	0
157	21	1.602681	144	24	0
157	20	4.861214	626	16	0
157	20	0.436888	184	19	0
157	18	2.435508	403	15	0
157	17	6.276328	468	20	0
157	12	3.838200	273	16	0
157	22	0.405225	249	20	0
157	10	2.821817	196	17	0
157	17	2.432354	255	19	0
157	20	2.950605	249	24	0
157	18	0.646057	559	18	0
157	17	6.662543	466	0	2
160	1	2.000000	183	25	1
160	3	0.033648	337	20	0
160	4	3.190179	319	17	0
160	6	6.187229	890	17	0
160	8	1.158825	187	24	0
160	8	0.674339	242	16	0
160	8	3.411294	149	16	0
160	8	6.469392	133	23	0
160	9	2.941930	1110	26	0
160	8	3.953146	659	18	0
160	9	1.906965	669	24	0
160	10	4.576446	617	20	0
160	10	6.433864	195	25	0
160	11	2.767325	460	13	0
160	14	0.885520	221	11	0
160	14	4.377519	190	23	0
160	14	7.501800	226	17	0
160	15	8.308649	611	26	0
160	16	4.766517	462	13	0
160	5	1.741926	208	15	0
160	15	4.660812	181	26	0
160	6	6.578473	546	13	0
160	15	10.525743	177	17	0
160	16	4.880198	591	17	0
160	16	2.473202	190	24	0
160	16	6.399003	198	15	0
160	10	8.818356	298	21	0
160	16	3.371404	328	15	0
160	17	2.217049	486	14	0
160	11	5.713321	304	18	0
160	16	0.538333	434	21	0
160	16	5.547258	176	21	0
160	15	3.596927	311	17	0
160	18	3.046575	186	25	0
160	16	3.637577	573	18	0
160	19	7.026166	968	25	0
160	19	5.585446	160	18	0
160	19	8.794920	221	25	0
160	1	2.816855	220	21	0
160	8	2.378480	325	13	0
160	8	5.029711	176	19	0
160	16	5.799883	172	15	0
160	16	6.939090	224	18	0
160	15	6.364444	261	14	0
160	20	5.455944	819	11	0
160	11	3.559086	194	19	0
160	9	2.231063	170	20	0
160	19	1.426257	599	16	0
160	19	6.294926	144	13	0
160	14	7.646441	226	21	0
160	19	0.385365	154	18	0
160	8	3.025252	205	24	0
160	20	4.991695	230	25	0
160	20	1.409922	207	26	0
160	10	1.739839	177	15	0
160	20	0.804546	323	20	0
160	20	5.782531	188	21	0
160	20	0.331337	179	28	0
160	18	0.037117	203	17	0
160	21	0.316225	264	21	0
160	20	3.997778	521	29	0
160	15	6.524969	432	18	0
160	10	1.492353	241	22	0
160	14	2.375590	543	18	0
160	20	4.560765	430	32	0
160	2	3.271084	258	13	0
160	16	2.797433	261	12	0
160	15	6.884273	614	28	0
160	19	4.033842	699	14	0
160	20	1.604442	303	23	0
160	12	0.203184	198	21	0
160	16	2.735870	357	16	0
160	10	9.115894	254	15	0
160	18	2.155059	284	21	0
160	18	0.269394	164	21	0
160	19	5.645392	536	17	0
160	15	1.775208	97	20	0
160	18	3.827238	272	13	0
160	21	5.963857	397	19	0
160	20	3.214182	390	11	0
160	20	1.400392	236	30	0
160	19	4.970958	524	15	0
160	4	1.984126	215	25	0
160	21	3.348042	385	14	0
160	21	5.999169	191	19	0
160	14	2.113938	509	21	0
160	15	5.907293	462	20	0
160	19	0.863016	226	21	0
160	19	4.619471	199	22	0
160	14	7.371936	250	17	0
160	19	1.414215	192	25	0
160	21	7.798846	520	20	0
160	21	3.558765	121	21	0
160	21	7.764601	247	29	0
160	12	3.310925	175	0	2
163	1	2.000000	179	18	1
163	2	3.328536	625	15	0
163	3	4.520663	601	23	0
163	4	4.604600	481	23	0
163	6	3.278402	814	15	0
163	7	4.800956	492	16	0
163	8	2.220138	292	20	0
163	11	0.012330	231	20	0
163	10	5.443749	684	16	0
163	13	0.223765	205	20	0
163	14	5.561042	661	19	0
163	15	4.789721	720	20	0
163	10	6.832332	184	21	0
163	5	3.879387	289	21	0
163	13	3.060754	227	22	0
163	10	0.398603	304	15	0
163	8	3.103809	512	16	0
163	6	2.022058	428	17	0
163	14	3.290264	196	22	0
163	6	0.637483	577	18	0
163	7	4.811192	250	19	0
163	15	7.494414	315	14	0
163	9	1.968382	254	19	0
163	6	3.281302	685	27	0
163	15	3.079900	174	28	0
163	16	2.919145	416	26	0
163	16	6.378827	181	11	0
163	17	5.349016	577	19	0
163	8	2.666573	843	26	0
163	8	1.196102	177	16	0
163	6	6.010332	397	19	0
163	15	7.987366	320	26	0
163	10	4.647337	243	22	0
163	5	0.746376	316	16	0
163	8	3.540790	428	22	0
163	9	1.100473	253	24	0
163	16	0.244844	269	15	0
163	7	5.254236	267	14	0
163	8	2.923009	339	12	0
163	16	5.845224	482	21	0
163	16	2.774371	204	18	0
163	6	0.172960	245	15	0
163	20	2.931378	552	22	0
163	22	0.064818	278	14	0
163	22	5.774768	218	0	2
