8	1	2.000000	159	21	1
8	2	4.882292	133	19	0
8	4	0.438579	249	25	0
8	5	2.374063	209	21	0
8	6	6.141771	265	18	0
8	7	3.705284	104	23	0
8	7	1.011312	336	25	0
8	7	4.475846	259	19	0
8	8	4.459761	153	25	0
8	10	5.508758	109	19	0
8	9	3.689662	111	17	0
8	10	5.497797	320	25	0
8	10	9.152276	351	21	0
8	9	3.022796	262	14	0
8	14	2.171337	139	18	0
8	14	1.077739	284	22	0
8	13	5.449957	282	10	0
8	12	3.977496	266	19	0
8	16	9.523516	93	15	0
8	16	9.952882	345	10	0
8	18	0.058025	171	17	0
8	13	9.044302	209	29	0
8	16	6.360316	213	15	0
8	15	4.938154	184	15	0
8	19	6.558155	304	17	0
8	21	2.671191	159	21	0
8	22	5.065856	229	0	2
11	1	2.000000	154	17	1
11	2	3.235286	236	26	0
11	4	3.847135	216	20	0
11	6	5.128412	136	13	0
11	6	2.657105	304	13	0
11	7	4.747832	323	23	0
11	7	1.819777	245	22	0
11	7	4.245547	884	18	0
11	8	9.485533	225	28	0
11	11	0.205745	251	12	0
11	11	5.079205	352	22	0
11	13	2.590191	73	12	0
11	2	3.976284	171	16	0
11	14	7.196947	173	23	0
11	15	4.879535	159	26	0
11	15	7.780861	309	28	0
11	16	6.079618	69	19	0
11	16	6.638034	466	12	0
11	16	6.715069	866	17	0
11	17	2.904935	134	21	0
11	20	3.816660	201	18	0
11	23	0.203610	206	17	0
11	19	3.182965	355	0	2
18	1	2.000000	318	33	1
18	3	5.057218	151	16	0
18	3	2.508265	319	18	0
18	6	3.272562	122	18	0
18	5	2.272102	215	17	0
18	6	7.089038	123	22	0
18	7	4.528996	145	16	0
18	8	4.802032	211	29	0
18	10	0.622021	197	22	0
18	7	4.702705	350	23	0
18	10	7.949169	130	24	0
18	11	3.098542	292	18	0
18	13	1.397954	190	11	0
18	13	6.099191	264	13	0
18	14	3.774521	189	22	0
18	13	8.439962	135	21	0
18	14	3.023013	223	17	0
18	15	2.282914	267	17	0
18	15	3.626147	186	14	0
18	15	0.941642	475	13	0
18	16	4.799210	138	16	0
18	16	4.074920	193	18	0
18	19	0.500710	109	18	0
18	18	2.870841	276	22	0
18	20	5.319962	268	17	0
18	21	2.383709	243	16	0
18	20	2.499258	251	11	0
18	22	2.276677	221	21	0
18	20	4.652852	87	18	0
18	23	3.750325	279	0	2
21	1	2.000000	125	18	1
21	3	0.142826	150	18	0
21	3	4.418975	270	10	0
21	4	0.848649	180	24	0
21	5	2.576751	162	19	0
21	6	3.973203	114	18	0
21	8	1.457623	177	35	0
21	7	2.903636	175	22	0
21	7	1.672906	245	21	0
21	6	3.922271	160	22	0
21	9	1.860620	276	28	0
21	10	9.002204	382	19	0
21	11	3.984250	271	19	0
21	12	3.923211	108	25	0
21	13	6.760753	214	25	0
21	9	2.208117	150	26	0
21	10	5.953590	167	20	0
21	13	2.429670	131	16	0
21	16	2.097735	136	20	0
21	15	3.979042	209	18	0
21	18	3.518958	360	14	0
21	17	5.771951	279	23	0
21	17	2.677017	228	20	0
21	16	3.766804	344	22	0
21	19	3.516949	197	20	0
21	20	4.168125	213	17	0
21	21	4.338349	103	19	0
21	22	3.182364	221	14	0
21	24	5.074535	148	17	0
21	24	1.486850	343	0	2
24	1	2.000000	303	26	1
24	4	4.758580	155	20	0
24	6	8.012589	290	18	0
24	7	3.751002	145	22	0
24	8	3.276671	224	21	0
24	9	0.381144	159	14	0
24	7	3.434433	136	23	0
24	2	2.563735	272	17	0
24	3	3.970618	80	17	0
24	10	6.709955	153	15	0
24	11	5.869718	220	14	0
24	3	5.392581	141	23	0
24	11	4.085607	225	18	0
24	8	1.901794	140	19	0
24	11	1.592571	200	12	0
24	13	2.395824	93	24	0
24	13	1.886083	309	21	0
24	15	2.446085	212	17	0
24	14	4.112808	143	21	0
24	17	0.258691	173	30	0
24	16	3.116832	122	22	0
24	17	4.872355	255	19	0
24	16	3.470900	205	19	0
24	16	1.230685	248	24	0
24	19	5.003264	269	19	0
24	21	0.772927	269	22	0
24	22	6.390260	103	19	0
24	22	7.351907	255	0	2
27	1	2.000000	160	21	1
27	2	2.959867	288	24	0
27	4	4.256062	199	23	0
27	7	1.956313	197	23	0
27	7	3.777334	270	20	0
27	7	0.667594	253	19	0
27	8	3.115017	195	19	0
27	10	0.078748	119	24	0
27	11	0.688532	124	25	0
27	10	1.771151	228	21	0
27	8	2.298685	199	19	0
27	10	2.846263	194	17	0
27	3	7.783790	163	25	0
27	11	3.333821	190	23	0
27	10	5.088088	274	26	0
27	12	2.866561	90	27	0
27	14	1.736850	167	22	0
27	14	0.888595	287	22	0
27	16	0.784668	117	22	0
27	16	4.857910	310	18	0
27	15	5.847646	116	18	0
27	18	2.048665	378	26	0
27	19	3.676017	93	13	0
27	20	2.111937	360	17	0
27	22	4.821771	147	0	2
34	1	2.000000	146	13	1
34	3	2.963695	262	21	0
34	4	3.208333	65	18	0
34	6	3.988982	330	17	0
34	6	6.863104	286	23	0
34	7	4.702653	217	23	0
34	6	3.625136	147	14	0
34	8	7.582844	239	20	0
34	9	2.262652	365	24	0
34	10	2.468927	172	23	0
34	7	5.441056	159	22	0
34	11	3.330670	218	16	0
34	2	1.495764	216	16	0
34	8	1.267608	168	16	0
34	11	3.128534	129	27	0
34	11	1.553201	162	22	0
34	8	5.805785	114	22	0
34	11	0.743663	136	22	0
34	14	1.575448	181	20	0
34	15	5.023983	214	23	0
34	16	4.716093	211	22	0
34	17	4.809707	96	12	0
34	17	8.375545	280	20	0
34	8	6.694933	175	30	0
34	17	9.314081	231	18	0
34	20	9.024453	136	20	0
34	20	9.729783	627	19	0
34	22	3.998650	209	16	0
34	23	5.132017	180	0	2
37	1	2.000000	207	19	1
37	4	2.159816	179	18	0
37	3	4.158665	163	21	0
37	7	5.279553	163	24	0
37	8	6.070987	185	15	0
37	11	3.120285	170	25	0
37	10	5.884893	149	19	0
37	10	4.250512	428	21	0
37	3	0.399462	191	23	0
37	7	4.715888	162	21	0
37	6	1.354843	291	12	0
37	11	0.183709	186	18	0
37	13	3.512685	194	38	0
37	13	1.399538	277	23	0
37	14	2.422495	89	17	0
37	15	5.039311	186	13	0
37	16	6.802132	175	21	0
37	17	5.138797	125	19	0
37	18	4.693635	247	17	0
37	17	6.856349	202	19	0
37	17	2.513496	206	21	0
37	10	7.032229	148	17	0
37	16	4.979527	188	23	0
37	17	5.301012	91	14	0
37	23	1.035628	201	32	0
37	23	4.563756	258	20	0
37	21	3.215681	152	35	0
37	20	5.963566	122	0	2
40	1	2.000000	218	21	1
40	2	5.745433	112	15	0
40	4	0.102579	180	16	0
40	5	1.794567	176	20	0
40	6	5.299313	183	22	0
40	7	3.854988	196	17	0
40	6	6.727285	272	31	0
40	8	5.635791	164	18	0
40	8	3.495941	180	15	0
40	7	3.321853	339	16	0
40	10	4.019787	97	24	0
40	10	5.967956	346	20	0
40	8	7.327287	176	16	0
40	12	0.272346	183	23	0
40	10	2.818616	358	19	0
40	14	0.719946	245	20	0
40	14	0.689239	216	11	0
40	15	6.462555	128	26	0
40	16	3.812610	258	24	0
40	16	1.046513	277	12	0
40	7	3.843769	207	15	0
40	17	5.449428	232	19	0
40	18	3.284699	125	17	0
40	19	4.180647	195	29	0
40	19	1.001817	201	21	0
40	21	0.359870	195	18	0
40	22	5.659309	177	0	2
43	1	2.000000	109	19	1
43	2	4.689992	238	28	0
43	3	2.550692	352	20	0
43	6	6.678372	173	16	0
43	7	5.959726	433	19	0
43	5	1.442223	57	18	0
43	5	3.442727	169	23	0
43	10	5.646564	175	19	0
43	11	3.165308	263	19	0
43	9	1.137783	254	28	0
43	9	0.898693	682	13	0
43	11	3.699074	157	19	0
43	15	2.706065	142	19	0
43	15	2.303744	182	16	0
43	16	5.442140	162	19	0
43	16	4.342701	725	18	0
43	14	3.578354	148	11	0
43	13	5.824640	142	21	0
43	16	4.187174	315	24	0
43	17	2.829863	320	18	0
43	19	5.363238	111	28	0
43	19	8.431197	268	18	0
43	20	2.847514	184	17	0
43	22	7.342829	136	0	2
50	1	2.000000	348	23	1
50	3	8.885344	154	21	0
50	4	3.034109	242	17	0
50	7	4.498649	149	19	0
50	7	5.379475	381	36	0
50	8	5.780737	95	20	0
50	7	3.589859	245	20	0
50	5	2.281000	184	26	0
50	11	1.573482	120	15	0
50	12	3.291004	284	18	0
50	10	5.269699	162	22	0
50	14	2.101079	165	12	0
50	15	0.938584	147	22	0
50	14	2.735951	178	17	0
50	15	6.196139	197	20	0
50	7	5.034196	201	18	0
50	8	4.799881	223	26	0
50	8	2.349164	418	23	0
50	15	7.723785	229	13	0
50	15	3.354268	354	30	0
50	16	5.121837	245	23	0
50	17	5.121766	137	20	0
50	16	1.515469	168	18	0
50	17	6.822541	167	21	0
50	19	0.080200	134	14	0
50	15	9.796054	247	23	0
50	14	0.228291	196	15	0
50	10	6.944418	163	8	0
50	20	4.514346	141	22	0
50	18	2.492268	344	19	0
50	22	0.661915	155	21	0
50	23	8.974945	370	0	2
53	1	2.000000	175	17	1
53	3	4.147829	107	18	0
53	4	3.650766	189	16	0
53	8	1.796944	203	19	0
53	9	2.188747	203	21	0
53	10	3.930842	296	19	0
53	9	3.048227	114	19	0
53	7	1.544521	296	15	0
53	7	3.959009	310	16	0
53	6	3.610960	117	28	0
53	12	3.248577	226	18	0
53	13	4.133244	117	24	0
53	13	2.102755	415	22	0
53	7	3.512743	219	23	0
53	11	3.419485	180	14	0
53	14	1.417872	167	21	0
53	13	1.464674	284	22	0
53	16	8.933664	170	20	0
53	15	3.311650	221	22	0
53	17	0.572557	271	20	0
53	16	4.211945	80	14	0
53	18	2.718543	302	17	0
53	20	3.895019	145	22	0
53	21	2.715198	96	19	0
53	23	0.769181	165	30	0
53	23	5.490392	230	0	2
56	1	2.000000	145	14	1
56	3	0.642959	198	16	0
56	3	6.159752	694	22	0
56	6	6.562129	153	19	0
56	7	4.183491	344	25	0
56	7	1.270528	218	19	0
56	5	1.135513	202	18	0
56	12	2.570914	233	15	0
56	13	4.872789	310	17	0
56	14	5.210747	252	28	0
56	8	9.565028	143	20	0
56	9	3.428434	179	23	0
56	8	9.489512	210	14	0
56	10	7.458153	307	22	0
56	10	4.278006	231	16	0
56	8	6.068621	222	28	0
56	8	3.484748	244	16	0
56	11	3.062135	131	26	0
56	10	5.437236	172	21	0
56	14	1.843227	198	17	0
56	16	6.522944	226	23	0
56	16	2.472194	495	19	0
56	19	3.860888	321	25	0
56	22	0.015732	142	16	0
56	22	3.815592	268	0	2
59	1	2.000000	193	20	1
59	4	2.063737	71	25	0
59	4	1.334152	672	13	0
59	7	3.378946	235	17	0
59	7	1.445318	302	14	0
59	8	3.920108	164	12	0
59	9	1.736584	360	34	0
59	10	5.979807	139	17	0
59	10	3.807393	423	20	0
59	11	1.127377	103	25	0
59	2	1.278996	172	22	0
59	12	3.177555	190	19	0
59	10	4.979533	268	16	0
59	13	12.306083	96	22	0
59	13	6.494057	272	14	0
59	14	5.084583	151	17	0
59	17	1.348226	113	19	0
59	16	3.883539	251	19	0
59	16	2.339568	315	11	0
59	8	2.387473	165	18	0
59	18	0.522078	162	27	0
59	19	6.253729	117	22	0
59	20	1.742967	285	11	0
59	21	2.728825	216	24	0
59	22	3.312090	158	0	2
66	1	2.000000	240	16	1
66	4	0.180338	200	23	0
66	6	3.347589	186	31	0
66	6	6.909680	271	21	0
66	2	0.804746	162	18	0
66	7	2.360959	325	23	0
66	8	3.254916	240	26	0
66	9	3.848196	162	22	0
66	10	2.332721	251	16	0
66	11	2.682388	221	30	0
66	10	0.428095	589	22	0
66	12	1.437125	102	23	0
66	14	1.909427	203	15	0
66	13	2.881714	280	26	0
66	15	4.114478	238	20	0
66	16	6.901374	159	12	0
66	17	9.736981	292	25	0
66	19	3.623768	118	27	0
66	20	5.659145	114	12	0
66	20	2.703146	246	26	0
66	19	2.101176	203	21	0
66	21	2.902502	133	19	0
66	20	9.748732	240	17	0
66	23	5.129474	273	21	0
66	24	4.281947	199	0	2
69	1	2.000000	218	16	1
69	2	2.481004	124	24	0
69	3	6.168063	172	26	0
69	5	1.348581	343	14	0
69	6	4.393048	175	20	0
69	7	5.043516	465	23	0
69	6	5.077938	177	13	0
69	8	6.054355	188	18	0
69	10	0.322990	209	14	0
69	1	0.909256	127	22	0
69	10	1.200877	252	17	0
69	11	2.632874	89	21	0
69	12	0.046698	141	29	0
69	11	3.487678	282	17	0
69	13	3.186930	116	19	0
69	13	7.024893	352	14	0
69	1	0.622395	144	16	0
69	17	5.277059	181	24	0
69	17	3.746404	796	15	0
69	3	7.400319	177	21	0
69	16	1.336777	189	18	0
69	15	6.211456	150	20	0
69	20	2.466727	265	16	0
69	22	0.220584	179	20	0
69	23	5.718310	169	0	2
72	1	2.000000	185	20	1
72	2	3.113949	206	20	0
72	4	2.071213	149	16	0
72	5	3.366875	164	15	0
72	7	3.359891	284	27	0
72	8	2.581431	160	18	0
72	8	1.047911	264	16	0
72	10	6.713001	249	23	0
72	10	2.992612	202	25	0
72	11	3.793094	395	23	0
72	10	3.589100	311	14	0
72	8	4.566859	159	21	0
72	12	1.991475	201	13	0
72	13	1.084340	107	18	0
72	10	6.086457	195	19	0
72	15	2.063308	199	23	0
72	14	4.342474	228	15	0
72	15	6.447886	178	20	0
72	16	4.193533	156	22	0
72	16	5.162254	244	22	0
72	17	5.606885	159	18	0
72	17	1.866223	216	20	0
72	19	0.339669	288	24	0
72	21	0.787070	161	13	0
72	22	4.733309	232	0	2
75	1	2.000000	442	19	1
75	3	4.440956	185	20	0
75	5	1.180886	225	15	0
75	6	5.413294	173	18	0
75	7	3.173106	94	19	0
75	7	1.716172	200	23	0
75	2	2.278547	136	19	0
75	7	0.049594	204	19	0
75	6	5.809107	135	17	0
75	7	5.568230	171	29	0
75	7	0.958078	178	24	0
75	9	1.975602	170	10	0
75	11	1.093523	194	27	0
75	12	2.506688	231	23	0
75	11	0.045451	183	23	0
75	11	3.638266	218	14	0
75	10	2.449581	122	21	0
75	15	8.387983	81	30	0
75	16	5.197730	266	19	0
75	16	1.775489	214	26	0
75	17	4.219420	228	18	0
75	3	3.464387	119	20	0
75	13	1.041322	174	19	0
75	15	1.942842	193	21	0
75	14	4.018315	242	15	0
75	18	1.521485	218	24	0
75	19	5.411107	106	12	0
75	19	7.972066	112	22	0
75	22	1.389103	236	0	2
82	1	2.000000	226	16	1
82	3	1.319477	175	14	0
82	3	5.325452	286	21	0
82	6	7.853247	289	20	0
82	7	3.525533	143	21	0
82	8	3.418999	252	16	0
82	6	5.961928	198	27	0
82	6	4.323035	174	15	0
82	13	9.254486	197	16	0
82	15	0.272523	217	11	0
82	13	3.581975	145	19	0
82	16	4.824302	214	20	0
82	6	2.736941	184	24	0
82	8	5.555364	122	15	0
82	10	7.866488	271	25	0
82	3	5.900864	190	19	0
82	10	5.306015	158	14	0
82	8	5.529165	285	15	0
82	6	4.842610	214	16	0
82	10	7.458391	165	16	0
82	16	9.680175	276	13	0
82	17	4.703336	82	25	0
82	17	2.953488	485	17	0
82	7	5.111500	213	22	0
82	6	3.336081	88	22	0
82	21	0.760328	264	20	0
82	23	0.583267	220	23	0
82	24	6.797752	282	25	0
82	16	12.854348	184	25	0
82	20	1.857862	170	0	2
85	1	2.000000	195	16	1
85	2	3.171100	149	26	0
85	3	6.462934	224	17	0
85	4	3.098895	157	21	0
85	6	0.604772	166	17	0
85	6	6.016606	209	26	0
85	7	5.068191	226	24	0
85	8	4.428379	225	13	0
85	6	5.107261	324	16	0
85	11	0.320731	272	14	0
85	11	4.101320	427	23	0
85	11	1.314040	275	13	0
85	13	5.590657	119	20	0
85	14	3.285119	328	19	0
85	13	4.684695	225	14	0
85	15	3.161528	218	31	0
85	18	3.462310	179	28	0
85	19	2.236343	123	22	0
85	17	4.203146	280	21	0
85	16	4.874822	311	19	0
85	16	3.677996	198	19	0
85	17	2.624919	182	16	0
85	21	1.665948	198	21	0
85	23	6.297036	151	21	0
85	23	7.599237	412	0	2
88	1	2.000000	230	40	1
88	2	2.795366	271	17	0
88	4	0.958877	266	16	0
88	5	3.373505	142	11	0
88	6	4.597240	145	24	0
88	6	2.169845	193	23	0
88	7	1.841845	221	23	0
88	7	4.336869	264	28	0
88	7	5.116247	326	31	0
88	8	5.961425	99	14	0
88	10	0.162155	153	17	0
88	10	5.322081	258	16	0
88	11	5.509536	102	14	0
88	11	3.010026	806	24	0
88	10	4.018954	116	19	0
88	10	3.646976	213	26	0
88	13	3.982945	169	19	0
88	14	6.154286	146	18	0
88	15	4.315387	334	15	0
88	16	5.230806	170	22	0
88	17	3.082337	144	24	0
88	16	4.740176	135	15	0
88	18	3.269188	157	26	0
88	19	4.949885	298	19	0
88	21	1.966386	221	24	0
88	22	5.055918	121	18	0
88	23	3.222877	93	17	0
88	23	4.849022	240	0	2
91	1	2.000000	200	20	1
91	2	3.198853	253	17	0
91	3	7.347642	148	22	0
91	5	3.843328	326	15	0
91	6	6.599498	138	18	0
91	7	4.399574	239	20	0
91	8	5.562944	268	15	0
91	8	3.900355	277	25	0
91	10	0.579164	229	27	0
91	9	3.019837	287	13	0
91	8	6.158255	184	24	0
91	3	6.615146	207	14	0
91	6	5.438544	176	29	0
91	9	1.444796	136	16	0
91	10	0.446949	151	15	0
91	11	3.460861	122	20	0
91	13	3.865101	214	13	0
91	13	6.757821	849	21	0
91	15	1.728508	133	18	0
91	15	6.684501	563	30	0
91	15	4.507050	121	15	0
91	16	3.160881	366	26	0
91	18	2.258438	179	20	0
91	19	3.908854	205	16	0
91	20	2.914203	93	19	0
91	22	1.557318	146	17	0
91	22	5.406079	187	0	2
98	1	2.000000	117	19	1
98	2	0.407941	164	19	0
98	3	6.189192	136	28	0
98	3	2.769454	424	19	0
98	5	3.044320	121	22	0
98	7	4.410450	208	25	0
98	8	5.885269	359	20	0
98	8	3.924551	484	9	0
98	9	2.440656	231	20	0
98	10	5.170927	251	30	0
98	8	2.967127	180	19	0
98	10	5.175501	121	22	0
98	8	3.837120	173	18	0
98	10	2.108312	187	24	0
98	10	5.919236	317	16	0
98	12	0.262925	125	23	0
98	13	4.565041	181	19	0
98	14	3.485416	164	20	0
98	14	1.311044	337	21	0
98	13	4.239629	74	16	0
98	15	0.005113	187	14	0
98	13	2.407727	191	16	0
98	16	2.769681	220	19	0
98	16	8.620123	223	17	0
98	17	4.928095	142	15	0
98	17	0.961690	301	21	0
98	17	4.610322	415	29	0
98	3	0.707641	270	14	0
98	15	3.010562	131	22	0
98	18	5.695506	344	24	0
98	20	3.897410	191	18	0
98	21	4.591114	137	16	0
98	22	3.048056	110	19	0
98	22	0.528442	374	18	0
98	22	2.386137	202	20	0
98	23	6.137409	170	20	0
98	24	3.816956	187	0	2
101	1	2.000000	165	17	1
101	3	4.000888	136	23	0
101	3	6.989427	208	10	0
101	3	7.372715	206	20	0
101	4	3.472525	261	12	0
101	5	3.027777	253	22	0
101	6	5.459960	46	20	0
101	6	7.423163	307	15	0
101	6	3.037344	1538	18	0
101	6	9.601467	243	12	0
101	7	4.713700	106	18	0
101	8	4.677059	330	20	0
101	9	2.077773	61	17	0
101	8	8.485361	115	13	0
101	10	4.419884	212	20	0
101	11	3.478269	222	19	0
101	11	1.820591	418	20	0
101	10	3.644083	99	22	0
101	8	6.127623	89	23	0
101	10	6.172511	236	21	0
101	13	7.302604	192	14	0
101	14	3.095490	162	15	0
101	11	0.054837	154	16	0
101	15	7.099818	140	24	0
101	14	1.616554	288	14	0
101	16	7.861142	211	15	0
101	17	4.288617	139	15	0
101	17	6.545561	204	20	0
101	17	4.129500	490	23	0
101	20	2.270308	125	16	0
101	20	1.866610	231	18	0
101	21	3.938458	265	19	0
101	22	3.299855	228	21	0
101	23	5.005320	156	0	2
104	1	2.000000	177	24	1
104	1	0.055409	240	16	0
104	4	2.654466	357	32	0
104	5	3.826278	177	26	0
104	6	7.255037	456	18	0
104	7	5.914848	208	19	0
104	7	1.183524	278	13	0
104	9	4.671273	142	22	0
104	10	3.036148	244	19	0
104	9	5.763306	156	14	0
104	12	2.352359	150	16	0
104	11	3.071820	186	15	0
104	10	3.453964	99	22	0
104	11	0.793139	160	22	0
104	10	2.876308	329	27	0
104	14	1.587438	160	24	0
104	15	4.558273	165	14	0
104	16	4.631482	291	20	0
104	10	3.439006	228	21	0
104	8	5.804227	152	21	0
104	16	6.555271	207	19	0
104	17	5.048623	159	16	0
104	19	3.156493	245	16	0
104	19	5.333003	303	16	0
104	21	3.277861	347	0	2
107	1	2.000000	194	17	1
107	3	5.820758	396	22	0
107	6	4.469902	109	25	0
107	6	8.015538	421	23	0
107	7	3.537596	239	20	0
107	7	2.065286	638	16	0
107	5	3.868090	127	20	0
107	9	1.965603	337	15	0
107	7	3.890698	134	27	0
107	10	1.079854	217	9	0
107	11	0.399514	194	13	0
107	11	3.968047	225	18	0
107	10	2.180236	236	15	0
107	12	2.778235	58	20	0
107	13	3.293728	218	18	0
107	14	6.669807	445	16	0
107	18	1.429105	168	25	0
107	16	6.412681	242	15	0
107	16	3.357724	234	16	0
107	16	6.308452	273	21	0
107	18	6.929483	331	15	0
107	20	4.580880	139	15	0
107	20	0.848781	203	19	0
107	22	0.089009	266	0	2
114	1	2.000000	224	22	1
114	4	1.794444	53	21	0
114	3	2.519484	199	26	0
114	5	1.475946	162	13	0
114	6	4.554351	278	15	0
114	8	4.498358	111	19	0
114	8	4.242244	441	19	0
114	7	4.136815	195	21	0
114	7	0.343188	439	11	0
114	8	4.352202	202	22	0
114	9	3.161069	251	22	0
114	3	2.358453	213	13	0
114	10	0.733358	128	21	0
114	8	9.875438	153	22	0
114	10	7.186998	235	22	0
114	13	2.374236	298	18	0
114	14	1.321799	313	20	0
114	15	5.347953	183	20	0
114	6	3.708566	252	17	0
114	12	2.270413	124	12	0
114	17	2.338300	350	9	0
114	15	5.546348	289	25	0
114	13	3.738617	122	11	0
114	14	2.936092	359	19	0
114	17	2.540019	126	20	0
114	17	6.278366	238	22	0
114	22	0.751144	246	22	0
114	23	4.221284	65	17	0
114	20	2.843711	460	0	2
117	1	2.000000	252	19	1
117	3	2.791358	118	15	0
117	3	2.776237	212	19	0
117	4	0.646273	213	23	0
117	5	3.491639	217	18	0
117	7	3.540746	179	26	0
117	7	5.222511	302	22	0
117	8	3.264843	176	21	0
117	9	0.818308	198	27	0
117	10	5.813818	140	22	0
117	10	3.602096	163	15	0
117	11	4.504650	258	17	0
117	10	6.760357	146	11	0
117	13	1.823802	183	28	0
117	11	3.915557	190	15	0
117	10	5.045015	131	14	0
117	13	3.787192	165	19	0
117	10	5.075742	199	24	0
117	15	6.663912	173	14	0
117	15	7.454407	333	22	0
117	16	5.058223	63	23	0
117	19	0.506467	112	19	0
117	18	2.959717	268	16	0
117	17	3.462570	305	20	0
117	17	7.426280	292	24	0
117	17	2.905287	455	13	0
117	20	1.039943	172	20	0
117	19	1.878379	165	18	0
117	21	2.292462	292	27	0
117	23	8.845830	198	21	0
117	23	2.847654	147	0	2
120	1	2.000000	195	13	1
120	6	0.344759	185	22	0
120	6	4.303139	344	13	0
120	7	2.276662	138	19	0
120	7	5.232926	491	17	0
120	6	4.701032	153	34	0
120	3	5.804443	190	25	0
120	2	2.061389	265	23	0
120	10	4.085694	206	11	0
120	10	7.623600	278	20	0
120	10	7.975922	537	29	0
120	10	4.455521	385	16	0
120	9	1.993672	277	25	0
120	13	4.421906	140	20	0
120	13	1.991630	238	20	0
120	15	4.734257	144	15	0
120	15	1.525744	363	25	0
120	16	4.114494	278	15	0
120	16	8.627886	226	23	0
120	16	4.588029	755	20	0
120	18	1.889796	185	20	0
120	19	5.577565	256	30	0
120	19	8.105217	309	19	0
120	20	4.469065	153	17	0
120	22	2.065785	85	14	0
120	22	5.094077	749	0	2
123	1	2.000000	440	13	1
123	3	7.614548	36	18	0
123	3	4.009752	391	23	0
123	4	4.071120	283	19	0
123	6	3.862266	227	17	0
123	7	4.810967	263	22	0
123	8	6.584218	303	19	0
123	10	1.371318	250	20	0
123	3	6.850874	136	15	0
123	11	5.440653	136	32	0
123	13	9.709107	218	25	0
123	14	5.413157	224	13	0
123	4	1.685739	187	22	0
123	9	2.581922	147	22	0
123	15	9.507109	259	17	0
123	16	4.963789	93	11	0
123	16	7.988789	216	16	0
123	16	3.840395	580	15	0
123	18	2.923396	228	14	0
123	19	2.951606	245	19	0
123	20	4.865462	227	15	0
123	21	3.845847	286	17	0
123	23	4.883239	263	0	2
130	1	2.000000	184	15	1
130	3	1.352258	158	28	0
130	3	5.295702	296	20	0
130	6	4.090427	174	19	0
130	6	6.454195	210	16	0
130	7	4.045754	256	24	0
130	7	0.260881	642	28	0
130	9	0.751593	188	20	0
130	10	3.896768	334	27	0
130	10	6.384985	246	11	0
130	10	3.740517	827	15	0
130	13	0.171621	118	21	0
130	13	5.916253	220	20	0
130	15	0.711049	167	30	0
130	15	5.030507	208	26	0
130	15	1.537034	211	28	0
130	15	4.253950	276	30	0
130	13	5.722165	116	17	0
130	13	3.905564	292	19	0
130	16	6.753584	198	24	0
130	17	5.386951	151	26	0
130	18	1.271642	334	21	0
130	21	1.850964	183	18	0
130	20	5.574879	109	24	0
130	23	1.402495	395	13	0
130	24	6.115430	114	0	2
133	1	2.000000	199	16	1
133	3	2.826984	178	15	0
133	3	5.699195	261	21	0
133	3	6.526003	220	20	0
133	5	2.198455	257	16	0
133	6	5.340212	46	16	0
133	7	2.476051	181	20	0
133	7	5.710531	451	16	0
133	8	6.249138	153	19	0
133	9	3.149674	236	23	0
133	6	7.300280	134	22	0
133	6	3.204493	581	18	0
133	10	0.165805	545	22	0
133	11	2.263762	225	15	0
133	12	3.417671	95	10	0
133	14	1.526940	93	20	0
133	13	3.055292	222	16	0
133	13	2.235047	367	25	0
133	15	4.712634	211	18	0
133	16	3.987283	131	19	0
133	16	7.539343	257	18	0
133	17	4.440213	352	18	0
133	17	7.012491	239	20	0
133	6	5.810949	178	25	0
133	18	0.780677	96	22	0
133	2	2.192283	107	17	0
133	15	1.966683	166	18	0
133	20	0.107804	179	17	0
133	20	4.447581	280	26	0
133	21	1.936804	97	17	0
133	23	0.606127	136	10	0
133	23	5.193541	279	0	2
136	1	2.000000	146	28	1
136	1	0.676089	216	30	0
136	4	2.077286	158	23	0
136	3	5.119349	218	21	0
136	6	0.105952	210	18	0
136	6	6.173095	297	16	0
136	7	1.872812	146	21	0
136	7	5.348213	440	21	0
136	7	2.056856	448	28	0
136	9	2.495344	282	20	0
136	10	6.567022	199	11	0
136	11	5.174670	236	16	0
136	10	4.598903	184	18	0
136	13	4.844617	270	13	0
136	5	2.729224	137	15	0
136	13	5.395347	250	17	0
136	15	4.975869	236	14	0
136	14	3.747055	158	20	0
136	13	4.488866	91	22	0
136	16	1.543716	258	18	0
136	16	0.603122	181	18	0
136	15	10.692521	220	21	0
136	16	5.912998	177	15	0
136	17	2.486858	187	17	0
136	21	0.344485	173	19	0
136	22	0.393392	185	24	0
136	22	4.848966	281	19	0
136	2	0.669825	166	22	0
136	19	1.348626	196	0	2
139	1	2.000000	145	18	1
139	2	4.302543	330	26	0
139	3	1.339372	131	17	0
139	4	0.872632	307	17	0
139	8	0.693187	133	17	0
139	6	4.794223	155	21	0
139	8	1.758789	211	23	0
139	6	6.957353	183	21	0
139	13	6.603893	204	18	0
139	12	1.706420	234	20	0
139	11	4.263545	229	19	0
139	10	5.957330	151	12	0
139	10	2.549798	318	20	0
139	10	5.593539	324	20	0
139	6	3.417102	181	27	0
139	8	4.899610	140	15	0
139	10	4.244303	107	21	0
139	8	2.387244	180	10	0
139	10	2.913188	214	25	0
139	15	3.497410	114	14	0
139	14	5.310255	225	17	0
139	15	4.564718	270	26	0
139	15	7.480888	199	20	0
139	16	6.372828	194	21	0
139	16	4.160512	299	18	0
139	16	3.824254	244	18	0
139	17	0.435136	227	19	0
139	18	2.689261	174	15	0
139	19	5.274100	171	18	0
139	20	2.881255	185	17	0
139	22	0.495399	193	18	0
139	22	5.164109	246	0	2
146	1	2.000000	135	19	1
146	2	2.818788	201	23	0
146	5	0.328099	222	15	0
146	6	4.647452	217	14	0
146	7	2.732038	256	24	0
146	7	5.769626	307	20	0
146	6	7.735580	128	24	0
146	8	10.338284	192	22	0
146	11	0.186813	181	24	0
146	10	5.869332	193	22	0
146	13	0.684518	144	18	0
146	10	7.745464	361	20	0
146	13	4.808216	157	15	0
146	4	0.417409	158	16	0
146	10	0.269081	188	17	0
146	13	2.658418	243	30	0
146	14	2.946369	162	14	0
146	14	1.031425	240	22	0
146	15	4.605549	137	19	0
146	15	4.112826	256	22	0
146	15	3.730675	538	15	0
146	14	3.073280	247	25	0
146	16	6.487092	164	23	0
146	17	7.170957	248	19	0
146	17	4.565592	379	18	0
146	6	2.192082	210	16	0
146	16	2.770954	187	17	0
146	18	2.579258	123	19	0
146	21	0.788986	181	30	0
146	23	7.149603	132	20	0
146	23	2.929459	258	0	2
149	1	2.000000	244	15	1
149	3	6.047507	48	16	0
149	3	2.977974	271	16	0
149	4	1.258841	162	17	0
149	5	3.538508	106	18	0
149	5	1.193821	316	20	0
149	6	4.727681	175	21	0
149	8	0.243599	171	24	0
149	7	3.596770	258	16	0
149	8	4.264910	201	14	0
149	9	2.859936	108	21	0
149	9	0.066222	398	26	0
149	10	3.761731	292	25	0
149	11	3.725267	97	17	0
149	10	3.459902	284	17	0
149	13	4.892366	212	25	0
149	13	0.165973	287	17	0
149	16	10.355784	158	16	0
149	17	5.077462	211	19	0
149	18	1.019611	187	13	0
149	16	9.394999	208	24	0
149	8	8.754804	206	23	0
149	18	0.831583	144	19	0
149	16	6.904412	371	21	0
149	15	3.284435	101	16	0
149	15	6.076303	1472	18	0
149	20	13.033633	141	16	0
149	21	2.902146	133	18	0
149	22	4.707634	208	0	2
152	1	2.000000	191	22	1
152	2	1.207800	119	19	0
152	5	0.766638	199	17	0
152	3	2.467659	188	22	0
152	6	4.913850	194	13	0
152	7	2.683846	257	16	0
152	8	1.618650	220	17	0
152	7	3.805421	140	15	0
152	9	3.774427	330	18	0
152	9	1.268103	455	19	0
152	10	4.248960	118	23	0
152	10	1.237295	203	21	0
152	12	0.545198	132	16	0
152	13	4.918820	217	30	0
152	13	7.975185	314	18	0
152	14	3.390371	193	13	0
152	15	3.559228	174	28	0
152	16	3.718626	280	13	0
152	16	2.485411	396	32	0
152	17	3.645589	107	13	0
152	18	3.569929	190	11	0
152	19	8.243597	247	22	0
152	20	5.715198	162	20	0
152	22	4.343583	173	0	2
155	1	2.000000	223	12	1
155	3	0.179173	167	20	0
155	3	4.229962	230	15	0
155	4	3.155695	306	12	0
155	5	2.113364	90	21	0
155	5	1.412629	202	13	0
155	6	0.133801	198	24	0
155	6	6.239957	322	17	0
155	6	4.825325	208	16	0
155	7	4.727323	266	16	0
155	7	2.580439	852	24	0
155	8	4.130348	254	10	0
155	8	4.032129	212	22	0
155	10	5.041433	267	9	0
155	10	1.699504	225	17	0
155	10	6.112953	339	26	0
155	10	2.674426	335	24	0
155	11	3.289018	438	18	0
155	13	0.638050	152	22	0
155	13	6.810095	175	22	0
155	14	5.332278	363	19	0
155	15	5.134535	113	20	0
155	16	4.147355	297	22	0
155	16	7.669145	628	22	0
155	4	2.817737	292	22	0
155	15	0.042490	166	14	0
155	18	2.918349	213	24	0
155	19	5.735298	71	15	0
155	20	2.248703	219	19	0
155	21	4.813989	242	0	2
162	1	2.000000	163	27	1
162	4	2.149659	175	18	0
162	3	3.972145	141	14	0
162	4	4.029754	223	24	0
162	6	6.837022	97	21	0
162	7	4.889519	167	22	0
162	6	5.900206	366	20	0
162	10	2.628834	230	16	0
162	10	7.295929	363	23	0
162	8	5.538707	144	15	0
162	9	3.396843	268	21	0
162	10	5.167741	153	21	0
162	12	2.103918	133	17	0
162	13	3.367297	309	16	0
162	13	5.976682	198	19	0
162	14	2.701163	249	17	0
162	15	5.045920	156	12	0
162	15	1.484937	379	17	0
162	13	4.102029	75	18	0
162	10	9.339684	148	15	0
162	16	5.856494	232	19	0
162	17	3.687091	218	19	0
162	17	6.605926	277	22	0
162	17	2.254666	258	23	0
162	18	2.920435	96	26	0
162	17	5.364937	215	15	0
162	20	3.905413	127	13	0
162	20	3.394097	197	16	0
162	20	7.201461	749	16	0
162	22	6.439870	271	0	2
165	1	2.000000	191	17	1
165	2	3.345642	423	21	0
165	5	0.298887	151	20	0
165	6	5.619131	141	16	0
165	6	3.550681	207	13	0
165	2	1.365241	226	15	0
165	1	2.488148	89	14	0
165	7	3.750970	329	19	0
165	10	3.993792	53	16	0
165	11	0.129507	126	14	0
165	10	5.231135	232	17	0
165	10	3.591351	272	17	0
165	9	1.370914	114	20	0
165	12	2.984520	178	22	0
165	13	5.916072	284	22	0
165	14	3.430718	239	20	0
165	14	1.302622	270	24	0
165	13	4.052598	284	14	0
165	14	3.617575	168	17	0
165	14	0.003552	204	16	0
165	15	4.466482	210	25	0
165	16	5.311460	257	30	0
165	17	5.546810	136	22	0
165	19	0.587340	211	23	0
165	19	3.547833	411	20	0
165	18	5.136768	213	20	0
165	23	1.411455	158	19	0
165	21	2.460548	83	0	2
