7	1	2.000000	184	25	1
7	2	5.622362	711	13	0
7	3	3.898318	441	20	0
7	7	2.047942	172	22	0
7	6	5.014371	675	15	0
7	7	3.803387	392	15	0
7	7	1.809315	115	18	0
7	8	7.085268	1181	21	0
7	10	6.654551	740	15	0
7	13	8.411073	674	17	0
7	12	2.654032	538	18	0
7	15	8.276311	271	22	0
7	16	10.525710	189	21	0
7	16	3.477231	124	22	0
7	10	0.264529	220	32	0
7	18	0.338079	319	17	0
7	19	4.611298	778	14	0
7	20	1.116229	607	22	0
7	22	4.519209	920	0	2
14	1	2.000000	222	19	1
14	3	0.585581	247	16	0
14	4	3.396360	862	22	0
14	5	3.455757	674	20	0
14	6	6.929177	593	15	0
14	9	2.790606	297	24	0
14	8	5.067728	439	14	0
14	13	1.032741	233	19	0
14	13	7.339457	167	19	0
14	11	2.425185	486	16	0
14	14	2.510349	400	21	0
14	16	0.927299	283	28	0
14	16	6.137545	123	17	0
14	19	0.935748	199	33	0
14	17	4.246741	579	35	0
14	20	6.460589	734	15	0
14	21	2.593448	565	16	0
14	22	2.467586	471	21	0
14	23	3.163858	567	0	2
17	1	2.000000	247	18	1
17	3	5.178720	650	20	0
17	6	4.645336	607	22	0
17	8	0.639835	758	14	0
17	9	1.736076	539	17	0
17	8	4.275607	548	16	0
17	10	4.019557	483	22	0
17	11	2.800849	690	15	0
17	12	3.061784	510	15	0
17	14	0.756647	607	11	0
17	15	2.104009	704	25	0
17	16	5.962157	647	14	0
17	17	2.708459	946	27	0
17	18	3.593963	564	11	0
17	19	3.909373	539	20	0
17	22	2.387093	294	18	0
17	23	4.742841	604	0	2
20	1	2.000000	246	18	1
20	3	5.256117	479	9	0
20	4	4.101216	489	16	0
20	7	3.979249	703	25	0
20	10	9.686216	879	22	0
20	8	2.383360	778	20	0
20	10	5.734934	485	12	0
20	10	8.656355	192	27	0
20	10	6.110336	135	21	0
20	10	7.588073	132	20	0
20	9	2.825791	880	30	0
20	13	1.241096	721	24	0
20	14	2.147415	634	22	0
20	15	5.130914	357	21	0
20	16	4.128045	879	32	0
20	18	0.548268	465	13	0
20	19	3.065856	635	20	0
20	21	2.790729	530	15	0
20	22	2.641761	591	0	2
23	1	2.000000	160	15	1
23	2	3.882077	995	15	0
23	5	2.332264	362	19	0
23	5	0.327495	122	14	0
23	6	4.803105	739	17	0
23	6	9.228134	155	13	0
23	7	4.121789	711	20	0
23	10	5.370999	564	16	0
23	9	1.109631	852	18	0
23	13	8.814641	433	22	0
23	12	2.820457	399	18	0
23	15	0.994289	164	19	0
23	15	5.230166	167	25	0
23	16	3.542498	895	17	0
23	18	0.572559	845	13	0
23	20	1.171750	780	16	0
23	21	2.055853	1119	0	2
30	1	2.000000	250	15	1
30	2	1.559612	618	28	0
30	3	6.788492	636	20	0
30	6	1.911201	671	16	0
30	8	3.349766	539	18	0
30	6	3.207365	901	15	0
30	12	2.534345	340	33	0
30	13	6.980163	448	18	0
30	1	2.740070	170	16	0
30	7	5.991943	231	16	0
30	11	1.876861	492	23	0
30	8	1.412337	556	11	0
30	15	9.380732	737	14	0
30	17	2.899415	948	22	0
30	20	3.768456	492	18	0
30	21	1.757316	465	19	0
30	23	3.626862	943	0	2
33	1	2.000000	206	22	1
33	3	3.034749	417	22	0
33	4	4.904326	246	19	0
33	6	3.639614	500	25	0
33	7	2.104704	570	25	0
33	7	1.135738	130	17	0
33	8	4.810628	596	14	0
33	11	0.637341	264	20	0
33	9	4.158581	469	16	0
33	12	2.872818	1113	26	0
33	15	1.364061	275	26	0
33	14	2.142531	442	14	0
33	16	5.815571	717	19	0
33	17	3.995102	1130	11	0
33	18	2.043278	742	19	0
33	22	0.804962	194	15	0
33	23	5.114477	746	26	0
33	15	5.430472	187	17	0
33	22	0.743961	172	20	0
33	20	7.329186	862	0	2
36	1	2.000000	189	35	1
36	2	2.690943	588	22	0
36	3	6.610869	521	19	0
36	6	0.072548	485	15	0
36	7	2.726554	889	14	0
36	8	5.632510	580	19	0
36	10	8.463565	886	12	0
36	14	3.522658	466	15	0
36	15	4.284510	537	18	0
36	6	1.879635	401	23	0
36	13	5.306024	518	15	0
36	12	0.598352	766	23	0
36	15	3.572224	237	20	0
36	16	4.188960	584	23	0
36	19	2.629287	250	20	0
36	19	9.629032	222	15	0
36	21	0.687206	125	21	0
36	22	0.448329	208	0	2
39	1	2.000000	273	16	1
39	4	1.128895	265	25	0
39	5	3.451968	697	16	0
39	6	5.235953	619	14	0
39	8	4.227492	746	18	0
39	7	3.232496	490	20	0
39	10	1.989766	699	31	0
39	10	0.033580	187	10	0
39	11	5.354325	192	20	0
39	13	6.500369	1066	19	0
39	14	4.252257	561	20	0
39	15	4.873338	947	16	0
39	15	7.990161	137	23	0
39	16	2.397542	1155	15	0
39	17	5.008121	414	24	0
39	19	4.217988	564	18	0
39	20	2.538666	294	17	0
39	22	5.252794	593	0	2
46	1	2.000000	258	20	1
46	2	5.655384	828	18	0
46	4	2.314597	245	17	0
46	6	5.619811	686	12	0
46	8	3.255649	809	15	0
46	11	1.483096	479	22	0
46	15	0.288632	251	18	0
46	14	2.923460	865	16	0
46	15	6.404831	632	10	0
46	19	1.830508	208	29	0
46	20	4.422356	911	21	0
46	22	0.016367	221	19	0
46	23	3.394560	653	16	0
46	14	3.564923	219	24	0
46	18	3.483797	575	20	0
46	8	2.681861	204	0	2
49	1	2.000000	147	21	1
49	3	0.654689	257	21	0
49	4	2.582620	297	26	0
49	5	2.944029	411	30	0
49	6	3.978863	823	20	0
49	7	3.998385	884	24	0
49	10	4.775800	761	23	0
49	10	0.158713	269	20	0
49	12	2.626132	332	16	0
49	13	4.807715	457	14	0
49	14	1.589674	487	25	0
49	15	6.402070	983	15	0
49	17	3.595919	827	16	0
49	18	1.290134	741	16	0
49	21	0.094522	206	19	0
49	22	2.311989	613	20	0
49	23	6.049102	539	12	0
49	21	1.051889	253	20	0
49	20	4.540190	416	0	2
52	1	2.000000	193	19	1
52	3	0.770764	225	17	0
52	5	0.645391	556	33	0
52	6	4.872552	450	33	0
52	7	3.324930	1019	19	0
52	10	5.670484	704	19	0
52	10	3.195356	125	17	0
52	9	2.893231	853	18	0
52	11	4.541534	897	27	0
52	13	3.742217	765	13	0
52	17	2.274051	222	17	0
52	16	4.923141	1356	26	0
52	19	2.064458	691	17	0
52	21	1.040917	329	21	0
52	22	5.208864	776	0	2
55	1	2.000000	149	17	1
55	5	0.694147	230	22	0
55	6	5.508169	679	24	0
55	4	2.793900	227	18	0
55	3	5.699519	825	21	0
55	10	0.176628	237	16	0
55	8	4.575702	613	12	0
55	11	2.525878	276	17	0
55	11	4.525633	181	23	0
55	12	1.403244	463	16	0
55	14	8.264092	511	21	0
55	16	3.238225	575	14	0
55	16	6.633095	104	18	0
55	17	4.066469	480	21	0
55	19	4.884566	985	19	0
55	22	2.034164	290	0	2
62	1	2.000000	197	21	1
62	4	3.354853	534	17	0
62	7	1.456414	556	26	0
62	8	3.602641	620	22	0
62	8	3.545359	102	21	0
62	10	5.641442	943	18	0
62	9	1.007905	451	30	0
62	13	0.515565	385	26	0
62	13	3.276636	163	21	0
62	14	3.899167	1083	19	0
62	16	1.978769	1245	19	0
62	18	2.087192	222	18	0
62	19	1.487031	319	21	0
62	20	5.796484	478	21	0
62	22	0.151170	191	24	0
62	23	3.110298	523	0	2
65	1	2.000000	223	23	1
65	2	3.138209	612	18	0
65	5	3.949878	456	30	0
65	5	1.522376	122	17	0
65	7	5.688993	925	22	0
65	10	3.756867	829	18	0
65	12	3.461958	706	17	0
65	14	1.983573	619	18	0
65	12	3.733922	192	31	0
65	17	7.108749	772	21	0
65	17	8.348862	127	19	0
65	19	1.166053	252	18	0
65	20	6.428454	441	16	0
65	22	1.156810	192	17	0
65	23	5.482816	534	17	0
65	24	2.995954	913	29	0
65	17	6.355845	241	19	0
65	16	6.158198	619	0	2
68	1	2.000000	276	16	1
68	4	2.746327	429	20	0
68	3	4.442816	457	18	0
68	5	2.124601	709	22	0
68	6	5.323365	574	13	0
68	7	3.442534	1106	15	0
68	9	3.711905	636	20	0
68	11	5.872035	836	24	0
68	14	0.156450	232	17	0
68	14	5.530669	121	17	0
68	15	3.511782	851	19	0
68	16	4.400750	723	14	0
68	17	2.991992	597	22	0
68	19	1.415706	786	20	0
68	21	2.171306	430	12	0
68	22	7.639555	790	0	2
71	1	2.000000	169	16	1
71	4	0.807478	390	23	0
71	5	3.355453	609	19	0
71	6	2.982520	587	22	0
71	7	3.945111	859	23	0
71	8	4.314388	470	19	0
71	11	1.605698	554	14	0
71	8	5.430284	464	13	0
71	12	1.209459	620	26	0
71	13	5.437763	620	19	0
71	14	3.371055	780	15	0
71	15	4.552263	748	15	0
71	16	2.339102	1070	21	0
71	19	0.558614	205	23	0
71	20	1.450715	746	22	0
71	22	3.990751	546	0	2
78	1	2.000000	185	23	1
78	3	5.410468	465	30	0
78	4	4.685405	609	20	0
78	6	4.825744	743	27	0
78	7	3.278860	943	22	0
78	8	3.074964	761	20	0
78	10	1.713084	403	19	0
78	12	0.248140	230	19	0
78	13	2.781475	811	20	0
78	14	3.201506	513	25	0
78	15	0.475203	219	10	0
78	15	5.029351	120	13	0
78	15	2.143313	117	13	0
78	16	3.166889	1053	18	0
78	17	5.027055	601	26	0
78	18	5.182308	1042	23	0
78	19	3.625517	289	16	0
78	20	5.952171	450	19	0
78	22	0.361787	387	22	0
78	23	4.457346	509	0	2
81	1	2.000000	212	18	1
81	4	4.212166	518	13	0
81	3	6.103810	664	20	0
81	6	3.168246	827	13	0
81	6	6.836042	176	18	0
81	7	4.937797	536	22	0
81	10	5.170131	737	19	0
81	9	1.420167	374	24	0
81	10	4.101917	613	26	0
81	14	1.189432	154	25	0
81	12	2.430094	888	25	0
81	16	6.378836	852	23	0
81	15	1.977231	922	26	0
81	17	7.429353	258	13	0
81	17	3.112453	181	19	0
81	6	6.165900	693	19	0
81	24	8.830628	322	18	0
81	16	2.650921	345	16	0
81	20	2.622051	197	22	0
81	21	3.308126	1218	21	0
81	24	6.183872	610	15	0
81	24	0.186556	341	0	2
84	1	2.000000	143	18	1
84	2	3.028368	839	19	0
84	6	1.604022	299	15	0
84	4	2.846905	752	21	0
84	8	6.732671	573	16	0
84	7	3.595508	682	17	0
84	10	2.347049	695	16	0
84	11	4.099265	364	19	0
84	14	2.041004	215	18	0
84	13	5.855433	541	20	0
84	14	3.585790	733	19	0
84	14	2.304313	91	24	0
84	15	6.123675	547	19	0
84	17	4.891937	895	20	0
84	16	4.589628	439	14	0
84	19	3.324598	758	13	0
84	21	3.442035	323	0	2
87	1	2.000000	196	17	1
87	2	3.240468	795	19	0
87	4	0.147447	242	14	0
87	6	3.080985	588	15	0
87	7	4.906627	634	22	0
87	10	4.429331	247	31	0
87	11	3.049798	295	9	0
87	1	0.882737	204	17	0
87	8	6.836621	336	27	0
87	12	1.785708	486	25	0
87	14	6.172100	827	18	0
87	16	3.571363	266	19	0
87	6	5.311975	373	22	0
87	17	2.219018	694	12	0
87	19	4.913206	670	17	0
87	21	2.653707	701	21	0
87	22	3.764272	451	20	0
87	23	5.634872	831	0	2
94	1	2.000000	175	21	1
94	2	3.421891	641	22	0
94	5	0.561144	399	25	0
94	6	6.382550	850	22	0
94	7	3.569450	749	25	0
94	8	6.798209	771	26	0
94	8	4.959751	156	22	0
94	8	7.870162	139	22	0
94	9	2.692667	897	18	0
94	10	4.514470	645	16	0
94	13	4.745817	608	21	0
94	14	2.383140	706	14	0
94	16	4.372858	777	25	0
94	16	3.471821	167	20	0
94	18	1.671649	598	17	0
94	23	0.168148	335	18	0
94	23	4.357421	166	26	0
94	20	3.181475	1024	0	2
97	1	2.000000	217	19	1
97	4	1.710865	525	16	0
97	5	2.990346	632	19	0
97	7	1.233393	292	18	0
97	6	2.133450	589	18	0
97	8	9.792954	204	18	0
97	8	5.372400	151	15	0
97	10	6.445854	838	26	0
97	14	0.441414	236	19	0
97	15	3.762675	257	17	0
97	16	8.524417	531	19	0
97	17	3.516024	759	14	0
97	10	5.380771	253	14	0
97	14	2.651989	294	34	0
97	11	1.785025	347	18	0
97	19	2.088389	188	22	0
97	20	5.767151	723	26	0
97	22	1.375385	740	27	0
97	23	3.292035	599	24	0
97	24	2.737488	482	0	2
100	1	2.000000	217	20	1
100	2	2.015251	562	17	0
100	3	5.393694	608	17	0
100	6	5.555165	261	21	0
100	5	0.527889	361	17	0
100	6	8.877263	186	20	0
100	6	3.535248	129	16	0
100	10	1.331803	239	22	0
100	10	5.505970	147	26	0
100	11	3.015062	808	13	0
100	1	0.192547	272	22	0
100	9	0.170306	418	16	0
100	13	11.440134	263	21	0
100	14	5.353497	429	13	0
100	15	5.447514	476	14	0
100	9	2.857203	255	17	0
100	19	5.762834	285	28	0
100	17	2.893653	151	19	0
100	19	3.277760	447	20	0
100	22	4.566335	451	0	2
103	1	2.000000	209	13	1
103	4	0.623189	215	19	0
103	5	3.123211	720	17	0
103	6	5.865984	954	24	0
103	8	8.088708	919	26	0
103	9	4.167337	656	21	0
103	11	2.452037	897	18	0
103	13	3.872062	490	17	0
103	14	4.944601	660	20	0
103	15	4.728979	869	16	0
103	17	5.136062	628	18	0
103	19	3.958341	1074	23	0
103	21	0.974532	220	13	0
103	22	4.243094	828	0	2
110	1	2.000000	247	24	1
110	3	8.733181	311	24	0
110	4	4.559210	235	23	0
110	6	4.106039	517	27	0
110	7	3.267324	714	24	0
110	10	3.550583	619	16	0
110	13	2.732231	729	17	0
110	16	4.834051	309	19	0
110	15	2.847333	394	20	0
110	17	6.008049	502	21	0
110	19	4.543800	649	21	0
110	20	4.525991	565	22	0
110	23	5.575303	1103	19	0
110	22	2.322749	332	0	2
113	1	2.000000	185	23	1
113	2	3.477308	614	23	0
113	3	3.941533	324	18	0
113	4	3.723178	708	18	0
113	7	3.953389	787	14	0
113	6	5.861296	582	23	0
113	10	3.510583	790	22	0
113	13	3.672759	283	21	0
113	10	7.015228	632	23	0
113	16	3.668414	598	17	0
113	16	7.308351	196	18	0
113	17	3.825734	489	23	0
113	9	3.510461	242	22	0
113	16	1.967854	295	10	0
113	18	2.825308	709	22	0
113	21	2.167609	705	16	0
113	23	0.625632	300	0	2
116	1	2.000000	208	28	1
116	4	3.540466	574	19	0
116	3	6.048255	526	22	0
116	7	4.871242	431	22	0
116	6	4.870179	771	18	0
116	10	0.548107	243	23	0
116	10	5.982805	160	17	0
116	8	5.086134	669	20	0
116	13	1.081867	592	22	0
116	14	1.247947	653	20	0
116	15	3.060851	955	20	0
116	15	2.244386	112	17	0
116	17	0.966683	709	38	0
116	16	3.526681	589	22	0
116	19	4.905390	508	17	0
116	21	3.185991	886	0	2
119	1	2.000000	245	18	1
119	2	2.632361	563	23	0
119	5	1.145400	816	19	0
119	6	4.877931	523	19	0
119	7	2.268882	588	20	0
119	8	3.741993	1015	20	0
119	9	0.947503	662	22	0
119	10	4.918936	699	17	0
119	13	0.913367	239	26	0
119	14	3.492437	734	22	0
119	11	2.556027	924	14	0
119	14	1.251497	368	17	0
119	15	3.465801	660	25	0
119	16	4.728097	561	17	0
119	14	1.735349	203	27	0
119	16	5.343480	1036	17	0
119	16	4.078168	136	12	0
119	16	3.880492	148	12	0
119	16	1.752926	111	20	0
119	17	0.144623	563	19	0
119	20	4.898662	869	13	0
119	19	6.461956	888	15	0
119	22	1.810619	213	0	2
126	1	2.000000	149	21	1
126	2	1.724474	792	18	0
126	3	6.879248	925	20	0
126	6	1.019214	220	19	0
126	6	4.740299	126	29	0
126	7	3.442058	708	21	0
126	10	5.947182	313	22	0
126	10	1.229124	186	22	0
126	11	3.219768	585	16	0
126	14	3.563709	534	23	0
126	13	3.326751	650	21	0
126	17	5.617665	916	25	0
126	17	2.527523	107	23	0
126	16	5.455322	918	18	0
126	19	0.331712	254	23	0
126	20	2.715806	523	21	0
126	21	4.796264	773	20	0
126	22	4.131362	611	18	0
126	24	4.775046	1116	0	2
129	1	2.000000	174	21	1
129	1	0.296555	160	23	0
129	3	0.556567	358	17	0
129	3	0.257823	97	23	0
129	3	6.048672	140	16	0
129	4	2.277212	780	28	0
129	6	0.337005	164	20	0
129	6	5.300299	186	17	0
129	5	2.979667	834	25	0
129	7	4.878118	355	18	0
129	8	7.634459	716	24	0
129	9	2.806769	519	16	0
129	10	6.227381	772	25	0
129	11	3.927472	475	19	0
129	14	2.224743	445	20	0
129	15	4.632498	550	18	0
129	17	3.797160	702	14	0
129	18	1.634645	701	15	0
129	20	1.580181	613	17	0
129	21	4.165465	980	18	0
129	24	4.728845	466	0	2
132	1	2.000000	299	14	1
132	4	4.053513	617	17	0
132	3	5.384516	608	13	0
132	5	3.539402	599	24	0
132	6	5.887916	650	23	0
132	8	8.988184	643	18	0
132	10	4.346298	870	17	0
132	13	0.020081	304	14	0
132	14	3.234607	690	10	0
132	15	4.973331	824	16	0
132	16	7.839976	245	25	0
132	18	0.880327	328	23	0
132	19	3.289289	366	17	0
132	19	5.673069	219	16	0
132	21	2.493665	733	0	2
135	1	2.000000	272	17	1
135	3	3.489560	211	11	0
135	3	6.667768	130	23	0
135	3	6.953148	185	20	0
135	6	8.667496	761	9	0
135	4	3.219263	473	12	0
135	7	3.467101	530	18	0
135	10	4.131054	602	25	0
135	11	2.686416	926	22	0
135	12	2.606536	533	14	0
135	14	0.146045	398	21	0
135	15	5.553313	602	33	0
135	15	4.763681	175	17	0
135	16	6.940979	291	21	0
135	16	2.436605	133	27	0
135	18	1.369666	540	15	0
135	19	3.132217	696	20	0
135	22	4.470636	853	0	2
142	1	2.000000	187	19	1
142	2	4.375541	632	32	0
142	3	3.241938	703	19	0
142	6	8.881390	778	23	0
142	4	4.386524	826	19	0
142	8	2.439618	603	18	0
142	9	3.769818	567	18	0
142	10	3.900283	658	16	0
142	11	4.837852	692	19	0
142	13	5.691403	449	13	0
142	15	3.429660	630	14	0
142	16	3.523870	1043	16	0
142	17	2.547131	578	21	0
142	11	1.092844	171	17	0
142	17	2.015992	592	25	0
142	17	1.217562	164	18	0
142	18	2.400709	900	20	0
142	20	5.643968	575	17	0
142	23	0.445520	208	18	0
142	23	3.522288	183	0	2
145	1	2.000000	294	18	1
145	4	1.226780	308	19	0
145	6	3.713448	605	21	0
145	7	3.610307	906	22	0
145	8	6.583654	446	18	0
145	9	3.341895	502	20	0
145	4	0.712196	317	16	0
145	12	3.360626	486	30	0
145	14	3.197982	87	25	0
145	14	0.272116	148	18	0
145	1	2.280277	234	20	0
145	10	3.597669	306	13	0
145	15	11.483185	461	21	0
145	18	0.168289	657	27	0
145	19	3.522551	579	25	0
145	21	1.987937	741	21	0
145	22	3.474895	488	0	2
148	1	2.000000	277	10	1
148	3	4.234607	422	30	0
148	4	3.876780	1005	16	0
148	7	0.614507	668	21	0
148	6	7.552919	282	18	0
148	8	8.509480	748	20	0
148	11	0.039561	253	24	0
148	10	3.520753	659	21	0
148	11	4.166362	606	17	0
148	14	7.160131	462	19	0
148	13	4.658064	854	25	0
148	15	8.742328	832	16	0
148	19	5.743918	232	21	0
148	18	3.099583	577	30	0
148	20	1.775832	506	0	2
151	1	2.000000	156	25	1
151	2	5.072792	1170	15	0
151	6	4.146551	183	21	0
151	5	3.212757	719	20	0
151	6	6.107957	1009	24	0
151	9	2.801779	385	21	0
151	10	4.592890	905	17	0
151	13	9.160993	496	22	0
151	12	1.862090	492	15	0
151	14	6.801126	320	21	0
151	15	4.557836	538	20	0
151	19	0.544817	197	24	0
151	19	6.034253	138	23	0
151	20	5.060218	514	22	0
151	4	3.849275	287	20	0
151	16	0.620384	246	20	0
151	17	0.591097	767	11	0
151	20	1.421674	200	15	0
151	21	2.590660	541	0	2
158	1	2.000000	197	20	1
158	2	3.727011	522	21	0
158	4	1.834487	425	22	0
158	5	3.587123	1018	16	0
158	8	5.279577	444	17	0
158	7	2.305865	592	28	0
158	8	3.236763	956	24	0
158	8	6.471268	140	17	0
158	8	6.899448	134	17	0
158	8	3.686581	124	16	0
158	9	1.338560	931	19	0
158	10	5.301926	880	21	0
158	11	2.422145	742	14	0
158	13	2.536594	646	23	0
158	16	1.600553	275	22	0
158	15	3.500416	726	21	0
158	16	4.658044	955	22	0
158	17	4.525917	514	13	0
158	15	4.536252	186	17	0
158	17	3.476270	334	22	0
158	18	0.856720	521	15	0
158	20	0.142754	258	13	0
158	22	4.944668	687	0	2
161	1	2.000000	232	15	1
161	3	1.275993	324	19	0
161	4	4.207700	450	19	0
161	6	0.917489	231	23	0
161	6	4.403498	94	27	0
161	8	0.403154	283	22	0
161	8	4.723303	160	17	0
161	9	3.343455	776	13	0
161	11	4.329002	255	24	0
161	13	2.751619	357	19	0
161	15	0.919102	458	18	0
161	13	4.721567	980	35	0
161	16	5.010540	602	18	0
161	16	0.160625	122	25	0
161	17	7.165113	236	24	0
161	9	1.136829	458	20	0
161	20	3.467549	381	15	0
161	20	2.622036	141	25	0
161	21	5.516328	179	15	0
161	22	6.856990	904	0	2
164	1	2.000000	136	25	1
164	1	0.436690	130	28	0
164	2	3.479046	632	23	0
164	5	1.487452	165	15	0
164	6	3.755258	910	17	0
164	11	0.421106	244	19	0
164	10	3.708810	449	27	0
164	9	1.304137	663	10	0
164	12	3.106298	404	21	0
164	14	3.760790	760	23	0
164	16	1.791038	669	15	0
164	18	1.499014	896	16	0
164	19	3.644784	463	19	0
164	22	0.279355	213	16	0
164	22	4.758767	77	0	2
