10	1	2.000000	207	21	1
10	2	3.889895	305	19	0
10	4	4.357443	229	20	0
10	6	6.024287	334	12	0
10	6	7.157134	141	13	0
10	7	3.885252	402	16	0
10	10	4.893448	346	22	0
10	12	2.026482	296	20	0
10	15	1.273125	219	11	0
10	13	4.635092	324	18	0
10	15	8.402718	154	23	0
10	16	8.098669	338	21	0
10	17	6.837133	473	23	0
10	10	4.476358	122	28	0
10	13	1.610146	419	17	0
10	2	2.219112	193	16	0
10	7	1.246592	196	28	0
10	13	1.267890	146	16	0
10	20	4.705080	231	24	0
10	21	2.428792	304	18	0
10	23	4.618897	210	0	2
13	1	2.000000	194	17	1
13	3	1.083285	208	26	0
13	4	2.900373	212	26	0
13	6	3.645180	307	15	0
13	8	6.775976	377	17	0
13	10	1.615854	422	25	0
13	12	0.924566	181	24	0
13	13	7.708380	349	21	0
13	13	4.337149	121	14	0
13	17	7.666180	543	24	0
13	19	1.281767	117	21	0
13	17	4.895037	319	34	0
13	8	0.631790	146	22	0
13	24	2.404026	177	20	0
13	24	1.541676	126	29	0
13	24	1.422738	200	20	0
13	22	0.102192	129	0	2
16	1	2.000000	258	21	1
16	3	6.078118	178	25	0
16	4	3.360972	456	11	0
16	6	5.335363	318	21	0
16	9	0.696648	149	21	0
16	9	3.940739	126	12	0
16	8	2.199505	322	26	0
16	12	2.620535	286	22	0
16	13	0.367016	171	18	0
16	14	4.328725	327	22	0
16	14	3.056792	167	21	0
16	16	6.013491	128	20	0
16	16	3.819355	232	16	0
16	17	0.125718	172	21	0
16	19	5.758981	415	22	0
16	19	1.638988	126	27	0
16	16	5.094468	568	24	0
16	22	1.339743	681	0	2
19	1	2.000000	186	19	1
19	3	4.807144	426	19	0
19	7	2.095170	209	16	0
19	7	4.587354	160	19	0
19	9	1.880969	594	12	0
19	13	1.583734	186	26	0
19	14	4.208360	329	17	0
19	17	6.508876	467	20	0
19	16	4.377042	185	15	0
19	15	8.210215	187	20	0
19	9	1.125893	294	23	0
19	16	3.692782	119	25	0
19	10	7.511656	173	18	0
19	19	0.061412	157	13	0
19	21	5.397659	360	20	0
19	23	4.584034	301	0	2
26	1	2.000000	183	23	1
26	3	6.798326	341	26	0
26	6	0.215524	191	26	0
26	6	5.353251	182	23	0
26	7	4.817702	399	24	0
26	10	1.827820	334	15	0
26	11	2.500525	218	15	0
26	13	6.829190	406	17	0
26	15	4.240317	311	17	0
26	16	2.586698	267	15	0
26	10	6.573050	148	17	0
26	16	0.980425	152	13	0
26	17	2.335058	542	25	0
26	3	7.440537	303	23	0
26	16	2.704362	198	18	0
26	19	3.102190	231	17	0
26	20	3.271810	343	21	0
26	23	6.190932	396	0	2
29	1	2.000000	225	22	1
29	3	8.204253	228	17	0
29	4	4.346739	405	25	0
29	6	0.860482	360	13	0
29	7	2.972947	372	17	0
29	8	4.099764	406	18	0
29	10	3.007518	361	12	0
29	13	4.348433	273	23	0
29	15	8.270748	415	14	0
29	15	3.958874	164	17	0
29	18	1.345194	439	16	0
29	9	1.590506	238	21	0
29	15	8.289609	140	18	0
29	21	2.463716	208	22	0
29	23	7.063326	226	0	2
32	1	2.000000	344	16	1
32	5	1.093369	144	20	0
32	6	6.007925	265	12	0
32	6	3.915657	145	19	0
32	8	7.682021	257	19	0
32	11	0.403095	137	19	0
32	11	3.533524	154	20	0
32	14	0.252100	309	12	0
32	14	5.490025	165	19	0
32	15	5.710786	426	22	0
32	16	6.671262	164	23	0
32	16	6.897513	136	18	0
32	19	3.217680	185	18	0
32	19	2.009579	197	19	0
32	19	12.458300	216	16	0
32	22	4.331874	171	16	0
32	22	5.717381	147	0	2
35	1	2.000000	145	17	1
35	2	3.105891	371	17	0
35	4	0.062248	209	21	0
35	7	1.333855	208	23	0
35	6	3.657879	351	20	0
35	9	3.723141	528	23	0
35	10	5.354350	658	19	0
35	12	2.700201	298	18	0
35	14	4.884992	231	22	0
35	15	5.184132	334	22	0
35	16	6.291345	433	18	0
35	19	0.100433	172	22	0
35	17	4.538123	338	12	0
35	22	1.162814	445	0	2
42	1	2.000000	191	26	1
42	2	3.535649	346	22	0
42	5	3.841512	190	26	0
42	6	6.568010	176	18	0
42	7	5.295244	531	27	0
42	9	0.692789	476	22	0
42	8	4.100491	375	12	0
42	12	1.575542	331	17	0
42	13	8.395126	253	20	0
42	16	0.833123	203	19	0
42	15	3.999124	391	21	0
42	18	0.089567	162	14	0
42	18	4.161320	183	21	0
42	13	9.923859	178	14	0
42	23	5.822470	162	18	0
42	21	0.984402	311	0	2
45	1	2.000000	190	15	1
45	2	6.541224	287	22	0
45	6	0.951447	216	13	0
45	6	3.718441	224	12	0
45	6	0.632449	161	19	0
45	8	1.436082	297	13	0
45	9	0.749793	202	13	0
45	10	3.649732	435	16	0
45	13	6.136425	149	13	0
45	12	3.291040	508	19	0
45	15	6.586227	70	22	0
45	16	5.037740	500	23	0
45	17	4.295933	150	21	0
45	6	0.762674	377	21	0
45	13	5.204688	158	17	0
45	18	3.872365	256	21	0
45	7	0.493606	192	30	0
45	6	3.255490	205	26	0
45	19	0.147278	231	19	0
45	3	1.020361	159	14	0
45	17	6.031936	363	20	0
45	22	0.619788	166	21	0
45	23	6.088270	466	0	2
48	1	2.000000	156	25	1
48	3	3.800430	356	17	0
48	4	1.046339	319	31	0
48	6	2.270638	488	21	0
48	7	2.200496	299	13	0
48	9	1.979589	372	28	0
48	12	3.405460	160	16	0
48	11	4.841820	363	20	0
48	15	2.352475	532	22	0
48	17	3.672634	430	26	0
48	19	2.547180	350	23	0
48	22	8.364972	257	0	2
51	1	2.000000	247	13	1
51	3	2.256159	354	22	0
51	7	4.659773	386	18	0
51	9	1.791154	329	16	0
51	11	2.377331	276	18	0
51	13	2.231065	269	22	0
51	16	0.071701	248	24	0
51	16	4.305485	127	16	0
51	17	4.394715	549	20	0
51	20	1.163521	235	16	0
51	15	4.627585	190	25	0
51	22	3.597305	148	16	0
51	22	2.437243	190	0	2
58	1	2.000000	178	30	1
58	2	1.963993	228	18	0
58	6	5.938882	237	15	0
58	7	5.553622	277	18	0
58	8	5.539339	353	28	0
58	4	0.390836	193	24	0
58	8	7.923797	187	16	0
58	10	7.053542	372	24	0
58	12	2.889716	282	27	0
58	14	3.605241	408	28	0
58	16	4.803874	383	16	0
58	10	2.472275	284	13	0
58	16	6.307043	124	22	0
58	6	1.050390	203	21	0
58	16	4.976930	262	23	0
58	18	5.872576	157	21	0
58	22	2.612655	140	18	0
58	21	2.718828	377	0	2
61	1	2.000000	140	19	1
61	4	1.586438	220	20	0
61	5	0.952639	192	13	0
61	6	1.314721	476	14	0
61	8	7.457473	179	22	0
61	8	2.068262	176	19	0
61	10	7.933702	326	18	0
61	8	8.436457	327	25	0
61	13	9.730232	225	15	0
61	13	5.490552	135	16	0
61	15	7.675925	489	23	0
61	17	4.583857	322	21	0
61	16	6.641383	204	11	0
61	13	8.504069	195	13	0
61	11	1.198321	138	20	0
61	13	4.641791	360	23	0
61	15	12.447959	145	21	0
61	6	1.400294	417	17	0
61	19	3.751209	185	17	0
61	20	6.126679	315	21	0
61	22	2.401160	262	16	0
61	23	3.551770	291	0	2
64	1	2.000000	251	27	1
64	2	3.739263	371	20	0
64	4	4.630837	287	16	0
64	6	2.692998	502	25	0
64	6	1.800482	179	18	0
64	10	2.798874	116	22	0
64	8	5.172315	646	26	0
64	11	5.405197	154	23	0
64	14	0.422871	203	30	0
64	15	2.348993	381	20	0
64	16	3.861449	450	18	0
64	16	2.096323	147	29	0
64	4	2.446400	184	15	0
64	6	4.185127	221	23	0
64	6	7.014920	122	23	0
64	13	4.516283	204	14	0
64	17	1.302826	264	19	0
64	19	4.816077	384	18	0
64	21	3.344816	273	18	0
64	23	2.141972	219	21	0
64	23	4.983137	115	0	2
67	1	2.000000	174	12	1
67	1	0.197943	169	17	0
67	3	3.645757	369	18	0
67	4	4.916762	140	23	0
67	5	2.469050	296	16	0
67	6	4.705392	504	18	0
67	8	3.436077	381	17	0
67	11	0.666816	133	14	0
67	11	3.851356	171	20	0
67	8	3.287706	594	15	0
67	13	0.688803	347	24	0
67	14	3.144011	403	18	0
67	15	8.436993	205	21	0
67	17	1.594368	339	18	0
67	16	5.267915	202	21	0
67	17	1.241302	188	23	0
67	19	0.350514	216	17	0
67	7	4.692697	144	16	0
67	18	1.170772	195	19	0
67	6	0.481475	197	19	0
67	8	6.639373	225	15	0
67	22	2.760086	165	23	0
67	22	7.626214	113	0	2
74	1	2.000000	140	12	1
74	2	2.322790	311	18	0
74	5	2.447589	259	25	0
74	2	0.904203	189	29	0
74	6	0.988396	229	13	0
74	7	5.085190	206	18	0
74	8	3.193906	478	21	0
74	8	0.368062	151	22	0
74	11	3.671495	358	17	0
74	13	7.678170	406	16	0
74	15	4.691385	426	24	0
74	16	5.386795	347	15	0
74	17	4.962029	515	16	0
74	19	3.581308	176	20	0
74	21	0.776749	183	19	0
74	22	2.615856	665	0	2
77	1	2.000000	124	21	1
77	4	1.161485	233	19	0
77	6	6.635267	290	18	0
77	6	2.517413	147	15	0
77	8	3.067648	472	14	0
77	8	0.800109	184	14	0
77	13	5.281599	174	24	0
77	14	3.612558	378	12	0
77	16	6.376677	209	19	0
77	17	5.145923	246	17	0
77	16	8.418190	177	19	0
77	17	4.168212	528	16	0
77	16	3.814260	199	13	0
77	5	3.893348	150	29	0
77	11	2.324802	244	23	0
77	22	1.316730	157	26	0
77	20	6.581357	485	21	0
77	23	4.306298	244	0	2
80	1	2.000000	140	20	1
80	3	1.061838	285	18	0
80	4	0.710597	197	14	0
80	6	3.322433	440	28	0
80	7	3.011024	311	22	0
80	10	0.738714	217	22	0
80	10	5.967310	182	15	0
80	13	2.117876	187	26	0
80	14	5.651204	380	19	0
80	14	4.116216	143	21	0
80	15	5.558150	417	18	0
80	16	2.693631	211	13	0
80	19	0.403714	166	20	0
80	19	5.629437	162	21	0
80	14	9.660822	192	17	0
80	5	2.390907	166	15	0
80	20	1.859634	164	17	0
80	21	2.682200	213	16	0
80	23	9.235955	396	0	2
83	1	2.000000	224	22	1
83	3	3.737685	328	22	0
83	5	0.555669	246	20	0
83	6	4.516474	205	26	0
83	6	6.295525	164	20	0
83	8	3.151924	251	15	0
83	11	0.734025	188	13	0
83	12	3.456088	430	24	0
83	14	3.595747	242	12	0
83	15	0.203755	185	21	0
83	16	1.281907	417	15	0
83	17	5.028417	279	16	0
83	20	0.561436	175	19	0
83	20	2.152700	225	17	0
83	22	9.637322	242	0	2
90	1	2.000000	232	22	1
90	1	0.544056	117	20	0
90	4	1.843952	315	25	0
90	6	4.544828	233	28	0
90	7	5.733746	397	11	0
90	10	3.001163	187	16	0
90	10	6.159287	196	17	0
90	13	0.605710	118	17	0
90	13	4.982570	221	15	0
90	13	7.103385	107	17	0
90	15	2.171063	402	18	0
90	17	6.081599	260	19	0
90	17	6.498767	143	25	0
90	17	2.296880	141	17	0
90	20	2.771874	282	22	0
90	3	0.361713	167	26	0
90	20	5.759290	173	19	0
90	23	1.947008	460	0	2
93	1	2.000000	248	16	1
93	3	3.948677	140	22	0
93	4	3.038889	191	17	0
93	7	1.553999	184	19	0
93	8	0.529160	181	15	0
93	8	12.092042	256	15	0
93	11	0.026354	203	20	0
93	10	3.486386	305	15	0
93	12	2.233772	236	18	0
93	13	5.159004	386	20	0
93	15	3.418631	333	16	0
93	16	5.392751	207	19	0
93	17	4.701972	481	16	0
93	3	7.981205	169	22	0
93	15	7.703876	174	15	0
93	4	3.841468	237	22	0
93	13	7.149892	231	18	0
93	22	0.602180	176	16	0
93	23	0.300285	203	21	0
93	23	5.056574	191	0	2
96	1	2.000000	118	17	1
96	3	6.331284	350	36	0
96	4	4.233576	479	24	0
96	7	4.715155	233	14	0
96	8	4.920906	255	23	0
96	9	1.064555	271	18	0
96	8	5.848223	468	16	0
96	11	1.857327	499	21	0
96	13	4.221819	323	15	0
96	15	3.675904	315	18	0
96	16	2.281014	374	16	0
96	16	4.665789	205	18	0
96	2	3.755968	117	20	0
96	23	5.699986	251	20	0
96	18	3.487260	125	18	0
96	23	5.116908	449	14	0
96	6	1.613510	183	17	0
96	20	0.985370	221	0	2
99	1	2.000000	147	23	1
99	2	3.773057	422	17	0
99	5	0.095557	136	21	0
99	6	5.089106	331	21	0
99	7	2.303438	348	16	0
99	8	4.527479	427	21	0
99	10	7.281408	522	10	0
99	8	6.283477	359	14	0
99	14	0.921233	215	19	0
99	13	6.026140	211	24	0
99	15	2.992222	376	17	0
99	16	3.348899	456	17	0
99	17	1.650998	286	18	0
99	15	6.369703	167	18	0
99	19	5.579503	182	25	0
99	22	4.906648	430	0	2
106	1	2.000000	172	20	1
106	2	2.325273	150	21	0
106	3	2.670797	366	16	0
106	5	3.658147	398	25	0
106	7	3.296783	219	16	0
106	6	5.313496	363	23	0
106	8	4.079029	395	17	0
106	9	2.621943	350	19	0
106	8	6.871437	226	15	0
106	14	2.081953	222	18	0
106	15	7.820986	158	23	0
106	16	6.326868	282	19	0
106	18	1.260981	294	21	0
106	14	3.705605	242	19	0
106	19	2.521671	210	13	0
106	21	0.872060	271	20	0
106	23	1.453931	483	0	2
109	1	2.000000	161	16	1
109	2	3.928368	336	20	0
109	4	1.991073	222	18	0
109	6	0.937397	128	24	0
109	6	4.339317	116	16	0
109	7	3.584479	450	12	0
109	9	4.313135	401	23	0
109	8	3.833012	170	20	0
109	13	2.094023	191	22	0
109	12	3.043645	272	23	0
109	15	1.582516	143	16	0
109	16	0.227116	205	22	0
109	17	2.668146	258	24	0
109	11	2.086011	131	18	0
109	19	2.447731	189	22	0
109	20	3.469326	536	20	0
109	18	3.392658	197	14	0
109	21	2.493105	214	14	0
109	22	1.204275	220	13	0
109	23	4.885160	637	0	2
112	1	2.000000	221	15	1
112	2	3.053853	357	26	0
112	5	1.946691	365	25	0
112	6	4.529549	71	16	0
112	8	3.213482	279	17	0
112	9	0.458611	374	25	0
112	8	6.768163	414	20	0
112	10	7.352296	336	17	0
112	13	5.869942	202	20	0
112	14	3.436185	337	21	0
112	16	3.427690	385	22	0
112	17	2.335390	334	12	0
112	16	5.203090	235	23	0
112	19	5.311883	471	23	0
112	22	5.364318	164	7	0
112	22	1.918542	139	0	2
115	1	2.000000	258	19	1
115	1	0.870408	186	24	0
115	3	3.884239	496	15	0
115	6	0.058032	196	21	0
115	6	6.132787	191	19	0
115	8	1.803333	347	19	0
115	10	4.934191	482	22	0
115	8	3.887145	495	15	0
115	13	2.642787	109	15	0
115	13	4.739977	152	17	0
115	15	8.683486	221	29	0
115	2	1.530534	195	27	0
115	16	4.282482	222	19	0
115	14	2.396041	457	30	0
115	8	0.638659	165	16	0
115	6	6.282190	418	23	0
115	16	3.337730	149	25	0
115	18	0.442982	377	22	0
115	20	4.174367	113	16	0
115	21	1.475243	405	0	2
122	1	2.000000	270	23	1
122	5	0.576356	194	17	0
122	3	4.017251	234	25	0
122	6	6.298746	383	14	0
122	8	6.752001	462	24	0
122	10	6.169817	579	16	0
122	12	3.854081	375	26	0
122	15	3.205555	245	20	0
122	14	3.841608	180	14	0
122	18	1.420264	401	23	0
122	17	10.261538	220	30	0
122	17	6.142015	119	13	0
122	20	2.541332	469	19	0
122	23	1.828880	203	20	0
122	23	5.291808	199	0	2
125	1	2.000000	241	23	1
125	3	7.045594	218	25	0
125	5	2.574949	354	16	0
125	8	0.381610	406	19	0
125	9	1.007411	212	17	0
125	11	1.730620	367	16	0
125	13	0.282414	192	16	0
125	14	1.972030	367	22	0
125	15	5.272968	242	18	0
125	16	4.519182	493	19	0
125	17	6.013537	285	11	0
125	20	3.709072	200	17	0
125	20	2.163202	214	22	0
125	23	3.314532	371	0	2
128	1	2.000000	179	27	1
128	4	1.461714	128	18	0
128	4	3.774678	133	21	0
128	6	4.034467	454	13	0
128	7	2.271043	286	17	0
128	8	4.947036	423	19	0
128	10	3.277619	415	19	0
128	8	7.125876	642	25	0
128	13	4.214665	212	17	0
128	14	3.970426	353	23	0
128	15	4.212651	256	11	0
128	16	5.045406	409	22	0
128	6	7.234958	233	22	0
128	18	0.159284	162	18	0
128	18	3.534556	101	24	0
128	11	1.156161	181	20	0
128	16	1.732985	385	14	0
128	19	2.995990	138	16	0
128	20	4.096376	429	21	0
128	23	4.577440	343	0	2
131	1	2.000000	311	24	1
131	3	5.092876	342	20	0
131	4	3.543283	249	21	0
131	6	6.795693	378	17	0
131	8	8.180709	445	22	0
131	10	2.528602	456	19	0
131	11	3.238143	373	26	0
131	12	3.974584	268	14	0
131	14	6.716270	268	20	0
131	15	6.524717	298	21	0
131	16	5.324734	453	29	0
131	16	3.421972	162	24	0
131	17	0.795513	286	16	0
131	16	1.736904	173	15	0
131	17	1.439602	282	17	0
131	22	0.005337	191	18	0
131	22	5.538484	124	0	2
138	1	2.000000	247	18	1
138	2	2.483031	237	20	0
138	3	3.711414	484	16	0
138	7	5.279507	302	14	0
138	6	3.628422	335	21	0
138	10	2.173585	410	22	0
138	8	0.680169	242	22	0
138	15	0.556698	246	21	0
138	15	4.736167	162	18	0
138	6	1.962591	210	16	0
138	15	3.029303	143	17	0
138	16	2.881872	257	20	0
138	17	2.958954	226	19	0
138	17	1.594435	194	20	0
138	15	3.639106	159	19	0
138	21	0.551655	189	24	0
138	16	6.113967	153	18	0
138	6	5.687088	176	15	0
138	12	1.740165	220	22	0
138	21	4.423602	157	19	0
138	23	3.010508	430	0	2
141	1	2.000000	245	16	1
141	3	2.530805	388	21	0
141	7	0.972207	172	22	0
141	6	4.268683	320	23	0
141	7	5.781592	188	19	0
141	8	3.879743	351	26	0
141	8	0.057278	205	24	0
141	11	1.716662	147	27	0
141	11	3.578642	130	25	0
141	13	7.234465	414	15	0
141	15	11.725587	339	17	0
141	17	8.121234	513	19	0
141	19	3.342848	404	24	0
141	21	1.696814	468	14	0
141	23	5.274894	462	0	2
144	1	2.000000	140	13	1
144	2	1.317643	177	17	0
144	4	1.165627	323	20	0
144	6	8.341841	238	19	0
144	6	4.957720	146	19	0
144	8	8.829374	482	23	0
144	10	4.261289	300	13	0
144	11	2.880993	499	25	0
144	13	7.017759	326	15	0
144	14	2.917129	393	19	0
144	15	4.596839	457	23	0
144	16	4.838762	465	29	0
144	6	9.316886	274	18	0
144	13	2.065296	228	18	0
144	16	0.081587	341	22	0
144	21	3.865052	221	29	0
144	20	1.354230	236	0	2
147	1	2.000000	226	17	1
147	3	6.380768	385	23	0
147	6	0.692288	135	22	0
147	6	4.981347	214	23	0
147	1	2.806097	186	14	0
147	9	1.533328	139	27	0
147	13	1.143915	186	22	0
147	10	3.355676	269	24	0
147	15	8.903460	181	19	0
147	16	4.080915	202	17	0
147	17	2.776875	382	20	0
147	19	6.262888	321	20	0
147	6	2.989837	135	19	0
147	13	3.898718	181	17	0
147	14	4.286954	179	25	0
147	20	1.251270	166	16	0
147	21	5.461311	536	0	2
154	1	2.000000	182	19	1
154	2	0.879628	163	15	0
154	3	1.993848	396	25	0
154	6	5.366184	413	17	0
154	8	5.403303	496	13	0
154	11	0.406242	235	22	0
154	13	3.507879	441	22	0
154	15	7.004755	160	17	0
154	15	4.500407	184	21	0
154	16	2.026568	238	19	0
154	17	3.222341	538	26	0
154	20	2.801258	193	15	0
154	17	5.332184	338	18	0
154	23	1.174251	125	21	0
154	23	6.561656	161	22	0
154	23	3.157847	114	0	2
157	1	2.000000	300	17	1
157	2	3.796206	290	17	0
157	5	0.110744	193	29	0
157	6	6.415673	279	14	0
157	8	7.003151	451	16	0
157	10	5.613703	530	20	0
157	13	1.140801	231	17	0
157	13	6.671141	214	12	0
157	15	5.427145	311	23	0
157	17	6.069353	264	19	0
157	17	2.746832	139	13	0
157	18	1.355774	440	27	0
157	19	3.969623	194	19	0
157	21	1.558639	239	18	0
157	22	4.865342	267	0	2
160	1	2.000000	181	25	1
160	4	0.205031	119	17	0
160	4	4.098471	92	16	0
160	6	5.118173	580	23	0
160	7	5.226963	459	25	0
160	10	3.311210	388	20	0
160	10	2.277941	120	19	0
160	9	0.108674	166	22	0
160	12	2.533455	166	13	0
160	11	5.816724	186	16	0
160	14	5.969088	416	22	0
160	16	3.269958	298	22	0
160	17	0.653827	152	20	0
160	19	0.725945	172	17	0
160	20	3.159550	529	0	2
163	1	2.000000	224	26	1
163	3	2.859350	336	24	0
163	7	2.583921	194	24	0
163	6	2.148468	441	14	0
163	9	2.625031	358	18	0
163	11	1.746758	273	19	0
163	13	2.295164	370	13	0
163	14	5.929594	421	22	0
163	16	0.463880	208	19	0
163	7	0.454452	275	13	0
163	14	6.408904	221	18	0
163	4	1.827586	261	25	0
163	15	7.374155	194	13	0
163	17	4.058484	234	21	0
163	19	4.091235	416	15	0
163	22	8.029696	389	0	2
