8	1	2.000000	187	19	1
8	2	5.015250	195	11	0
8	3	3.491175	352	15	0
8	6	5.990934	315	17	0
8	7	4.036067	501	16	0
8	6	5.278261	357	15	0
8	8	8.416166	127	15	0
8	9	3.200425	320	19	0
8	8	5.494996	375	18	0
8	8	8.242963	128	24	0
8	8	8.945417	139	21	0
8	1	0.001027	134	23	0
8	13	5.168870	318	24	0
8	14	5.678708	299	16	0
8	15	5.422128	428	17	0
8	6	1.926139	287	23	0
8	9	1.945456	256	15	0
8	11	4.411954	168	24	0
8	17	0.149641	480	18	0
8	16	7.409312	347	21	0
8	16	8.196724	83	27	0
8	16	8.656686	153	16	0
8	13	4.010806	174	21	0
8	17	1.804457	224	21	0
8	18	3.239382	251	16	0
8	19	4.816996	296	25	0
8	22	1.152555	124	19	0
8	22	0.971577	174	0	2
11	1	2.000000	295	23	1
11	3	2.090210	140	27	0
11	4	4.526787	158	23	0
11	6	0.993628	182	17	0
11	8	3.279290	587	17	0
11	6	5.336228	235	15	0
11	7	4.150620	441	19	0
11	10	5.208643	198	20	0
11	10	1.063074	233	22	0
11	10	4.810404	132	27	0
11	10	1.327879	186	15	0
11	10	0.766260	160	20	0
11	8	5.103411	255	17	0
11	9	3.727177	81	19	0
11	11	3.089294	205	9	0
11	14	1.596742	291	19	0
11	16	5.051002	278	17	0
11	16	6.880902	147	17	0
11	11	1.616483	206	18	0
11	15	8.180231	188	28	0
11	16	5.678288	215	14	0
11	18	0.795451	181	18	0
11	19	2.806747	434	26	0
11	20	2.239670	173	14	0
11	22	2.436646	234	18	0
11	23	5.671517	266	0	2
18	1	2.000000	118	16	1
18	3	0.515609	164	19	0
18	3	5.020381	165	27	0
18	4	4.084668	424	24	0
18	6	7.331813	285	20	0
18	7	4.500247	253	15	0
18	6	5.922803	483	18	0
18	8	4.604160	193	16	0
18	10	5.951421	160	15	0
18	10	8.288070	105	32	0
18	10	3.747748	126	18	0
18	7	5.540899	226	28	0
18	9	0.080905	192	20	0
18	10	6.147220	242	21	0
18	13	0.650599	323	21	0
18	13	5.159796	179	20	0
18	14	3.375021	184	14	0
18	14	1.327091	222	19	0
18	15	1.067032	207	24	0
18	15	4.075494	150	24	0
18	13	3.870537	186	19	0
18	3	1.862052	145	16	0
18	17	1.894228	180	15	0
18	17	6.061348	149	16	0
18	17	2.645428	224	26	0
18	16	7.506519	177	20	0
18	17	2.944182	297	29	0
18	18	4.679585	160	23	0
18	19	3.290876	182	26	0
18	20	5.138144	338	18	0
18	21	3.823762	230	26	0
18	23	4.959527	325	0	2
21	1	2.000000	145	21	1
21	2	2.054455	413	26	0
21	3	4.859947	199	16	0
21	4	4.228582	380	17	0
21	6	3.392676	248	18	0
21	7	3.070551	131	26	0
21	4	2.651133	260	24	0
21	8	1.747044	234	32	0
21	9	2.946059	169	10	0
21	8	7.991486	193	12	0
21	10	8.970286	263	16	0
21	11	3.479846	206	18	0
21	10	5.024136	252	17	0
21	8	3.478188	446	12	0
21	11	4.944520	184	22	0
21	13	5.740023	160	19	0
21	15	4.934883	346	23	0
21	13	6.782156	178	16	0
21	18	3.815437	252	28	0
21	19	1.684320	202	17	0
21	17	4.878131	408	22	0
21	17	6.917490	163	21	0
21	3	3.649693	229	17	0
21	17	7.272384	260	19	0
21	12	1.314408	255	17	0
21	18	3.278540	192	15	0
21	23	0.533170	354	14	0
21	21	3.647592	154	17	0
21	24	3.787920	321	0	2
24	1	2.000000	157	29	1
24	1	0.889512	163	25	0
24	2	3.072995	298	19	0
24	3	5.619112	179	21	0
24	4	4.767924	435	20	0
24	6	5.718216	213	15	0
24	6	7.158577	178	11	0
24	7	3.762217	290	22	0
24	8	2.760425	265	20	0
24	6	5.522068	202	21	0
24	7	4.260177	277	14	0
24	11	2.841462	196	12	0
24	10	3.952728	507	16	0
24	8	3.909601	196	21	0
24	8	0.987329	205	21	0
24	12	0.796052	352	20	0
24	13	4.034411	353	21	0
24	14	3.402048	211	20	0
24	15	3.548601	406	18	0
24	16	2.056101	329	22	0
24	9	1.201677	174	19	0
24	16	2.170992	207	16	0
24	11	0.055770	227	21	0
24	15	6.725208	154	15	0
24	20	1.230428	156	10	0
24	21	3.095916	352	15	0
24	22	6.234322	153	21	0
24	8	2.225846	185	20	0
24	17	4.428867	171	0	2
27	1	2.000000	197	28	1
27	3	6.557359	127	20	0
27	4	3.470909	206	21	0
27	6	3.180058	320	12	0
27	7	4.197253	365	25	0
27	7	2.112991	153	25	0
27	8	3.812734	277	22	0
27	10	4.654222	253	28	0
27	8	4.067111	275	18	0
27	6	4.567670	348	18	0
27	13	3.350081	238	21	0
27	12	1.885549	216	31	0
27	15	7.322986	311	21	0
27	5	2.078791	367	16	0
27	6	4.196070	87	22	0
27	13	5.179135	417	23	0
27	13	8.986007	167	26	0
27	14	4.565161	363	20	0
27	18	2.694407	384	13	0
27	19	3.505515	233	11	0
27	20	1.835252	132	18	0
27	22	8.568474	425	0	2
34	1	2.000000	269	17	1
34	4	0.166844	268	29	0
34	7	0.982843	184	18	0
34	7	4.047485	188	13	0
34	6	6.110647	269	27	0
34	8	0.661519	550	18	0
34	8	6.747073	141	21	0
34	8	9.640007	126	20	0
34	9	3.702550	696	18	0
34	8	5.488981	236	12	0
34	11	3.192223	236	20	0
34	8	6.290256	252	16	0
34	11	2.201512	143	25	0
34	13	6.501093	644	12	0
34	13	7.008944	202	21	0
34	13	0.224300	233	25	0
34	13	5.578730	143	17	0
34	13	1.234599	193	24	0
34	17	3.619764	228	14	0
34	17	2.266040	125	32	0
34	1	2.227534	109	18	0
34	15	5.615530	247	21	0
34	9	1.046360	192	19	0
34	17	4.140318	295	27	0
34	19	1.694142	328	14	0
34	20	6.221638	269	12	0
34	21	2.011288	171	17	0
34	23	1.472615	485	0	2
37	1	2.000000	242	13	1
37	2	3.472973	147	15	0
37	3	5.144979	385	14	0
37	7	1.791977	301	13	0
37	6	2.564235	214	18	0
37	8	6.451010	290	17	0
37	10	9.466988	265	18	0
37	10	10.010269	243	21	0
37	11	3.591241	250	14	0
37	10	7.760030	249	26	0
37	15	5.743563	216	22	0
37	15	0.510705	96	20	0
37	14	2.597840	325	21	0
37	15	0.818524	152	18	0
37	14	3.046737	315	24	0
37	18	4.016117	230	19	0
37	18	5.228835	155	14	0
37	17	5.350201	303	24	0
37	17	5.358903	144	19	0
37	17	1.581121	144	19	0
37	4	3.690730	236	16	0
37	6	1.107196	446	25	0
37	15	3.748304	200	19	0
37	20	2.743774	209	18	0
37	20	6.095282	126	18	0
37	22	1.608218	186	20	0
37	23	4.725073	270	0	2
40	1	2.000000	268	22	1
40	2	5.009704	231	21	0
40	4	3.848920	201	19	0
40	6	5.704375	348	18	0
40	7	2.879347	344	17	0
40	8	2.955387	365	18	0
40	9	3.884209	253	20	0
40	8	5.904023	282	23	0
40	10	5.107796	334	17	0
40	8	3.310102	380	18	0
40	11	2.959367	368	18	0
40	12	3.121903	85	21	0
40	14	0.253660	169	25	0
40	14	6.262045	234	17	0
40	15	3.756930	294	18	0
40	15	7.202489	134	18	0
40	17	5.212629	365	28	0
40	15	2.865275	135	20	0
40	16	3.134743	430	13	0
40	10	1.371725	238	19	0
40	15	0.056555	170	19	0
40	18	3.829718	245	20	0
40	17	7.504183	140	19	0
40	19	1.319557	555	22	0
40	20	1.583327	236	13	0
40	21	3.499120	139	19	0
40	22	5.849374	109	0	2
43	1	2.000000	312	31	1
43	4	1.986344	258	15	0
43	4	1.669289	139	15	0
43	6	6.016081	254	31	0
43	6	6.105878	131	18	0
43	7	3.754288	479	15	0
43	9	0.143683	266	20	0
43	10	3.386020	263	11	0
43	9	3.958074	163	22	0
43	8	2.843127	449	21	0
43	6	3.274080	337	14	0
43	10	3.383526	132	30	0
43	11	0.195251	149	21	0
43	11	4.003960	150	17	0
43	12	3.609351	447	15	0
43	15	7.224628	291	18	0
43	16	5.079523	301	18	0
43	16	4.685287	176	13	0
43	10	3.030651	243	16	0
43	13	6.724657	353	18	0
43	15	4.000565	152	19	0
43	17	2.336328	308	21	0
43	19	5.331224	393	25	0
43	22	2.255089	158	16	0
43	21	2.147839	459	0	2
50	1	2.000000	197	25	1
50	3	5.597378	183	19	0
50	4	0.628791	310	26	0
50	5	2.639406	84	18	0
50	4	3.402989	236	24	0
50	6	2.283304	245	32	0
50	7	5.203634	257	23	0
50	7	2.352817	134	19	0
50	8	3.588722	354	22	0
50	6	4.863508	513	16	0
50	12	0.506061	204	11	0
50	9	3.275728	262	17	0
50	10	7.371887	401	21	0
50	8	4.293668	238	11	0
50	13	2.142081	294	21	0
50	14	0.608330	167	13	0
50	3	2.976041	177	20	0
50	15	1.310242	295	18	0
50	15	6.357130	144	21	0
50	6	3.071197	264	20	0
50	11	3.629030	202	12	0
50	15	0.448962	214	27	0
50	13	2.458683	204	18	0
50	15	10.174133	208	25	0
50	16	5.980492	75	29	0
50	17	4.474071	370	25	0
50	18	2.300337	234	13	0
50	17	4.726965	365	19	0
50	18	4.957435	58	22	0
50	16	7.328965	197	25	0
50	20	6.113741	279	13	0
50	23	1.203452	171	20	0
50	23	7.147436	128	0	2
53	1	2.000000	257	16	1
53	3	3.014155	189	7	0
53	4	4.371320	212	17	0
53	6	1.958529	365	23	0
53	5	1.896392	166	18	0
53	8	2.084798	292	19	0
53	9	1.373923	327	22	0
53	8	3.656482	182	21	0
53	10	4.001604	356	19	0
53	6	0.346380	381	12	0
53	12	0.147768	140	15	0
53	13	3.019766	249	14	0
53	14	2.630279	320	19	0
53	13	5.753559	193	22	0
53	16	2.094946	304	27	0
53	17	2.192549	201	11	0
53	18	4.618702	82	19	0
53	18	1.076156	125	15	0
53	18	4.892235	135	20	0
53	5	2.352449	172	17	0
53	6	5.310413	211	14	0
53	23	3.125231	238	20	0
53	23	6.670642	126	12	0
53	21	0.152702	193	0	2
56	1	2.000000	243	11	1
56	3	2.957014	216	13	0
56	3	0.180153	129	16	0
56	4	1.216039	327	19	0
56	6	4.958553	475	20	0
56	7	2.930049	327	17	0
56	3	1.812182	322	25	0
56	9	0.796907	242	17	0
56	4	2.587396	181	23	0
56	11	2.597465	137	21	0
56	11	2.127820	129	23	0
56	12	3.807507	162	14	0
56	10	5.728592	286	24	0
56	13	2.730840	286	20	0
56	13	5.357995	106	19	0
56	13	5.895461	190	13	0
56	13	2.985211	140	16	0
56	14	2.970241	311	19	0
56	15	6.482180	247	16	0
56	16	3.568078	146	17	0
56	17	3.325132	283	18	0
56	16	4.795413	274	19	0
56	18	1.285709	168	18	0
56	19	1.592553	243	14	0
56	20	0.984111	175	17	0
56	22	0.797413	212	0	2
59	1	2.000000	177	16	1
59	4	1.132380	106	15	0
59	3	3.992058	451	11	0
59	5	2.903002	296	14	0
59	6	4.583971	138	22	0
59	7	4.098532	311	16	0
59	7	2.182191	196	19	0
59	6	3.508110	178	12	0
59	9	3.959513	211	20	0
59	10	6.009673	135	19	0
59	12	0.368182	190	19	0
59	10	5.651711	313	23	0
59	10	7.666940	186	16	0
59	13	3.469315	279	19	0
59	14	4.407278	317	27	0
59	14	7.027323	249	14	0
59	16	0.688066	225	22	0
59	16	3.926348	201	22	0
59	6	0.765523	206	16	0
59	19	2.714511	157	22	0
59	18	1.668794	470	16	0
59	19	9.780443	193	26	0
59	21	3.929226	378	0	2
66	1	2.000000	215	19	1
66	4	1.592172	341	12	0
66	7	2.236480	201	18	0
66	8	0.860481	234	17	0
66	8	5.187884	162	24	0
66	9	3.927762	307	27	0
66	11	0.312242	107	21	0
66	8	3.041208	309	18	0
66	6	3.509734	268	20	0
66	12	3.677993	316	24	0
66	14	1.467611	344	23	0
66	13	3.858476	318	12	0
66	14	3.004331	302	20	0
66	13	4.762657	236	18	0
66	15	3.958719	284	15	0
66	16	6.706671	396	22	0
66	17	5.463556	233	15	0
66	17	8.915526	141	19	0
66	18	2.647427	347	21	0
66	18	0.407418	134	22	0
66	5	3.030609	147	19	0
66	20	6.138522	437	19	0
66	22	0.260619	141	19	0
66	23	4.402513	379	14	0
66	24	4.702545	451	0	2
69	1	2.000000	164	14	1
69	3	3.695864	155	16	0
69	3	6.540032	151	16	0
69	4	4.141429	410	22	0
69	6	2.740537	137	32	0
69	6	6.917403	196	25	0
69	7	4.039222	255	23	0
69	6	6.397220	390	13	0
69	12	1.159164	211	28	0
69	13	4.596413	174	20	0
69	14	3.756176	365	19	0
69	15	5.069744	225	15	0
69	15	7.892838	124	24	0
69	16	5.067170	284	23	0
69	16	1.007333	195	16	0
69	17	2.722585	180	36	0
69	17	4.868267	170	20	0
69	2	1.482362	185	22	0
69	1	1.488870	223	22	0
69	5	3.614843	332	12	0
69	9	1.612203	138	17	0
69	10	0.214821	256	17	0
69	9	2.017412	310	17	0
69	8	5.355485	102	26	0
69	9	3.776156	268	16	0
69	9	1.837192	222	16	0
69	21	0.046394	223	21	0
69	20	4.860752	327	12	0
69	23	5.182168	197	0	2
72	1	2.000000	159	19	1
72	3	0.006010	259	17	0
72	4	3.391516	179	22	0
72	5	3.134005	285	20	0
72	8	0.315933	178	17	0
72	6	2.237489	301	19	0
72	8	4.577807	323	24	0
72	9	3.246356	143	26	0
72	10	3.750814	219	25	0
72	5	3.632202	166	18	0
72	8	2.339393	228	20	0
72	9	1.721570	212	21	0
72	6	3.167753	192	24	0
72	11	4.404006	181	17	0
72	13	6.138089	190	17	0
72	14	5.760069	466	18	0
72	15	6.228257	229	17	0
72	16	5.328684	473	14	0
72	4	2.208784	188	22	0
72	7	3.932738	165	20	0
72	6	2.186126	164	20	0
72	16	1.463322	163	20	0
72	17	3.995495	407	21	0
72	18	3.759170	298	25	0
72	21	0.510321	225	25	0
72	22	3.319306	134	23	0
72	22	1.901075	166	0	2
75	1	2.000000	205	14	1
75	3	7.927657	179	22	0
75	6	3.182599	509	20	0
75	7	3.985867	108	14	0
75	7	1.873097	204	26	0
75	8	4.676698	310	23	0
75	7	4.159234	215	19	0
75	10	3.164384	498	24	0
75	8	3.866942	330	20	0
75	8	0.540551	162	23	0
75	11	3.454940	346	14	0
75	13	6.170070	161	15	0
75	14	5.550663	180	22	0
75	15	5.259566	256	26	0
75	16	2.325094	350	17	0
75	16	1.815372	210	25	0
75	17	5.089729	265	20	0
75	2	0.573351	197	23	0
75	17	1.333605	200	18	0
75	17	0.988899	176	17	0
75	18	1.721753	308	10	0
75	19	4.309459	267	29	0
75	20	0.273354	278	17	0
75	21	1.710006	318	16	0
75	22	4.811866	140	0	2
82	1	2.000000	185	19	1
82	3	6.251803	153	22	0
82	3	6.312747	145	24	0
82	4	2.376010	200	18	0
82	7	2.414343	195	22	0
82	6	2.799907	231	15	0
82	7	3.690235	338	12	0
82	8	4.866084	442	20	0
82	11	2.350855	211	16	0
82	12	2.764893	109	26	0
82	12	1.705179	144	18	0
82	13	5.514014	360	19	0
82	3	8.985584	206	20	0
82	9	2.662907	146	15	0
82	13	9.163429	309	22	0
82	16	0.973309	181	17	0
82	16	5.823965	150	13	0
82	20	0.848293	293	21	0
82	7	4.708146	207	19	0
82	16	8.071309	247	17	0
82	17	4.999921	195	16	0
82	17	2.947463	198	18	0
82	16	9.024591	197	18	0
82	11	0.090475	244	18	0
82	1	2.211756	277	16	0
82	4	4.611608	147	19	0
82	17	0.742255	194	21	0
82	21	0.617573	236	17	0
82	22	3.169966	132	19	0
82	24	0.574299	189	35	0
82	24	5.985463	164	0	2
85	1	2.000000	135	16	1
85	2	2.381218	380	18	0
85	4	3.948731	283	33	0
85	6	5.726503	209	14	0
85	7	3.307911	227	18	0
85	6	2.801926	464	26	0
85	7	3.123239	220	17	0
85	8	6.120202	168	16	0
85	10	1.163121	185	15	0
85	8	5.237021	140	22	0
85	8	2.816474	193	32	0
85	8	1.980059	194	19	0
85	10	0.934839	206	20	0
85	10	5.894548	121	16	0
85	8	2.422973	350	15	0
85	12	1.171927	354	18	0
85	13	4.597450	327	13	0
85	8	3.352989	200	22	0
85	15	0.969228	123	11	0
85	4	2.005157	191	21	0
85	6	5.364496	347	23	0
85	11	1.613950	247	19	0
85	14	0.666971	112	31	0
85	15	4.554643	267	22	0
85	16	7.690304	184	17	0
85	17	1.954478	305	17	0
85	17	4.186392	218	26	0
85	19	0.407918	264	25	0
85	17	3.736165	127	14	0
85	20	2.866419	433	27	0
85	23	2.417176	306	0	2
88	1	2.000000	155	18	1
88	3	0.733179	305	16	0
88	4	4.395353	281	24	0
88	6	4.581842	87	18	0
88	7	2.945801	379	29	0
88	8	4.437435	281	18	0
88	6	6.087928	338	22	0
88	11	4.402279	125	21	0
88	12	2.605202	225	18	0
88	10	4.107427	357	20	0
88	10	1.214714	144	13	0
88	8	3.335316	176	24	0
88	10	7.413973	405	21	0
88	10	3.183206	209	14	0
88	14	4.170455	342	13	0
88	15	3.236501	385	18	0
88	16	4.652679	124	18	0
88	16	2.539659	219	26	0
88	16	1.768680	175	16	0
88	16	6.903930	245	22	0
88	7	0.885601	195	15	0
88	20	0.323735	162	23	0
88	19	3.174988	497	15	0
88	22	2.041603	221	17	0
88	23	2.753060	285	0	2
91	1	2.000000	193	16	1
91	5	3.352267	218	19	0
91	6	5.263245	251	24	0
91	7	3.341661	146	22	0
91	7	5.660145	155	16	0
91	6	5.256682	271	22	0
91	7	4.416780	202	10	0
91	6	2.132871	211	18	0
91	4	1.940580	177	20	0
91	3	5.603366	473	14	0
91	9	1.225466	175	30	0
91	10	3.075805	200	18	0
91	4	3.073514	177	13	0
91	8	10.093935	200	26	0
91	13	2.257312	195	16	0
91	13	1.827352	171	21	0
91	13	6.462236	112	15	0
91	10	4.079553	298	18	0
91	14	3.789468	246	30	0
91	15	3.986624	446	17	0
91	16	3.830218	214	19	0
91	16	1.512128	178	26	0
91	17	2.780935	269	24	0
91	11	1.213267	225	21	0
91	19	0.095276	101	13	0
91	20	0.463983	214	25	0
91	21	3.095252	320	22	0
91	22	4.828305	440	0	2
98	1	2.000000	147	13	1
98	3	7.132077	255	19	0
98	6	2.225835	288	16	0
98	7	5.844288	202	21	0
98	6	1.535499	340	26	0
98	6	0.372383	210	22	0
98	8	5.638916	310	15	0
98	10	0.358546	200	21	0
98	10	4.155775	140	20	0
98	8	6.259611	277	9	0
98	8	3.428109	194	23	0
98	8	6.992004	239	16	0
98	12	0.207761	184	20	0
98	13	2.579833	375	22	0
98	14	2.798359	222	18	0
98	15	2.762529	422	19	0
98	13	5.150307	211	22	0
98	13	1.896140	117	22	0
98	16	6.215102	256	18	0
98	17	3.912051	388	20	0
98	17	5.527738	230	19	0
98	12	3.900217	149	24	0
98	20	2.033586	214	24	0
98	3	1.565465	191	25	0
98	19	1.747241	158	29	0
98	22	1.676700	245	20	0
98	23	3.157653	397	20	0
98	24	5.092421	481	0	2
101	1	2.000000	196	18	1
101	2	1.180334	175	15	0
101	3	5.521988	371	24	0
101	4	2.845595	288	17	0
101	6	4.532907	255	12	0
101	7	3.044463	254	19	0
101	6	4.196101	235	20	0
101	8	5.080003	233	17	0
101	8	7.917327	192	20	0
101	9	3.719993	271	10	0
101	10	6.952596	137	14	0
101	4	4.327316	138	22	0
101	12	3.738795	151	12	0
101	11	2.624874	193	18	0
101	6	0.308864	148	23	0
101	10	2.430459	229	15	0
101	13	5.558385	223	17	0
101	8	10.878703	189	21	0
101	8	6.529262	189	21	0
101	15	0.928105	142	19	0
101	13	5.577071	273	18	0
101	13	0.845175	161	21	0
101	13	6.764415	172	28	0
101	11	1.814991	162	18	0
101	14	2.304355	176	12	0
101	16	1.730496	306	12	0
101	18	0.200146	222	16	0
101	20	1.567746	165	28	0
101	20	0.946687	239	23	0
101	20	0.213827	277	20	0
101	14	3.907940	195	18	0
101	20	3.597741	109	16	0
101	21	3.041479	526	18	0
101	22	3.447659	89	10	0
101	23	3.620115	291	0	2
104	1	2.000000	261	21	1
104	4	0.764161	158	18	0
104	5	2.517938	244	16	0
104	6	6.308751	333	11	0
104	7	4.088841	310	32	0
104	8	0.836528	165	15	0
104	6	3.474045	248	18	0
104	9	5.648516	192	21	0
104	11	0.238658	163	26	0
104	6	7.213630	287	15	0
104	6	4.588132	132	27	0
104	8	9.104349	253	19	0
104	11	4.537203	186	19	0
104	13	5.611153	164	18	0
104	14	4.806652	393	17	0
104	17	5.081354	182	20	0
104	17	2.348571	155	19	0
104	16	5.569482	418	25	0
104	11	0.911744	191	18	0
104	8	3.025040	161	13	0
104	17	0.323048	212	20	0
104	19	3.146579	180	15	0
104	21	0.872861	205	14	0
104	22	5.621156	439	0	2
107	1	2.000000	259	19	1
107	3	6.061960	190	14	0
107	4	3.942294	218	17	0
107	6	8.783579	198	16	0
107	6	4.432577	148	27	0
107	7	3.439653	482	18	0
107	8	4.647915	200	11	0
107	11	1.384602	202	23	0
107	11	1.089564	171	23	0
107	12	1.907659	285	21	0
107	12	0.234647	198	18	0
107	3	8.857121	121	16	0
107	15	4.079213	257	17	0
107	16	5.197929	293	17	0
107	9	5.318648	180	25	0
107	1	0.723444	183	24	0
107	6	2.645099	271	16	0
107	11	4.421706	204	18	0
107	15	1.440199	161	17	0
107	16	7.121415	153	22	0
107	19	3.514988	227	18	0
107	18	4.158313	337	22	0
107	22	0.452682	237	0	2
114	1	2.000000	259	23	1
114	4	0.483101	233	18	0
114	6	0.691889	181	21	0
114	7	2.810329	253	21	0
114	7	5.252760	157	19	0
114	6	5.395446	441	12	0
114	10	8.705310	210	16	0
114	13	2.762147	174	18	0
114	12	3.410692	177	22	0
114	11	3.044629	259	17	0
114	12	3.486202	234	28	0
114	10	4.128135	285	22	0
114	9	3.901684	212	18	0
114	14	3.566809	264	22	0
114	15	7.357854	341	12	0
114	15	1.790573	178	14	0
114	16	5.161659	303	19	0
114	6	1.322124	169	14	0
114	17	0.073629	145	9	0
114	15	1.414323	245	19	0
114	13	5.000018	198	23	0
114	17	3.384516	255	16	0
114	3	4.752059	147	20	0
114	16	0.940080	164	15	0
114	18	3.410804	255	15	0
114	20	5.709433	300	18	0
114	23	3.624682	250	0	2
117	1	2.000000	183	11	1
117	4	0.520214	220	16	0
117	3	6.583246	267	15	0
117	7	0.313520	151	19	0
117	5	1.220877	283	18	0
117	7	5.485242	320	14	0
117	10	0.343773	210	16	0
117	10	4.472843	176	15	0
117	8	5.828648	314	31	0
117	10	3.889091	341	21	0
117	8	4.610297	166	24	0
117	12	2.396135	432	19	0
117	14	0.933902	243	19	0
117	14	2.801121	144	34	0
117	15	1.271107	191	20	0
117	13	2.419795	228	21	0
117	3	1.833919	195	21	0
117	12	3.968953	271	24	0
117	15	8.459281	307	18	0
117	18	1.761401	79	22	0
117	18	4.498409	140	25	0
117	17	4.613896	152	11	0
117	17	3.192661	178	19	0
117	11	4.745306	177	19	0
117	2	0.153812	137	22	0
117	6	2.474355	232	17	0
117	17	0.953020	202	19	0
117	20	4.712419	205	22	0
117	21	5.180672	453	22	0
117	23	8.239440	253	0	2
120	1	2.000000	197	17	1
120	3	0.851144	195	15	0
120	2	2.417358	339	17	0
120	3	5.937620	292	19	0
120	6	7.000900	280	16	0
120	7	3.925884	127	19	0
120	7	1.579310	144	19	0
120	8	3.688872	379	19	0
120	7	2.579992	243	21	0
120	4	3.284013	174	14	0
120	6	1.006875	165	16	0
120	11	2.638001	115	15	0
120	10	7.822453	489	18	0
120	10	4.194224	189	19	0
120	10	9.116275	137	22	0
120	10	5.597974	154	15	0
120	10	2.816456	144	16	0
120	8	5.874765	531	24	0
120	15	3.749708	192	23	0
120	14	5.420119	231	15	0
120	16	4.122286	492	24	0
120	10	2.042118	275	16	0
120	17	2.256503	274	22	0
120	11	2.507656	312	17	0
120	12	3.361655	162	12	0
120	19	3.116781	162	18	0
120	19	2.750828	192	16	0
120	19	7.003214	145	17	0
120	20	4.786689	349	18	0
120	22	2.911754	197	0	2
123	1	2.000000	172	26	1
123	3	0.930534	168	28	0
123	3	6.384840	119	19	0
123	4	2.386631	297	19	0
123	8	4.484226	188	21	0
123	7	4.124641	408	23	0
123	8	0.879059	274	13	0
123	6	3.670737	102	14	0
123	7	2.816651	189	15	0
123	9	1.597548	217	18	0
123	10	2.489840	334	15	0
123	10	4.632561	147	18	0
123	11	0.444397	214	15	0
123	8	7.298065	226	21	0
123	11	2.985895	347	16	0
123	12	3.540168	346	22	0
123	13	6.425994	255	17	0
123	14	4.815693	262	24	0
123	15	6.267901	313	18	0
123	16	3.618562	175	22	0
123	14	1.361988	188	21	0
123	16	7.425423	235	24	0
123	17	3.393064	312	19	0
123	18	1.887502	312	13	0
123	21	1.640692	371	20	0
123	22	2.918348	122	22	0
123	23	4.040303	333	0	2
130	1	2.000000	220	30	1
130	4	0.697590	219	16	0
130	2	3.761966	376	16	0
130	5	0.362096	127	17	0
130	5	3.379509	238	18	0
130	6	5.273478	251	22	0
130	7	4.643235	391	16	0
130	6	5.242657	368	23	0
130	9	3.770127	260	24	0
130	10	4.836004	243	19	0
130	1	1.787617	202	21	0
130	6	4.159512	172	20	0
130	10	0.080122	153	19	0
130	10	4.997831	217	16	0
130	8	6.271367	241	17	0
130	11	3.804903	199	25	0
130	12	2.598616	358	16	0
130	13	4.347015	261	17	0
130	14	3.546486	199	14	0
130	15	4.870178	296	15	0
130	13	6.027109	265	19	0
130	13	3.234563	179	29	0
130	4	3.160170	233	12	0
130	15	5.051834	193	19	0
130	16	4.222477	258	15	0
130	16	7.580635	175	21	0
130	17	6.914653	229	17	0
130	14	3.981892	182	25	0
130	20	0.843873	219	20	0
130	11	2.617241	170	27	0
130	10	7.969750	260	22	0
130	19	1.334370	231	17	0
130	22	0.033592	152	21	0
130	22	2.623559	174	26	0
130	24	5.941283	196	0	2
133	1	2.000000	239	20	1
133	3	7.670883	245	20	0
133	6	4.969292	231	17	0
133	5	1.687373	307	13	0
133	3	0.623702	151	11	0
133	5	2.382150	295	18	0
133	8	7.729810	270	25	0
133	10	0.115088	225	29	0
133	10	5.237284	139	17	0
133	6	0.373272	474	17	0
133	9	3.632011	204	24	0
133	8	6.404773	301	16	0
133	12	0.195048	233	13	0
133	13	4.840321	253	17	0
133	14	3.697421	145	22	0
133	13	4.804146	278	24	0
133	17	3.098653	417	24	0
133	17	5.065576	147	21	0
133	11	2.984259	163	21	0
133	16	3.978160	123	23	0
133	17	3.851705	290	21	0
133	18	0.846552	149	30	0
133	19	3.923543	374	15	0
133	22	2.184605	157	20	0
133	23	2.498253	267	0	2
136	1	2.000000	152	30	1
136	2	1.637809	225	15	0
136	3	4.430155	217	23	0
136	6	5.119716	380	17	0
136	7	3.863126	275	26	0
136	8	3.066681	625	13	0
136	6	4.769989	153	26	0
136	10	3.705662	171	19	0
136	10	6.338371	90	10	0
136	8	3.034856	464	17	0
136	10	3.813116	374	16	0
136	13	7.458965	414	23	0
136	14	4.957942	252	20	0
136	15	4.887859	279	22	0
136	11	5.047644	335	18	0
136	16	1.740293	193	16	0
136	16	5.859067	160	18	0
136	12	1.036826	151	21	0
136	15	10.660864	197	25	0
136	17	1.475939	270	18	0
136	19	2.427990	292	28	0
136	21	1.386867	103	22	0
136	22	3.080111	395	0	2
139	1	2.000000	243	25	1
139	2	4.002794	276	13	0
139	3	3.231603	328	18	0
139	6	3.088368	360	16	0
139	8	0.103638	283	14	0
139	8	3.982452	137	20	0
139	8	1.288712	123	21	0
139	9	3.986144	309	14	0
139	8	4.367324	263	20	0
139	7	5.966425	172	19	0
139	6	7.723068	350	23	0
139	11	1.349822	213	22	0
139	12	1.644801	195	18	0
139	13	5.896859	274	23	0
139	14	2.751767	377	19	0
139	14	5.482202	147	10	0
139	16	5.402220	258	25	0
139	15	5.158190	319	23	0
139	7	0.952661	180	20	0
139	15	0.692345	312	18	0
139	17	2.273528	270	19	0
139	19	4.749970	104	22	0
139	19	6.307070	180	24	0
139	22	2.045612	210	22	0
139	22	6.185663	166	0	2
146	1	2.000000	187	16	1
146	2	3.549530	343	15	0
146	4	0.505081	204	23	0
146	5	2.428365	327	17	0
146	6	5.706757	333	22	0
146	7	3.137416	187	31	0
146	8	4.719851	345	13	0
146	7	4.182004	283	29	0
146	8	5.809345	485	9	0
146	9	2.038392	173	17	0
146	10	4.780347	296	22	0
146	6	4.828198	249	23	0
146	8	4.141806	128	25	0
146	10	4.969732	327	19	0
146	8	5.098508	120	18	0
146	11	4.188288	190	18	0
146	14	3.480789	294	15	0
146	13	4.479188	265	20	0
146	15	8.027537	396	16	0
146	16	4.033413	162	20	0
146	17	4.201790	351	19	0
146	17	6.744181	138	22	0
146	15	4.049449	209	13	0
146	13	2.608690	261	19	0
146	18	1.287211	260	18	0
146	20	2.776200	177	22	0
146	22	1.460102	167	20	0
146	23	4.693396	267	0	2
149	1	2.000000	186	16	1
149	2	3.959116	119	19	0
149	3	6.670948	326	16	0
149	6	5.003587	136	17	0
149	5	2.668671	309	15	0
149	7	4.096104	202	18	0
149	7	1.532219	122	16	0
149	6	5.732453	220	14	0
149	6	8.023420	153	21	0
149	7	3.215271	372	16	0
149	11	1.024616	185	17	0
149	10	4.245253	285	21	0
149	5	1.066265	123	25	0
149	11	2.010218	232	15	0
149	10	4.284013	232	14	0
149	8	5.588103	314	21	0
149	13	4.300671	222	17	0
149	14	2.650047	143	20	0
149	15	4.361946	349	22	0
149	17	8.933809	388	22	0
149	17	2.853347	347	23	0
149	16	2.071648	226	17	0
149	20	8.973173	266	17	0
149	21	2.567918	253	23	0
149	22	5.120771	232	18	0
149	17	6.085394	161	15	0
149	19	2.803533	174	0	2
152	1	2.000000	222	20	1
152	2	4.534595	289	24	0
152	6	1.922785	177	21	0
152	4	4.580555	144	14	0
152	7	0.605875	259	19	0
152	1	1.035548	82	21	0
152	6	8.598696	360	20	0
152	8	3.536929	337	16	0
152	11	0.989325	232	22	0
152	12	3.162476	255	19	0
152	13	5.751761	442	23	0
152	3	1.509468	180	17	0
152	11	3.248895	179	14	0
152	14	5.640121	196	19	0
152	9	3.495002	242	16	0
152	16	1.842221	377	12	0
152	16	6.223187	157	12	0
152	7	5.649134	259	17	0
152	15	0.025300	153	17	0
152	16	3.094758	236	25	0
152	18	0.029300	401	14	0
152	20	5.577778	323	24	0
152	22	6.704729	151	21	0
152	6	5.143534	220	17	0
152	14	4.633217	184	16	0
152	19	6.401977	207	0	2
155	1	2.000000	161	17	1
155	3	6.986999	312	14	0
155	4	2.692213	164	23	0
155	5	3.100563	175	31	0
155	6	8.022858	269	16	0
155	9	2.343432	236	18	0
155	10	5.695048	264	17	0
155	10	4.276222	200	16	0
155	1	0.419792	157	19	0
155	6	10.334276	115	20	0
155	7	3.668748	370	22	0
155	6	6.070926	401	14	0
155	8	2.302551	204	18	0
155	13	2.159329	210	21	0
155	16	5.357292	139	17	0
155	16	2.782700	217	14	0
155	10	1.227465	371	15	0
155	6	2.318518	140	23	0
155	15	3.268324	244	19	0
155	14	4.805678	234	19	0
155	16	7.003104	187	18	0
155	17	2.613854	160	18	0
155	20	3.193135	217	28	0
155	21	6.740223	463	0	2
162	1	2.000000	207	20	1
162	3	4.079185	403	23	0
162	6	4.724887	223	19	0
162	8	0.837952	222	13	0
162	8	4.862685	130	18	0
162	6	5.827677	449	18	0
162	10	6.197710	594	14	0
162	11	2.901003	122	26	0
162	10	7.089376	382	22	0
162	8	2.102331	194	25	0
162	13	9.230112	219	27	0
162	13	5.389866	130	16	0
162	15	2.748337	311	19	0
162	16	5.752954	332	15	0
162	17	4.651995	483	21	0
162	16	9.176948	205	14	0
162	1	0.152407	127	17	0
162	16	7.741208	210	22	0
162	16	2.875937	192	20	0
162	19	2.505763	196	27	0
162	20	6.033166	341	17	0
162	21	1.810192	328	14	0
162	22	2.686378	312	0	2
165	1	2.000000	263	18	1
165	5	0.093650	200	22	0
165	6	3.981646	224	18	0
165	8	1.214598	260	24	0
165	7	1.942934	183	19	0
165	10	1.368884	241	23	0
165	10	5.207900	173	13	0
165	10	2.788179	247	20	0
165	10	2.656601	179	17	0
165	10	5.843112	100	21	0
165	7	5.948679	234	20	0
165	12	3.569479	303	15	0
165	14	0.780742	323	18	0
165	16	0.002115	239	26	0
165	13	6.430783	164	25	0
165	14	3.319777	253	30	0
165	14	0.656123	95	10	0
165	17	2.089559	469	18	0
165	18	4.673409	235	20	0
165	21	0.087883	204	20	0
165	15	2.576756	134	19	0
165	23	5.131427	517	0	2
