7	1	2.000000	266	13	1
7	5	0.484322	124	21	0
7	3	2.326303	386	26	0
7	6	4.503684	178	16	0
7	7	3.081740	263	18	0
7	6	3.317476	230	19	0
7	6	2.115951	261	19	0
7	8	5.888443	214	30	0
7	10	0.510651	194	16	0
7	8	3.004122	214	21	0
7	8	7.018497	267	16	0
7	11	1.607019	75	19	0
7	11	1.555964	232	30	0
7	12	1.725373	148	26	0
7	13	5.222206	261	17	0
7	14	2.477353	363	17	0
7	16	4.883099	189	14	0
7	15	6.465191	272	16	0
7	15	3.730199	204	24	0
7	15	8.249861	242	20	0
7	15	5.126674	122	27	0
7	15	7.773616	305	24	0
7	8	4.246735	260	11	0
7	15	3.863592	157	20	0
7	3	1.020379	250	27	0
7	17	5.986073	145	10	0
7	14	6.848606	161	26	0
7	6	8.374977	258	21	0
7	16	7.634272	136	25	0
7	22	1.351591	117	26	0
7	10	4.012659	161	25	0
7	16	5.542263	115	17	0
7	20	1.281208	128	20	0
7	22	3.064604	442	0	2
14	1	2.000000	193	18	1
14	3	3.370222	166	27	0
14	3	1.207180	176	27	0
14	6	0.265976	128	18	0
14	5	2.906934	594	14	0
14	6	4.433004	224	20	0
14	7	4.013294	343	16	0
14	8	4.207288	144	31	0
14	6	4.480841	354	16	0
14	10	5.938852	203	21	0
14	11	3.622444	324	18	0
14	12	1.077288	144	23	0
14	9	2.747412	444	15	0
14	13	5.821535	113	16	0
14	13	3.477303	181	19	0
14	15	2.933924	452	18	0
14	15	3.943295	114	31	0
14	19	2.690137	159	19	0
14	20	5.018768	186	21	0
14	21	4.090745	281	19	0
14	10	1.271175	190	15	0
14	19	1.240177	137	16	0
14	17	4.649130	424	20	0
14	17	3.306297	325	21	0
14	5	2.908491	108	21	0
14	16	9.256318	136	10	0
14	8	9.061723	191	14	0
14	16	6.501920	141	28	0
14	17	4.954443	359	22	0
14	17	3.472805	197	14	0
14	9	2.487949	184	18	0
14	13	9.566520	149	18	0
14	7	3.259329	142	10	0
14	13	9.198295	204	20	0
14	16	8.815144	142	16	0
14	20	1.912444	338	22	0
14	23	3.891694	149	22	0
14	17	8.917105	190	23	0
14	7	3.236110	174	26	0
14	13	6.041311	130	16	0
14	21	3.962371	151	10	0
14	10	2.563174	169	12	0
14	24	7.267241	320	16	0
14	24	2.480624	273	15	0
14	13	6.928686	146	24	0
14	16	9.155748	187	25	0
14	9	0.011730	143	17	0
14	6	6.926354	209	20	0
14	24	2.932052	203	23	0
14	3	3.685475	135	14	0
14	7	3.538354	174	16	0
14	20	6.160404	146	16	0
14	13	9.122449	233	15	0
14	22	0.239599	195	30	0
14	23	2.495639	199	21	0
14	22	0.528322	203	16	0
14	1	2.159578	157	19	0
14	1	1.022893	119	14	0
14	10	1.268967	122	24	0
14	15	1.191079	200	16	0
14	17	6.664607	245	12	0
14	13	5.019239	206	18	0
14	20	4.316699	191	19	0
14	8	3.448981	170	20	0
14	13	2.050444	195	17	0
14	20	4.768155	142	10	0
14	19	0.368196	143	24	0
14	17	4.166671	260	19	0
14	21	0.270506	159	24	0
14	19	2.812533	175	19	0
14	24	5.558926	243	18	0
14	17	3.792516	187	18	0
14	13	5.767294	220	15	0
14	13	4.176594	200	18	0
14	13	3.537856	127	23	0
14	17	6.892067	215	17	0
14	24	5.274331	290	22	0
14	13	0.962442	120	15	0
14	2	1.495143	148	18	0
14	13	7.587194	243	15	0
14	24	1.608214	276	13	0
14	17	0.380497	182	16	0
14	22	2.910034	150	0	2
17	1	2.000000	169	17	1
17	1	0.551953	197	23	0
17	3	2.207923	203	20	0
17	5	1.500203	646	19	0
17	9	1.006103	106	23	0
17	10	0.933348	195	18	0
17	10	8.356441	222	23	0
17	8	3.241517	135	19	0
17	7	3.733809	403	28	0
17	8	4.097707	157	22	0
17	6	4.916499	347	19	0
17	8	3.035934	190	15	0
17	9	0.658293	215	21	0
17	12	2.712950	115	22	0
17	13	5.495474	367	17	0
17	15	4.773621	145	19	0
17	13	4.187967	262	23	0
17	16	11.149654	193	26	0
17	15	2.892863	405	20	0
17	17	0.076212	391	16	0
17	17	4.266065	250	16	0
17	16	7.457291	243	19	0
17	15	3.505525	133	16	0
17	13	3.355386	387	17	0
17	17	4.779888	101	16	0
17	15	2.779829	161	19	0
17	16	5.197144	155	21	0
17	8	1.197171	185	18	0
17	13	1.030563	393	24	0
17	16	0.919570	393	15	0
17	13	3.567513	127	17	0
17	13	7.771913	229	15	0
17	10	0.305082	215	14	0
17	16	4.047655	225	14	0
17	17	3.342872	139	32	0
17	15	3.161045	138	21	0
17	19	0.406319	161	22	0
17	14	1.965329	209	16	0
17	13	5.701807	144	25	0
17	20	4.671301	222	16	0
17	18	3.922074	284	21	0
17	10	3.396669	156	19	0
17	14	2.090428	201	20	0
17	23	0.376529	153	18	0
17	23	5.388802	169	0	2
20	1	2.000000	165	22	1
20	2	3.987566	299	15	0
20	3	6.651357	377	20	0
20	5	2.775907	163	19	0
20	6	5.894135	369	20	0
20	6	2.075049	294	23	0
20	10	1.997111	218	19	0
20	10	5.926837	151	17	0
20	10	10.777064	216	16	0
20	9	1.012887	161	14	0
20	8	5.089411	478	18	0
20	13	5.791446	155	11	0
20	11	2.811873	291	18	0
20	15	0.017920	187	13	0
20	15	5.475344	273	25	0
20	16	4.005624	348	18	0
20	16	3.365586	293	25	0
20	16	6.428923	323	15	0
20	9	0.384785	121	22	0
20	6	3.426535	246	16	0
20	16	6.858868	215	27	0
20	16	8.427812	179	11	0
20	8	3.314061	147	20	0
20	18	2.776463	160	18	0
20	15	1.660183	162	11	0
20	3	1.476395	135	17	0
20	16	2.751892	192	18	0
20	20	0.297448	176	16	0
20	19	1.515422	179	20	0
20	21	4.502134	199	24	0
20	23	2.585484	542	0	2
23	1	2.000000	233	22	1
23	4	4.346331	180	17	0
23	3	5.851138	422	13	0
23	7	3.236528	181	19	0
23	8	2.877876	284	20	0
23	8	0.731686	195	17	0
23	1	2.900185	177	18	0
23	6	9.307742	129	22	0
23	5	2.526858	269	20	0
23	7	5.296624	210	22	0
23	9	2.345836	169	16	0
23	10	5.710581	245	21	0
23	3	8.049980	145	19	0
23	9	2.375049	159	21	0
23	8	3.351886	225	14	0
23	8	1.715522	174	20	0
23	6	6.112626	305	16	0
23	6	2.431462	250	10	0
23	6	1.751249	194	19	0
23	6	6.441625	141	17	0
23	11	1.519351	232	19	0
23	8	3.968603	266	24	0
23	8	1.755784	355	30	0
23	13	2.857223	187	16	0
23	13	7.409437	300	18	0
23	14	1.997172	145	18	0
23	15	6.031673	168	19	0
23	15	6.331737	214	11	0
23	15	2.476522	183	16	0
23	15	6.233365	244	16	0
23	16	1.455731	114	13	0
23	15	4.981700	320	19	0
23	15	2.780472	230	28	0
23	14	1.479814	146	20	0
23	16	3.200958	214	15	0
23	16	0.267238	155	26	0
23	15	6.978233	195	19	0
23	16	4.134129	446	19	0
23	15	4.662806	111	15	0
23	15	7.634889	156	18	0
23	15	2.299771	278	20	0
23	17	2.847285	142	23	0
23	18	3.610269	214	14	0
23	20	1.313485	136	18	0
23	21	2.436429	276	18	0
23	22	6.248676	297	0	2
30	1	2.000000	183	16	1
30	1	0.081390	176	19	0
30	3	6.291961	248	18	0
30	4	2.710704	274	19	0
30	8	1.823467	138	19	0
30	9	2.324249	417	25	0
30	8	1.723884	188	15	0
30	8	4.633896	193	16	0
30	5	0.384585	241	17	0
30	6	4.736648	201	22	0
30	11	3.935587	162	17	0
30	13	0.243858	160	20	0
30	13	4.844547	196	16	0
30	13	2.187073	269	25	0
30	15	8.291949	231	31	0
30	16	5.009245	160	19	0
30	17	3.852020	448	21	0
30	3	3.673018	180	23	0
30	11	0.571807	191	12	0
30	3	3.921934	151	26	0
30	6	1.547788	222	20	0
30	6	0.737776	180	15	0
30	13	1.915744	266	24	0
30	8	3.011609	206	16	0
30	6	2.907757	219	22	0
30	13	3.332199	154	23	0
30	13	2.821851	189	21	0
30	7	1.926495	203	16	0
30	6	4.179599	324	15	0
30	16	1.642634	104	25	0
30	20	1.085947	265	23	0
30	21	2.274923	283	16	0
30	22	3.933430	247	26	0
30	22	0.003283	222	0	2
33	1	2.000000	193	19	1
33	3	4.521603	126	12	0
33	3	2.620735	204	29	0
33	4	4.580477	345	18	0
33	6	4.122777	103	18	0
33	6	2.830998	254	18	0
33	8	1.855860	190	25	0
33	8	6.681027	236	22	0
33	8	7.004502	229	23	0
33	9	3.663825	190	15	0
33	10	2.454179	328	25	0
33	8	4.947963	292	22	0
33	12	0.503906	177	15	0
33	13	3.242734	355	19	0
33	14	0.840043	172	19	0
33	16	6.179259	264	20	0
33	15	4.498760	260	23	0
33	17	8.325617	171	18	0
33	18	2.659524	308	18	0
33	17	9.750229	143	26	0
33	19	2.747770	207	17	0
33	18	1.511366	228	15	0
33	21	2.669008	136	19	0
33	21	0.934516	228	15	0
33	23	6.895407	181	0	2
36	1	2.000000	157	15	1
36	3	0.421676	229	36	0
36	4	0.775974	261	15	0
36	5	3.086959	429	19	0
36	8	4.418630	193	22	0
36	7	4.120058	205	19	0
36	8	6.257448	293	16	0
36	10	7.493982	364	14	0
36	8	5.294150	188	15	0
36	8	2.674268	228	14	0
36	13	5.645226	175	13	0
36	13	0.404106	143	14	0
36	14	4.264845	334	19	0
36	15	4.550192	125	19	0
36	16	5.383371	437	17	0
36	17	4.106063	140	19	0
36	17	0.559988	326	22	0
36	19	4.072996	154	14	0
36	19	6.397686	195	19	0
36	20	3.283428	567	19	0
36	22	5.957905	309	0	2
39	1	2.000000	306	17	1
39	2	3.711885	202	23	0
39	3	3.334716	249	20	0
39	6	5.400592	176	19	0
39	7	3.422562	298	18	0
39	6	5.023821	299	15	0
39	5	1.686496	185	14	0
39	10	0.462381	200	19	0
39	9	3.198046	299	15	0
39	9	0.576640	193	23	0
39	9	3.986062	188	18	0
39	12	1.189165	119	19	0
39	13	3.727378	211	17	0
39	14	2.140269	259	17	0
39	16	0.920532	281	24	0
39	15	5.343408	178	16	0
39	11	0.698613	218	19	0
39	15	2.974682	127	14	0
39	15	2.257829	242	15	0
39	5	2.227298	165	14	0
39	8	5.064653	174	27	0
39	8	2.132821	166	16	0
39	8	6.014347	138	21	0
39	16	3.297448	273	22	0
39	15	10.381785	102	25	0
39	13	3.712184	169	19	0
39	19	2.391920	123	22	0
39	13	5.361941	164	27	0
39	16	1.424204	328	20	0
39	19	1.995713	119	20	0
39	18	3.009034	311	22	0
39	22	7.613889	284	24	0
39	22	3.510557	168	0	2
46	1	2.000000	207	22	1
46	2	5.694547	260	13	0
46	5	1.514085	282	21	0
46	6	4.201561	142	21	0
46	7	2.775595	347	20	0
46	6	3.785946	154	18	0
46	7	2.740284	103	27	0
46	10	2.266425	325	25	0
46	9	2.628024	318	20	0
46	8	3.143215	334	21	0
46	13	3.721328	225	14	0
46	15	1.046627	476	17	0
46	13	6.389761	371	24	0
46	15	6.838714	125	18	0
46	16	4.488851	373	18	0
46	17	7.026123	353	26	0
46	17	5.041772	242	14	0
46	17	9.447187	230	17	0
46	11	1.774482	129	24	0
46	13	6.636876	290	20	0
46	17	2.548260	204	24	0
46	13	14.556305	310	17	0
46	17	5.362789	230	15	0
46	13	10.915343	191	17	0
46	13	11.406221	203	17	0
46	6	0.837312	188	30	0
46	6	4.475979	199	15	0
46	16	7.213284	151	20	0
46	6	1.722356	195	15	0
46	15	6.702350	147	16	0
46	17	10.512334	211	24	0
46	16	3.694227	176	19	0
46	15	1.826635	145	20	0
46	13	13.690371	107	18	0
46	8	5.709792	190	25	0
46	13	13.584287	235	14	0
46	13	9.390015	228	17	0
46	13	4.615764	170	22	0
46	12	3.343992	131	13	0
46	18	0.956348	197	22	0
46	18	0.227600	172	16	0
46	5	1.986046	209	16	0
46	17	4.772316	241	13	0
46	17	7.783203	241	19	0
46	3	1.095235	149	25	0
46	17	2.609156	158	18	0
46	20	0.556371	130	17	0
46	17	2.188306	132	16	0
46	9	3.589671	191	23	0
46	6	6.165988	207	17	0
46	12	2.813185	204	19	0
46	13	8.159718	267	17	0
46	21	0.849400	208	22	0
46	22	3.734093	215	13	0
46	23	6.544037	150	0	2
49	1	2.000000	243	18	1
49	3	8.171605	110	13	0
49	3	5.544914	225	18	0
49	4	4.274824	183	20	0
49	7	2.596761	105	16	0
49	7	5.561917	211	22	0
49	8	4.124078	205	19	0
49	8	0.435850	212	21	0
49	6	3.111131	332	21	0
49	9	0.915180	270	21	0
49	10	4.511718	253	23	0
49	11	0.191067	137	18	0
49	8	5.945912	287	16	0
49	6	4.470465	192	21	0
49	6	3.416439	167	17	0
49	9	2.338652	173	29	0
49	8	3.338244	306	12	0
49	10	6.167719	219	14	0
49	12	1.581344	133	24	0
49	13	3.266777	209	21	0
49	13	6.033596	200	20	0
49	14	3.560051	149	16	0
49	13	5.911543	271	30	0
49	16	4.271296	264	17	0
49	17	3.753610	276	14	0
49	18	3.597327	355	9	0
49	19	2.863719	238	13	0
49	18	5.965610	215	24	0
49	19	3.272046	238	16	0
49	22	2.884109	222	10	0
49	22	0.093511	118	13	0
49	23	4.671297	267	0	2
52	1	2.000000	166	18	1
52	3	3.247314	221	21	0
52	4	3.678202	209	17	0
52	6	6.840317	205	15	0
52	6	3.157513	142	19	0
52	6	2.199345	187	20	0
52	8	2.736203	223	16	0
52	9	3.422296	391	20	0
52	8	3.633809	335	20	0
52	10	2.301780	255	24	0
52	11	4.770716	207	13	0
52	13	0.071945	268	14	0
52	13	3.669779	182	25	0
52	15	8.751082	231	20	0
52	16	2.996962	193	21	0
52	15	8.131207	143	17	0
52	14	2.661435	305	22	0
52	15	5.234222	257	14	0
52	14	3.233488	374	24	0
52	11	4.063065	148	16	0
52	15	7.685280	123	21	0
52	17	3.876064	217	16	0
52	17	1.014333	186	28	0
52	7	5.394607	97	20	0
52	16	3.413621	313	17	0
52	16	5.547453	229	13	0
52	15	0.705844	103	20	0
52	15	4.620222	271	21	0
52	13	3.457775	167	14	0
52	3	4.740592	171	20	0
52	12	1.545618	188	19	0
52	2	0.380964	196	13	0
52	15	6.454872	202	22	0
52	19	3.056165	119	20	0
52	19	0.043976	246	18	0
52	21	2.961674	287	21	0
52	22	6.015323	196	0	2
55	1	2.000000	286	15	1
55	3	2.895769	127	20	0
55	3	2.010169	203	23	0
55	4	2.466483	228	19	0
55	6	5.598512	181	15	0
55	7	5.739207	328	27	0
55	8	5.680274	275	20	0
55	6	4.886214	189	16	0
55	6	0.961250	268	26	0
55	8	8.434791	154	19	0
55	12	1.708762	188	22	0
55	13	5.253500	294	13	0
55	14	5.483447	338	23	0
55	15	4.514798	391	27	0
55	14	2.347050	187	13	0
55	16	1.906470	325	22	0
55	15	6.799340	196	24	0
55	16	7.517160	271	20	0
55	17	5.812745	271	32	0
55	19	4.785499	152	18	0
55	20	1.845445	158	18	0
55	17	3.474413	185	20	0
55	19	5.642699	450	23	0
55	19	3.080072	280	10	0
55	21	0.584336	183	14	0
55	21	2.589450	144	14	0
55	22	4.011145	243	33	0
55	21	2.704652	247	21	0
55	20	1.954386	175	19	0
55	21	3.064368	210	24	0
55	7	2.962988	169	22	0
55	8	4.534469	328	21	0
55	6	3.494462	263	20	0
55	22	4.862852	177	19	0
55	21	1.263038	238	11	0
55	10	3.721551	154	22	0
55	19	2.956024	214	24	0
55	2	1.840589	167	0	2
62	1	2.000000	240	22	1
62	2	2.941292	122	19	0
62	3	4.392582	85	20	0
62	4	4.200871	393	18	0
62	6	3.200990	194	17	0
62	6	1.532652	165	15	0
62	8	0.907729	351	24	0
62	6	4.999566	406	20	0
62	8	3.770281	175	17	0
62	9	2.681028	310	14	0
62	8	5.095557	208	12	0
62	8	2.418155	191	21	0
62	10	4.677678	307	12	0
62	8	6.738751	246	21	0
62	13	3.539635	142	24	0
62	14	1.226868	137	17	0
62	13	2.988224	410	22	0
62	15	13.369826	205	19	0
62	15	8.557712	201	20	0
62	16	4.709910	301	23	0
62	17	5.617859	279	17	0
62	18	5.024124	438	17	0
62	16	4.490677	141	18	0
62	17	4.554600	381	16	0
62	15	11.907045	168	19	0
62	22	0.425437	239	17	0
62	23	3.840275	74	21	0
62	7	2.977415	167	0	2
65	1	2.000000	400	19	1
65	3	3.920473	127	12	0
65	4	1.720321	197	22	0
65	5	2.728285	239	12	0
65	5	3.950781	214	21	0
65	8	2.480212	212	15	0
65	7	2.444108	139	20	0
65	8	4.425459	324	25	0
65	10	1.921797	306	15	0
65	11	3.152499	206	21	0
65	10	3.389637	154	21	0
65	14	0.101171	159	17	0
65	13	3.114635	114	26	0
65	12	3.870873	206	20	0
65	16	1.115341	184	23	0
65	16	6.594298	146	21	0
65	17	3.563222	425	25	0
65	5	0.261268	149	13	0
65	12	3.729126	153	17	0
65	17	2.091604	262	18	0
65	17	8.052325	192	21	0
65	16	4.205392	157	19	0
65	13	1.891858	248	24	0
65	7	4.180777	254	20	0
65	8	6.324022	318	28	0
65	16	0.297949	186	16	0
65	18	0.268277	159	21	0
65	17	5.604942	202	21	0
65	6	4.662050	139	13	0
65	8	6.117592	251	20	0
65	8	3.346735	239	16	0
65	8	5.343062	218	13	0
65	16	7.359774	161	23	0
65	6	6.036059	127	21	0
65	22	1.308492	135	30	0
65	2	1.771916	148	19	0
65	6	2.283189	256	22	0
65	18	2.912746	268	22	0
65	17	7.886428	225	26	0
65	16	7.198661	165	27	0
65	16	1.623846	169	19	0
65	20	7.659578	159	22	0
65	22	0.185674	101	26	0
65	21	1.957477	383	17	0
65	23	2.594459	165	17	0
65	23	7.041509	374	0	2
68	1	2.000000	164	15	1
68	2	1.002844	131	18	0
68	3	6.260260	367	9	0
68	4	2.777099	148	20	0
68	5	2.842828	441	12	0
68	6	5.818106	265	26	0
68	7	2.868243	297	20	0
68	6	6.768967	68	18	0
68	6	4.211511	184	12	0
68	9	0.187012	312	17	0
68	10	2.580901	133	20	0
68	8	4.892012	269	21	0
68	8	2.105977	223	22	0
68	8	5.783032	201	24	0
68	11	2.602699	420	19	0
68	14	5.691490	108	23	0
68	14	7.912608	198	31	0
68	15	6.041647	262	18	0
68	7	3.439648	150	16	0
68	13	7.879475	191	22	0
68	16	3.498722	263	21	0
68	2	2.774617	177	18	0
68	14	7.891021	169	24	0
68	16	5.036530	406	19	0
68	4	3.794043	176	18	0
68	8	2.194308	418	17	0
68	14	9.972052	197	14	0
68	14	4.435765	186	17	0
68	3	9.999965	225	22	0
68	13	9.408623	159	18	0
68	8	7.697317	195	15	0
68	15	6.136037	152	20	0
68	15	2.736769	191	18	0
68	13	5.069310	141	15	0
68	13	3.497847	216	22	0
68	16	2.291992	399	18	0
68	15	0.267071	136	21	0
68	13	5.702907	301	15	0
68	3	0.911880	140	27	0
68	11	3.662743	193	21	0
68	8	4.809061	231	18	0
68	18	1.253877	190	26	0
68	16	3.629982	198	24	0
68	6	1.121753	217	19	0
68	6	5.106202	143	23	0
68	14	8.879819	161	21	0
68	2	2.449943	143	24	0
68	5	3.409490	127	17	0
68	18	3.674063	173	18	0
68	7	4.886500	185	20	0
68	8	4.499669	108	16	0
68	6	4.241282	348	20	0
68	6	6.989073	177	20	0
68	16	6.717146	186	16	0
68	19	5.360643	274	13	0
68	13	9.504471	219	24	0
68	12	0.448067	123	27	0
68	2	2.842385	124	25	0
68	7	1.094829	241	25	0
68	8	5.022652	216	15	0
68	13	9.939939	148	17	0
68	16	4.405065	237	26	0
68	17	4.338239	86	17	0
68	2	1.685908	164	20	0
68	7	1.252712	143	19	0
68	15	2.605560	216	19	0
68	8	7.334971	153	20	0
68	6	5.805566	407	16	0
68	21	2.773871	246	15	0
68	22	5.655576	119	0	2
71	1	2.000000	181	22	1
71	3	4.248943	136	23	0
71	5	0.169685	210	23	0
71	6	4.105266	169	18	0
71	5	3.828897	124	21	0
71	6	4.058341	298	20	0
71	8	3.913567	191	15	0
71	8	0.248430	232	15	0
71	10	5.491918	321	23	0
71	8	4.100031	326	22	0
71	8	1.986732	248	21	0
71	14	2.491296	174	13	0
71	13	6.010677	301	15	0
71	5	2.551822	167	23	0
71	10	7.934022	162	22	0
71	13	1.042111	182	23	0
71	14	2.610221	353	27	0
71	14	6.034686	161	23	0
71	15	4.892853	325	18	0
71	15	8.979569	283	22	0
71	16	4.069159	283	14	0
71	4	1.906124	126	21	0
71	8	2.423524	202	16	0
71	8	5.983581	147	14	0
71	18	0.718268	147	15	0
71	15	8.426725	262	19	0
71	18	2.801482	120	18	0
71	19	4.275094	319	27	0
71	21	3.738410	131	11	0
71	22	5.100296	318	0	2
78	1	2.000000	158	29	1
78	2	2.915264	282	24	0
78	3	7.043717	134	17	0
78	4	4.192945	242	10	0
78	6	3.829093	527	18	0
78	6	1.925093	245	16	0
78	6	5.150329	174	21	0
78	9	2.886227	117	14	0
78	8	2.201873	357	20	0
78	10	3.420755	226	25	0
78	8	5.023407	126	8	0
78	8	5.249775	139	24	0
78	9	0.148986	190	14	0
78	14	2.283765	184	22	0
78	13	4.098899	223	21	0
78	13	2.058488	280	27	0
78	17	2.528947	276	13	0
78	16	6.496045	359	23	0
78	6	3.491662	195	28	0
78	19	0.550108	215	24	0
78	5	2.487906	203	23	0
78	12	2.213353	132	13	0
78	13	4.412729	296	17	0
78	14	0.288442	171	18	0
78	17	0.097909	146	17	0
78	20	4.576045	320	16	0
78	21	2.333916	253	17	0
78	23	4.716863	225	0	2
81	1	2.000000	190	19	1
81	4	4.758081	98	19	0
81	5	3.402805	415	17	0
81	3	5.769812	311	18	0
81	6	6.572844	335	24	0
81	6	7.730148	257	14	0
81	6	4.969746	234	21	0
81	8	3.848141	201	29	0
81	9	2.815046	296	21	0
81	8	4.412062	324	14	0
81	10	3.253090	340	27	0
81	11	1.773140	302	16	0
81	12	1.502605	217	18	0
81	13	1.099532	140	28	0
81	15	3.117481	271	21	0
81	13	2.717756	282	23	0
81	14	0.808114	192	25	0
81	17	3.823760	315	21	0
81	17	6.605324	236	14	0
81	19	0.150000	146	15	0
81	20	5.641179	252	18	0
81	22	0.769407	158	15	0
81	23	3.932325	350	0	2
84	1	2.000000	257	22	1
84	4	2.003975	136	20	0
84	3	3.913406	358	18	0
84	6	1.354272	368	25	0
84	7	2.164955	453	16	0
84	6	5.022868	133	22	0
84	6	6.162048	210	16	0
84	8	5.748081	230	18	0
84	13	1.964503	172	20	0
84	13	6.686092	211	17	0
84	11	3.087333	215	18	0
84	10	5.256963	523	24	0
84	8	3.183503	28	15	0
84	8	5.181401	234	21	0
84	8	0.987359	213	17	0
84	13	5.677237	248	17	0
84	14	3.265537	388	20	0
84	15	8.984578	161	18	0
84	15	4.139831	288	18	0
84	15	6.762360	214	19	0
84	16	4.438680	198	24	0
84	13	6.755652	219	21	0
84	17	2.562680	372	16	0
84	16	1.564903	154	21	0
84	15	6.613327	312	23	0
84	3	7.076159	128	23	0
84	15	9.434169	177	17	0
84	15	4.201931	174	17	0
84	15	3.533730	171	21	0
84	16	2.284290	139	20	0
84	17	1.689917	157	20	0
84	3	5.094982	107	12	0
84	8	4.034433	310	25	0
84	15	5.546080	168	19	0
84	15	7.141867	182	25	0
84	15	2.943749	107	25	0
84	8	0.697073	323	23	0
84	15	7.795624	235	21	0
84	15	5.435144	177	24	0
84	15	8.080662	199	26	0
84	16	3.650886	212	21	0
84	15	5.940390	78	21	0
84	15	9.192489	164	14	0
84	17	2.177097	155	28	0
84	6	5.741362	122	16	0
84	15	10.347146	162	20	0
84	14	6.727994	145	20	0
84	8	5.452763	176	19	0
84	16	1.074681	250	21	0
84	13	4.220722	185	31	0
84	18	2.158097	142	12	0
84	11	4.680339	159	20	0
84	1	2.151412	190	20	0
84	8	1.591814	314	24	0
84	14	3.291861	110	17	0
84	12	1.362681	154	18	0
84	4	3.302874	204	32	0
84	16	2.309328	157	27	0
84	15	3.487918	171	19	0
84	19	2.385026	107	9	0
84	8	2.135189	107	17	0
84	15	9.754127	392	21	0
84	6	4.338175	140	21	0
84	18	2.747511	187	28	0
84	16	3.138591	193	27	0
84	14	0.760532	167	17	0
84	15	3.766789	196	12	0
84	20	2.310879	127	21	0
84	12	1.057485	185	27	0
84	19	2.150451	111	21	0
84	8	6.433742	239	19	0
84	8	2.430046	233	14	0
84	15	3.266337	217	14	0
84	1	2.317145	257	26	0
84	15	2.642891	120	12	0
84	21	2.701898	147	18	0
84	2	2.732952	173	20	0
84	7	5.393339	213	18	0
84	14	3.331353	93	17	0
84	15	7.288889	328	16	0
84	22	1.399235	271	0	2
87	1	2.000000	168	11	1
87	3	1.900903	184	22	0
87	4	4.870886	252	22	0
87	6	1.984360	288	19	0
87	10	0.804676	154	24	0
87	9	2.790191	273	21	0
87	8	7.414507	170	16	0
87	10	5.318752	448	20	0
87	9	1.775541	146	24	0
87	3	1.745554	134	41	0
87	8	2.400255	308	23	0
87	6	4.005214	104	16	0
87	7	2.327431	347	19	0
87	6	3.744986	312	12	0
87	7	4.517831	189	18	0
87	6	2.951047	278	24	0
87	6	6.496137	208	21	0
87	11	1.533122	175	19	0
87	12	3.108266	290	17	0
87	13	3.965587	435	23	0
87	16	0.602730	201	19	0
87	15	3.225041	187	22	0
87	15	1.876345	190	17	0
87	15	5.623623	201	20	0
87	15	1.887803	253	14	0
87	16	3.682718	196	22	0
87	17	2.089759	233	22	0
87	18	2.458848	219	28	0
87	20	0.606227	182	16	0
87	21	0.713726	176	19	0
87	22	3.677239	396	17	0
87	23	1.018157	193	0	2
94	1	2.000000	222	28	1
94	3	8.116312	152	26	0
94	3	3.364654	230	18	0
94	4	2.687145	230	25	0
94	6	7.395373	205	14	0
94	7	3.464003	292	20	0
94	6	4.767358	293	22	0
94	10	3.533849	131	18	0
94	10	1.441708	337	21	0
94	11	3.332506	180	21	0
94	4	3.678058	150	28	0
94	7	5.926588	168	21	0
94	8	6.630678	273	18	0
94	14	0.099476	258	12	0
94	13	4.099938	442	29	0
94	15	7.857088	144	16	0
94	16	4.645150	318	14	0
94	17	1.969613	256	15	0
94	18	2.724097	313	15	0
94	19	2.347690	195	19	0
94	19	0.856034	444	21	0
94	22	3.025905	154	18	0
94	22	0.274886	165	15	0
94	23	3.541522	114	0	2
97	1	2.000000	216	20	1
97	3	0.617849	199	23	0
97	3	5.818842	172	25	0
97	5	3.071405	234	16	0
97	6	2.914299	218	22	0
97	6	1.370901	191	22	0
97	7	0.475824	164	28	0
97	6	0.901080	278	22	0
97	8	0.431911	209	23	0
97	8	5.657183	165	20	0
97	9	2.823229	130	16	0
97	10	5.778684	361	10	0
97	8	4.892642	323	18	0
97	14	1.935943	211	20	0
97	13	3.270382	217	24	0
97	14	0.263908	186	23	0
97	16	10.811642	246	19	0
97	16	7.008010	242	17	0
97	16	8.834947	211	21	0
97	17	6.499478	282	17	0
97	19	3.468707	178	22	0
97	20	4.386186	263	28	0
97	21	5.139869	395	13	0
97	24	2.447460	288	0	2
100	1	2.000000	138	25	1
100	3	6.267935	247	16	0
100	5	0.893996	188	22	0
100	8	0.291584	172	16	0
100	6	5.451225	338	23	0
100	8	3.348753	111	15	0
100	8	7.009892	234	12	0
100	9	3.079309	287	23	0
100	8	6.899145	387	12	0
100	8	4.077373	217	11	0
100	10	4.044731	346	22	0
100	11	4.222604	73	20	0
100	12	3.054904	427	20	0
100	15	6.033746	150	18	0
100	16	6.184843	352	22	0
100	16	6.649006	452	24	0
100	19	2.265655	233	31	0
100	19	0.366875	130	13	0
100	18	1.315673	297	15	0
100	17	2.831858	198	15	0
100	11	1.494246	148	20	0
100	14	4.656447	227	19	0
100	21	2.316451	165	23	0
100	22	5.712642	222	0	2
103	1	2.000000	255	21	1
103	3	3.991236	101	15	0
103	3	1.299234	206	13	0
103	5	3.616493	180	15	0
103	6	4.979694	342	21	0
103	7	5.164230	179	14	0
103	7	2.046669	253	15	0
103	6	5.421005	292	17	0
103	6	3.006548	137	16	0
103	9	0.894855	413	25	0
103	11	3.558933	97	24	0
103	13	0.382820	121	15	0
103	12	3.008992	227	18	0
103	12	3.807505	166	25	0
103	14	1.721580	237	26	0
103	15	5.461618	234	16	0
103	16	4.239674	125	18	0
103	8	8.150450	335	17	0
103	16	7.118014	142	19	0
103	16	8.943064	180	15	0
103	16	5.154600	225	19	0
103	16	1.112172	209	22	0
103	16	6.517972	284	16	0
103	16	2.094097	186	18	0
103	16	4.986687	161	23	0
103	16	2.950815	190	21	0
103	8	5.194157	214	26	0
103	8	3.522534	228	20	0
103	16	5.822758	171	25	0
103	7	5.238731	143	36	0
103	8	5.193336	159	14	0
103	8	8.184181	301	16	0
103	17	1.176084	58	13	0
103	17	6.022931	187	16	0
103	2	0.369809	189	22	0
103	6	5.642433	207	16	0
103	16	7.753887	229	17	0
103	8	5.513185	141	19	0
103	14	2.824778	69	17	0
103	8	2.857216	340	15	0
103	6	8.039983	162	16	0
103	8	3.808658	249	17	0
103	18	0.474976	252	19	0
103	19	5.435276	167	22	0
103	21	3.773199	267	0	2
110	1	2.000000	241	23	1
110	3	0.374489	115	38	0
110	3	3.947250	232	16	0
110	4	1.492534	188	17	0
110	6	0.618356	115	34	0
110	7	1.992810	355	25	0
110	6	4.088010	162	19	0
110	6	3.350422	242	16	0
110	8	6.123019	306	18	0
110	10	1.727885	323	25	0
110	11	4.806033	258	20	0
110	11	2.796414	224	27	0
110	13	7.599967	253	17	0
110	15	3.269754	150	18	0
110	16	6.792192	406	15	0
110	16	3.833610	293	16	0
110	13	6.212266	288	13	0
110	18	2.862448	142	17	0
110	19	4.939938	148	16	0
110	20	3.199929	279	14	0
110	21	4.283514	228	22	0
110	23	0.024389	169	17	0
110	23	4.646550	183	0	2
113	1	2.000000	142	16	1
113	2	1.434095	156	20	0
113	3	2.821869	381	13	0
113	6	5.518282	153	18	0
113	7	2.554702	246	17	0
113	6	5.111170	482	17	0
113	8	5.429708	152	21	0
113	10	6.270385	513	17	0
113	8	6.917519	322	18	0
113	9	3.133272	189	20	0
113	10	8.664247	150	20	0
113	11	3.234726	246	16	0
113	14	0.638993	229	22	0
113	13	3.481872	518	18	0
113	15	4.207071	200	19	0
113	16	2.923726	265	19	0
113	19	0.263039	193	21	0
113	17	4.696552	188	19	0
113	17	2.275433	218	13	0
113	17	6.642009	213	18	0
113	18	2.801016	259	19	0
113	1	2.246909	129	19	0
113	15	3.390705	229	22	0
113	17	1.877486	214	15	0
113	19	0.965227	296	22	0
113	5	1.200467	142	15	0
113	14	0.670867	214	19	0
113	10	0.762321	152	24	0
113	18	4.557465	112	25	0
113	17	4.396680	282	17	0
113	18	4.926525	426	14	0
113	10	7.151131	208	19	0
113	6	5.069681	133	12	0
113	19	0.719400	99	22	0
113	17	3.119714	255	21	0
113	19	1.446377	331	19	0
113	19	0.947433	260	19	0
113	6	8.941837	148	23	0
113	13	2.428964	266	20	0
113	17	3.767065	140	24	0
113	5	2.699663	136	20	0
113	8	7.967277	212	20	0
113	17	5.125031	144	17	0
113	17	2.498709	219	20	0
113	20	1.675015	195	29	0
113	17	3.789114	152	22	0
113	9	3.336602	204	21	0
113	19	1.916307	135	16	0
113	18	2.081035	267	22	0
113	20	2.863120	162	33	0
113	17	4.393830	166	16	0
113	21	2.465626	268	16	0
113	20	4.681739	376	20	0
113	19	2.566542	142	13	0
113	17	3.803256	213	15	0
113	2	1.302377	161	24	0
113	12	2.802618	178	18	0
113	10	5.457946	158	23	0
113	8	5.506333	304	23	0
113	17	0.256965	132	23	0
113	17	3.989118	243	18	0
113	23	6.031619	211	26	0
113	9	2.724588	170	28	0
113	17	7.183567	181	24	0
113	19	2.556143	236	21	0
113	23	4.235951	208	14	0
113	11	3.554667	184	13	0
113	21	2.569687	135	15	0
113	8	3.213905	133	12	0
113	13	4.558610	258	20	0
113	22	1.011493	200	14	0
113	7	5.910023	215	22	0
113	8	6.369244	260	23	0
113	13	0.425980	131	22	0
113	10	8.190407	136	19	0
113	21	1.073749	163	16	0
113	11	4.090614	150	18	0
113	11	0.922612	101	20	0
113	8	2.939935	132	13	0
113	8	7.424169	262	21	0
113	8	2.791244	192	16	0
113	17	7.205261	167	26	0
113	23	3.057343	209	22	0
113	12	3.781605	127	25	0
113	8	10.374229	117	17	0
113	4	0.408812	181	16	0
113	19	2.316470	161	21	0
113	8	9.234381	118	25	0
113	17	6.564440	171	13	0
113	9	0.780099	171	17	0
113	16	8.000621	127	20	0
113	20	3.342389	177	20	0
113	19	0.503627	306	19	0
113	19	2.939740	169	15	0
113	18	4.228214	203	18	0
113	17	3.814827	329	18	0
113	6	3.508136	107	23	0
113	20	5.548213	151	21	0
113	15	5.353375	153	0	2
116	1	2.000000	163	19	1
116	3	4.343346	272	14	0
116	4	2.348658	427	14	0
116	5	1.848316	323	25	0
116	7	2.225268	156	21	0
116	6	3.850417	273	22	0
116	6	1.752358	248	18	0
116	9	0.336600	134	18	0
116	8	5.160016	112	15	0
116	12	1.017481	191	27	0
116	10	3.329321	240	16	0
116	8	3.426183	275	31	0
116	13	2.063027	245	15	0
116	14	4.345354	115	24	0
116	14	7.412861	100	22	0
116	15	6.481450	401	21	0
116	16	4.995305	459	17	0
116	16	6.285489	294	22	0
116	13	7.418337	162	17	0
116	16	3.792010	110	21	0
116	17	4.290089	203	16	0
116	17	6.536245	236	21	0
116	19	2.423967	208	23	0
116	15	7.525360	118	20	0
116	16	3.488514	189	17	0
116	5	0.835156	179	23	0
116	8	1.895432	205	20	0
116	17	3.055264	206	22	0
116	7	3.020211	141	19	0
116	16	1.493799	153	16	0
116	9	0.818207	162	16	0
116	15	8.184497	176	18	0
116	13	1.372470	181	17	0
116	17	1.507457	125	15	0
116	16	3.373565	253	20	0
116	20	7.420993	196	15	0
116	20	3.235091	139	21	0
116	4	0.541606	210	15	0
116	8	2.098713	147	24	0
116	6	5.122630	150	17	0
116	18	2.829163	209	14	0
116	21	3.163244	250	25	0
116	22	5.398888	139	0	2
119	1	2.000000	196	22	1
119	3	4.395460	369	13	0
119	5	3.393008	224	20	0
119	6	6.492325	185	14	0
119	7	3.540647	258	12	0
119	6	5.400379	386	21	0
119	7	4.946499	170	17	0
119	8	4.806502	533	9	0
119	9	0.074440	364	18	0
119	10	5.820371	124	20	0
119	10	3.604697	268	25	0
119	8	5.208296	285	22	0
119	6	5.469870	233	11	0
119	6	2.080491	163	17	0
119	8	8.512926	303	19	0
119	8	5.052937	251	16	0
119	11	2.087180	254	16	0
119	12	3.239028	104	28	0
119	13	4.453645	414	18	0
119	15	3.800177	237	15	0
119	16	10.035420	203	30	0
119	18	1.617471	186	17	0
119	17	2.164715	223	15	0
119	17	0.297412	159	20	0
119	19	2.744033	528	24	0
119	19	9.368999	165	9	0
119	20	4.844089	358	24	0
119	21	2.623157	182	14	0
119	22	4.266946	341	0	2
126	1	2.000000	232	27	1
126	3	8.990837	159	12	0
126	5	2.272215	284	19	0
126	7	4.870684	159	25	0
126	7	2.596478	210	18	0
126	6	2.682635	227	16	0
126	6	5.392861	206	15	0
126	8	4.810882	211	15	0
126	9	0.877831	334	22	0
126	10	5.038483	186	19	0
126	8	6.541006	167	28	0
126	8	4.043275	191	20	0
126	8	3.912488	179	18	0
126	6	4.639932	327	21	0
126	8	4.476121	329	16	0
126	13	0.497881	206	17	0
126	13	4.777073	282	15	0
126	15	0.722093	190	20	0
126	13	3.495300	246	21	0
126	18	2.558923	413	17	0
126	17	5.825834	250	17	0
126	6	3.945289	197	11	0
126	4	2.138025	200	13	0
126	15	2.514715	217	27	0
126	18	0.333868	115	20	0
126	19	1.841190	221	25	0
126	7	5.873793	176	16	0
126	20	1.197208	195	19	0
126	14	2.295913	150	10	0
126	13	4.909220	398	28	0
126	13	5.476814	225	13	0
126	15	2.941013	152	21	0
126	22	0.824535	120	20	0
126	2	2.133764	150	18	0
126	24	2.921327	196	24	0
126	24	7.361308	133	14	0
126	7	2.737311	103	22	0
126	15	3.106140	419	21	0
126	19	1.445601	190	11	0
126	18	3.465122	210	22	0
126	17	4.239819	244	29	0
126	16	5.512528	185	0	2
129	1	2.000000	180	12	1
129	4	2.225540	306	19	0
129	8	0.892116	156	21	0
129	8	4.887312	250	19	0
129	8	3.238492	225	19	0
129	7	2.986101	108	24	0
129	6	4.755132	401	20	0
129	10	5.036885	183	17	0
129	12	0.516125	121	21	0
129	9	2.065114	283	17	0
129	11	3.996298	229	19	0
129	14	0.669974	190	11	0
129	15	6.640219	146	18	0
129	13	4.158806	358	25	0
129	17	4.045808	178	22	0
129	17	6.888729	172	23	0
129	12	1.319463	173	20	0
129	7	3.497091	202	22	0
129	18	0.617734	123	20	0
129	15	4.600187	158	15	0
129	16	3.777294	338	8	0
129	20	0.453827	179	20	0
129	4	4.824871	162	22	0
129	17	7.764157	182	23	0
129	20	2.793508	138	19	0
129	20	5.272392	213	22	0
129	20	5.557201	275	17	0
129	18	1.909365	251	18	0
129	20	0.033635	148	17	0
129	10	2.962054	144	23	0
129	6	7.422762	245	18	0
129	23	2.466444	201	18	0
129	24	5.129050	254	0	2
132	1	2.000000	190	20	1
132	2	3.671548	197	18	0
132	3	5.290839	267	16	0
132	4	4.610801	358	24	0
132	6	7.581569	217	14	0
132	6	2.927168	150	20	0
132	6	7.257518	214	24	0
132	9	1.683011	220	14	0
132	8	4.285135	126	19	0
132	8	1.826169	243	23	0
132	9	1.688733	353	22	0
132	11	4.172057	255	25	0
132	12	3.689213	137	19	0
132	13	6.019524	190	15	0
132	14	3.129692	371	19	0
132	15	5.624870	254	20	0
132	15	3.439982	266	13	0
132	15	6.697129	241	24	0
132	16	6.947665	103	19	0
132	18	0.384760	103	17	0
132	17	0.331523	229	19	0
132	17	2.074600	408	28	0
132	16	9.523816	239	19	0
132	18	2.212172	267	24	0
132	17	2.843593	245	13	0
132	16	8.801422	153	19	0
132	20	0.563520	314	17	0
132	21	2.498215	343	0	2
135	1	2.000000	138	9	1
135	2	2.967010	427	26	0
135	3	5.236871	356	17	0
135	4	2.007139	304	22	0
135	6	8.990266	194	19	0
135	5	2.757237	186	17	0
135	9	2.653733	311	23	0
135	8	2.050922	135	29	0
135	9	1.757187	209	17	0
135	8	2.784852	184	16	0
135	11	4.027001	142	17	0
135	13	0.211391	194	25	0
135	13	7.363006	139	17	0
135	14	4.359294	370	17	0
135	15	6.395007	309	12	0
135	16	4.264993	519	18	0
135	17	2.854651	295	26	0
135	17	0.978666	444	23	0
135	18	3.605354	173	11	0
135	20	1.119082	211	24	0
135	21	0.538578	180	22	0
135	22	0.539442	163	0	2
142	1	2.000000	171	23	1
142	2	5.622265	248	18	0
142	5	2.016791	376	17	0
142	6	4.195788	243	19	0
142	10	0.290577	161	17	0
142	10	4.265966	187	23	0
142	3	3.072335	291	16	0
142	8	0.966078	85	26	0
142	8	4.150752	215	10	0
142	6	7.015580	356	19	0
142	8	2.677916	172	19	0
142	11	0.493808	180	21	0
142	12	2.369188	294	12	0
142	15	1.718473	244	23	0
142	13	3.302594	214	16	0
142	12	3.788802	205	21	0
142	13	4.371180	238	21	0
142	15	6.971588	150	19	0
142	16	3.834868	337	14	0
142	17	5.415873	328	30	0
142	16	8.999611	103	20	0
142	17	5.959307	262	19	0
142	17	4.341020	189	21	0
142	19	0.878769	196	13	0
142	5	3.168358	158	25	0
142	16	4.606443	133	23	0
142	6	1.646139	352	20	0
142	6	7.145666	173	19	0
142	17	3.639457	135	22	0
142	18	0.820886	216	27	0
142	19	1.558912	388	21	0
142	15	9.232950	129	17	0
142	13	0.875300	221	21	0
142	17	9.946904	164	20	0
142	20	7.518969	115	22	0
142	22	1.292804	242	12	0
142	23	5.143692	189	26	0
142	1	2.654624	83	19	0
142	21	2.418150	215	16	0
142	20	7.793959	106	21	0
142	22	2.435336	334	0	2
145	1	2.000000	170	9	1
145	3	3.530031	320	18	0
145	4	3.309320	217	18	0
145	7	4.738615	438	21	0
145	8	6.551608	285	18	0
145	6	5.913794	321	19	0
145	10	4.227299	222	17	0
145	10	3.570756	213	27	0
145	9	3.074629	342	20	0
145	8	5.547922	431	20	0
145	6	7.004249	188	19	0
145	10	5.461468	210	25	0
145	11	2.227680	158	16	0
145	12	3.165801	327	21	0
145	13	6.736093	134	20	0
145	15	5.871814	359	19	0
145	14	2.606508	196	19	0
145	14	0.445608	258	26	0
145	14	3.335770	232	25	0
145	13	5.519904	201	18	0
145	13	10.239098	249	16	0
145	17	7.546712	162	13	0
145	19	1.349334	175	23	0
145	19	0.771941	117	28	0
145	18	1.372204	430	19	0
145	18	1.131660	166	24	0
145	10	4.682493	191	19	0
145	15	1.852512	215	21	0
145	16	4.952422	284	16	0
145	21	0.635401	206	23	0
145	23	7.689362	537	0	2
148	1	2.000000	141	23	1
148	3	0.312987	117	19	0
148	2	2.166616	383	18	0
148	3	5.520770	138	17	0
148	4	3.354236	285	24	0
148	7	0.956580	309	12	0
148	6	5.662923	274	11	0
148	8	5.778168	247	24	0
148	9	3.093139	416	13	0
148	8	3.471168	280	18	0
148	8	2.934383	359	20	0
148	12	1.766164	264	21	0
148	13	6.663275	249	22	0
148	14	5.501795	251	9	0
148	15	6.330785	290	21	0
148	16	4.146347	202	20	0
148	16	3.424540	314	19	0
148	2	0.275885	109	23	0
148	14	4.030600	178	28	0
148	17	0.484313	150	15	0
148	17	5.053059	134	19	0
148	15	3.213003	172	22	0
148	16	3.874999	235	20	0
148	7	0.298454	236	15	0
148	6	5.141441	98	21	0
148	8	5.490246	290	14	0
148	8	1.931041	226	18	0
148	6	7.125769	84	17	0
148	6	4.310026	332	17	0
148	16	2.140590	183	18	0
148	4	1.411403	167	29	0
148	16	3.004610	207	15	0
148	8	4.296546	188	26	0
148	18	0.585740	197	18	0
148	6	2.942457	212	17	0
148	15	3.046054	155	25	0
148	18	1.304800	131	26	0
148	19	5.703249	450	15	0
148	5	0.742859	142	22	0
148	14	4.941302	298	14	0
148	10	0.527310	203	17	0
148	4	4.009459	144	14	0
148	15	0.111005	173	13	0
148	10	4.903789	155	17	0
148	16	4.746161	218	15	0
148	16	7.761058	189	24	0
148	15	4.250549	206	20	0
148	5	3.526850	200	20	0
148	15	9.660741	126	15	0
148	18	2.097131	272	26	0
148	17	4.280319	219	21	0
148	17	0.884081	301	15	0
148	17	4.962953	202	22	0
148	13	7.711735	257	18	0
148	12	0.021035	137	17	0
148	6	7.120767	310	20	0
148	21	6.007910	121	13	0
148	21	1.921890	191	0	2
151	1	2.000000	170	20	1
151	2	4.511166	159	19	0
151	4	0.113725	173	17	0
151	5	2.607199	386	23	0
151	6	4.611904	168	21	0
151	7	4.138385	386	13	0
151	8	4.361329	314	21	0
151	10	1.037896	256	21	0
151	6	8.114243	364	20	0
151	8	6.543513	195	20	0
151	8	3.166668	181	25	0
151	11	0.821787	196	30	0
151	12	2.851792	202	19	0
151	13	8.838212	163	20	0
151	13	4.503498	210	17	0
151	14	2.281114	457	27	0
151	15	2.206496	382	21	0
151	16	4.010985	222	17	0
151	16	6.414010	244	18	0
151	16	3.922898	152	21	0
151	17	2.985112	252	18	0
151	13	6.292911	258	22	0
151	1	1.672938	206	15	0
151	14	4.331453	167	18	0
151	19	4.746827	253	17	0
151	19	1.032366	228	21	0
151	6	7.890095	281	22	0
151	8	2.213933	151	21	0
151	18	2.226492	94	32	0
151	17	1.170019	274	14	0
151	16	4.801548	239	17	0
151	16	6.045912	226	25	0
151	21	3.855417	117	15	0
151	3	1.865462	151	23	0
151	15	5.484183	212	21	0
151	22	2.637272	125	15	0
151	8	8.599011	151	28	0
151	6	5.427939	336	23	0
151	19	3.303310	194	21	0
151	20	6.724540	190	18	0
151	16	4.385431	234	16	0
151	2	2.386000	156	21	0
151	8	7.175046	250	19	0
151	8	7.735734	321	19	0
151	6	4.941059	136	20	0
151	15	0.470840	202	21	0
151	19	7.188709	191	15	0
151	22	1.431219	238	18	0
151	20	4.453033	138	24	0
151	22	1.222512	168	24	0
151	13	0.464960	161	21	0
151	9	3.113459	170	22	0
151	16	1.226584	135	19	0
151	4	1.730421	138	23	0
151	14	4.321517	171	22	0
151	20	6.383138	122	22	0
151	5	1.065793	152	17	0
151	15	5.493030	209	22	0
151	14	2.453171	176	23	0
151	19	0.217844	175	15	0
151	17	2.677191	184	29	0
151	16	7.527230	171	18	0
151	9	1.976655	219	21	0
151	20	5.786238	227	14	0
151	20	2.235628	201	23	0
151	14	2.584224	135	13	0
151	17	1.075618	279	23	0
151	18	2.152653	236	20	0
151	22	1.438143	447	19	0
151	8	4.303256	213	22	0
151	16	3.477109	200	26	0
151	22	6.376043	217	16	0
151	6	2.429986	96	20	0
151	16	3.329898	215	21	0
151	17	2.866061	247	18	0
151	16	3.861003	109	0	2
158	1	2.000000	204	20	1
158	3	6.575737	292	17	0
158	4	4.692667	579	22	0
158	6	7.676389	144	21	0
158	6	4.336845	238	15	0
158	7	1.787866	208	18	0
158	6	6.837373	453	22	0
158	8	2.173626	340	20	0
158	9	1.937412	292	14	0
158	10	3.957733	211	11	0
158	8	6.961190	250	20	0
158	8	3.974702	293	17	0
158	10	8.086125	153	15	0
158	11	4.603792	204	18	0
158	13	5.972974	286	24	0
158	13	6.841220	248	18	0
158	16	2.135861	114	23	0
158	16	5.459066	132	24	0
158	15	4.343640	480	19	0
158	17	6.881087	437	21	0
158	19	2.016874	206	21	0
158	18	1.316069	214	18	0
158	21	2.164259	139	20	0
158	22	4.430000	213	0	2
161	1	2.000000	192	23	1
161	3	1.068936	136	22	0
161	3	4.048814	213	23	0
161	6	4.103298	233	21	0
161	5	3.370287	348	24	0
161	7	3.216454	322	19	0
161	6	4.870763	102	27	0
161	8	1.932120	388	22	0
161	8	5.371054	181	18	0
161	10	9.311836	513	21	0
161	11	3.614227	259	18	0
161	13	3.217501	187	18	0
161	16	2.920427	370	26	0
161	14	1.179652	256	15	0
161	13	5.009318	152	13	0
161	13	7.550426	225	22	0
161	13	3.663657	250	18	0
161	18	1.507226	201	23	0
161	19	2.920562	293	24	0
161	20	5.384478	207	30	0
161	19	3.966755	363	17	0
161	19	0.550415	148	28	0
161	18	1.307652	326	17	0
161	19	0.949452	199	18	0
161	17	0.985186	154	24	0
161	17	5.081858	213	16	0
161	19	0.773433	131	16	0
161	13	9.162567	156	21	0
161	19	0.887813	168	16	0
161	17	4.115242	217	21	0
161	19	1.407983	438	18	0
161	18	0.753239	217	18	0
161	19	1.094122	149	23	0
161	18	2.403617	305	16	0
161	21	2.130482	297	17	0
161	21	4.985893	232	18	0
161	22	4.296830	267	0	2
164	1	2.000000	134	22	1
164	2	3.881069	258	22	0
164	6	1.630857	190	14	0
164	4	3.777140	122	17	0
164	7	5.286442	168	19	0
164	6	3.431787	182	13	0
164	6	1.276564	156	22	0
164	10	3.952227	130	20	0
164	10	6.732546	199	16	0
164	10	0.001934	145	14	0
164	9	2.470468	297	9	0
164	13	4.806893	272	18	0
164	13	5.040631	260	22	0
164	15	3.596885	137	14	0
164	14	2.828542	284	24	0
164	17	0.673517	157	16	0
164	16	3.364442	209	16	0
164	17	4.365839	240	22	0
164	19	5.245701	340	15	0
164	21	1.728146	310	14	0
164	22	4.817249	121	0	2
