10	1	2.000000	173	21	1
10	2	4.724793	250	21	0
10	3	2.819917	52	26	0
10	4	0.843413	366	19	0
10	6	8.096767	190	16	0
10	7	3.874970	489	18	0
10	6	6.393656	59	29	0
10	6	3.262025	392	21	0
10	11	0.895266	349	18	0
10	3	0.808427	349	18	0
10	12	0.712625	166	18	0
10	12	0.489890	782	20	0
10	13	5.167819	170	15	0
10	6	8.974051	250	20	0
10	8	5.394648	125	15	0
10	15	1.604751	186	16	0
10	15	6.806736	231	14	0
10	13	3.842782	222	23	0
10	16	3.688908	151	17	0
10	6	8.209424	122	14	0
10	16	8.404764	247	18	0
10	5	3.650938	488	26	0
10	11	1.123690	271	23	0
10	13	4.148512	120	24	0
10	17	10.820240	91	24	0
10	17	6.582582	1242	25	0
10	14	1.613332	727	19	0
10	4	1.951546	691	24	0
10	8	0.070188	145	26	0
10	8	5.580371	896	19	0
10	8	3.564722	316	19	0
10	9	1.184322	238	19	0
10	20	3.967121	246	10	0
10	21	2.543559	283	20	0
10	23	5.280471	107	16	0
10	23	2.160936	228	0	2
13	1	2.000000	171	23	1
13	4	4.064922	220	15	0
13	2	2.643908	162	18	0
13	4	0.001651	248	17	0
13	7	5.539188	292	16	0
13	7	3.066525	264	19	0
13	7	1.821849	605	26	0
13	8	4.874355	199	17	0
13	8	4.000940	421	15	0
13	6	4.272424	216	12	0
13	10	1.853727	235	17	0
13	10	4.263857	598	22	0
13	8	0.725721	498	16	0
13	8	4.920936	278	21	0
13	6	3.660900	98	30	0
13	11	1.926783	341	15	0
13	13	3.719872	188	18	0
13	13	8.290315	335	17	0
13	14	2.572966	225	18	0
13	5	2.002423	873	22	0
13	8	5.968982	126	16	0
13	13	1.392940	236	19	0
13	13	5.084242	862	16	0
13	19	0.068730	257	14	0
13	20	3.335535	187	13	0
13	6	0.047307	457	17	0
13	6	4.205900	865	21	0
13	16	1.823990	224	29	0
13	16	0.667672	250	17	0
13	20	0.537265	228	19	0
13	21	2.656090	230	24	0
13	22	2.542914	199	17	0
13	24	5.859205	200	0	2
16	1	2.000000	129	16	1
16	3	1.053103	310	28	0
16	4	1.463461	195	18	0
16	6	0.160936	264	19	0
16	6	4.694344	232	26	0
16	6	7.798372	305	16	0
16	7	3.582981	145	20	0
16	9	0.601757	137	24	0
16	10	0.503962	148	21	0
16	8	4.520883	284	20	0
16	6	4.870269	218	17	0
16	6	3.647977	312	14	0
16	10	4.626638	225	18	0
16	11	4.219611	86	17	0
16	11	5.564628	1108	17	0
16	13	6.048891	170	17	0
16	13	4.138418	518	17	0
16	16	2.744648	146	15	0
16	17	0.567255	281	18	0
16	10	3.291243	189	20	0
16	8	4.044616	273	24	0
16	15	9.648332	61	20	0
16	15	7.835655	280	27	0
16	8	0.894608	378	18	0
16	6	4.398553	124	17	0
16	19	6.748476	262	19	0
16	19	1.288131	319	19	0
16	21	2.907729	110	16	0
16	22	5.141952	110	0	2
19	1	2.000000	211	20	1
19	3	5.540994	121	24	0
19	3	0.544495	252	16	0
19	4	1.855132	152	23	0
19	4	4.839052	367	21	0
19	6	5.856842	129	19	0
19	6	2.981817	279	17	0
19	7	4.147685	249	17	0
19	8	4.817156	58	24	0
19	8	1.938984	558	28	0
19	10	4.853148	267	31	0
19	9	3.132258	252	29	0
19	9	1.136787	232	25	0
19	8	4.422933	127	15	0
19	8	7.976862	726	21	0
19	11	4.569315	442	25	0
19	14	1.930582	176	17	0
19	13	2.204554	106	15	0
19	15	7.691678	293	32	0
19	16	6.731854	217	26	0
19	16	2.400359	821	22	0
19	8	7.584102	264	17	0
19	6	4.140115	207	23	0
19	15	8.809094	381	28	0
19	18	2.663413	86	16	0
19	17	7.270909	223	19	0
19	19	4.102890	217	10	0
19	20	4.019789	162	21	0
19	22	2.659689	177	25	0
19	23	5.106945	241	0	2
26	1	2.000000	198	22	1
26	2	3.569510	254	17	0
26	3	5.258863	253	20	0
26	6	1.633566	367	22	0
26	4	1.232976	125	19	0
26	7	2.700116	309	21	0
26	8	0.708958	210	19	0
26	6	4.275347	170	14	0
26	7	3.430288	393	18	0
26	9	3.170919	280	16	0
26	2	1.199805	292	19	0
26	10	5.887325	88	17	0
26	3	1.820247	898	17	0
26	6	10.147414	103	19	0
26	8	1.256415	120	21	0
26	12	1.735148	173	18	0
26	13	0.290542	195	14	0
26	13	4.511648	311	23	0
26	14	1.847863	189	14	0
26	13	4.253819	167	12	0
26	11	3.635544	332	26	0
26	8	4.782263	384	18	0
26	14	0.518863	248	22	0
26	13	4.962994	197	21	0
26	15	3.470911	178	14	0
26	16	2.074102	179	27	0
26	16	7.114347	318	22	0
26	17	4.737771	156	25	0
26	16	2.025158	290	24	0
26	10	6.707329	257	23	0
26	7	4.766191	399	20	0
26	6	6.273311	154	14	0
26	6	9.601847	355	18	0
26	17	0.903166	404	14	0
26	18	4.294648	144	16	0
26	19	3.489318	256	17	0
26	21	2.079057	184	19	0
26	23	7.500833	292	0	2
29	1	2.000000	327	21	1
29	4	0.663292	203	21	0
29	5	2.001547	141	15	0
29	6	5.660025	262	27	0
29	7	4.752856	209	26	0
29	7	1.690407	450	24	0
29	6	5.282279	128	21	0
29	6	2.290099	212	14	0
29	10	2.075939	174	16	0
29	10	4.928025	663	19	0
29	9	0.902463	176	17	0
29	12	0.563085	177	18	0
29	10	0.888140	167	14	0
29	11	1.066420	205	19	0
29	8	3.388553	222	20	0
29	13	4.483312	182	17	0
29	15	5.143450	298	15	0
29	14	0.546955	91	17	0
29	13	3.277940	299	21	0
29	13	7.508564	2744	21	0
29	15	8.979644	222	19	0
29	16	4.383857	54	18	0
29	16	1.327430	289	19	0
29	18	0.216266	91	15	0
29	17	4.281099	183	21	0
29	16	1.132857	336	25	0
29	20	2.018147	282	12	0
29	19	3.788401	190	20	0
29	9	2.822816	184	19	0
29	6	4.379155	124	32	0
29	17	2.151927	247	14	0
29	20	5.642492	211	22	0
29	22	1.033106	175	22	0
29	22	3.691509	457	0	2
32	1	2.000000	153	15	1
32	3	0.593499	259	23	0
32	3	4.331378	248	18	0
32	6	2.529040	215	20	0
32	6	5.861441	286	19	0
32	7	3.692943	172	19	0
32	7	2.086257	262	26	0
32	7	4.078675	979	16	0
32	6	4.967368	215	18	0
32	12	0.232908	304	25	0
32	13	6.335871	272	13	0
32	1	1.845065	183	18	0
32	11	5.768165	259	22	0
32	14	1.854889	95	16	0
32	14	6.082189	258	22	0
32	6	8.564817	407	22	0
32	9	1.742596	219	14	0
32	10	3.960028	130	16	0
32	10	0.069610	351	13	0
32	8	6.913812	343	21	0
32	8	7.290920	1392	18	0
32	14	9.706811	180	15	0
32	15	5.995537	258	26	0
32	16	4.990140	212	15	0
32	16	3.363628	278	19	0
32	15	2.260525	162	20	0
32	16	2.872922	162	22	0
32	12	2.029689	237	17	0
32	4	0.432999	202	14	0
32	6	3.986040	213	17	0
32	6	3.868114	439	15	0
32	19	8.078130	257	23	0
32	17	2.763695	156	24	0
32	19	8.684793	175	32	0
32	20	1.372079	172	17	0
32	20	1.058580	239	16	0
32	21	3.919097	223	19	0
32	22	5.449288	204	0	2
35	1	2.000000	257	17	1
35	4	3.609060	88	20	0
35	5	0.335607	388	22	0
35	2	3.597079	158	24	0
35	3	5.714554	129	18	0
35	5	1.858091	479	20	0
35	9	1.121196	304	14	0
35	10	5.000694	357	11	0
35	8	5.431560	133	22	0
35	10	6.552837	289	24	0
35	8	4.822721	225	22	0
35	10	6.539447	127	21	0
35	2	0.352316	171	22	0
35	8	0.004487	211	20	0
35	6	3.316867	332	21	0
35	8	6.328481	211	18	0
35	8	0.583448	274	21	0
35	8	5.316904	558	13	0
35	6	1.197799	349	20	0
35	10	2.993339	51	20	0
35	11	5.987530	179	16	0
35	15	1.216349	420	25	0
35	14	3.278631	247	9	0
35	13	2.835223	232	18	0
35	15	4.279696	180	24	0
35	16	4.402880	320	23	0
35	16	0.477421	259	18	0
35	16	3.522552	271	26	0
35	13	4.921016	240	17	0
35	10	7.881965	308	23	0
35	9	3.409962	405	20	0
35	6	2.463650	199	17	0
35	20	3.803890	250	24	0
35	22	5.491531	233	20	0
35	22	1.873984	253	20	0
35	19	7.765749	206	15	0
35	17	4.032748	294	0	2
42	1	2.000000	147	19	1
42	2	4.756268	172	27	0
42	5	3.396054	143	21	0
42	6	5.856326	168	25	0
42	6	2.946999	341	18	0
42	6	7.206532	331	18	0
42	6	3.874521	617	13	0
42	7	3.015546	265	26	0
42	8	6.101035	201	19	0
42	10	0.042274	391	19	0
42	10	5.461910	219	18	0
42	10	1.606144	256	22	0
42	8	5.271339	311	27	0
42	13	9.238226	299	11	0
42	13	4.994285	567	10	0
42	13	7.435149	262	18	0
42	16	0.075266	151	21	0
42	16	5.685112	455	21	0
42	18	0.711144	190	24	0
42	17	2.312651	170	22	0
42	18	4.969030	90	19	0
42	13	5.116091	290	24	0
42	8	3.385935	328	16	0
42	13	2.407001	178	18	0
42	17	2.054314	225	21	0
42	13	0.368714	323	24	0
42	5	3.937217	381	23	0
42	17	1.021090	294	26	0
42	20	0.716636	228	16	0
42	21	2.862002	215	16	0
42	23	6.465244	238	0	2
45	1	2.000000	203	27	1
45	2	5.396810	146	18	0
45	4	4.228991	444	19	0
45	6	0.801002	591	17	0
45	7	2.983931	76	21	0
45	8	4.828100	140	9	0
45	8	0.809880	449	15	0
45	6	4.207828	161	17	0
45	6	6.986404	458	18	0
45	11	1.186668	213	21	0
45	12	2.656948	294	24	0
45	13	1.666613	150	19	0
45	13	5.232672	347	16	0
45	7	1.435332	272	16	0
45	8	2.785284	218	18	0
45	10	4.293921	199	24	0
45	8	3.043986	108	13	0
45	13	6.949224	216	19	0
45	14	3.490611	108	17	0
45	15	4.315730	154	16	0
45	16	4.675982	308	16	0
45	17	4.978080	202	18	0
45	15	3.876376	244	18	0
45	13	2.052045	424	21	0
45	9	2.423804	571	22	0
45	6	4.769831	370	20	0
45	20	8.026507	219	17	0
45	22	3.566806	312	23	0
45	23	7.527886	163	19	0
45	6	3.166391	719	17	0
45	18	3.709815	211	0	2
48	1	2.000000	174	21	1
48	2	3.845352	158	14	0
48	3	6.716490	276	21	0
48	4	4.117399	199	18	0
48	7	1.997799	331	21	0
48	6	4.485948	483	18	0
48	8	4.190152	122	21	0
48	8	2.015606	436	17	0
48	9	3.050902	130	18	0
48	10	6.404307	305	28	0
48	10	2.408505	803	16	0
48	8	2.008601	178	18	0
48	8	6.326207	261	24	0
48	13	6.921422	156	15	0
48	13	2.278311	209	18	0
48	14	2.388387	253	28	0
48	14	5.232540	715	13	0
48	18	0.498851	267	20	0
48	19	4.600882	255	27	0
48	7	4.817709	518	22	0
48	16	0.185788	241	24	0
48	16	4.239961	336	16	0
48	6	1.988452	321	20	0
48	13	5.254489	462	23	0
48	12	2.729842	354	13	0
48	11	3.368199	537	16	0
48	16	5.676972	195	18	0
48	21	2.076171	277	21	0
48	22	6.115771	411	0	2
51	1	2.000000	164	12	1
51	2	3.674302	277	17	0
51	3	4.308955	117	24	0
51	5	1.080920	247	30	0
51	6	5.286361	139	17	0
51	7	4.920771	195	23	0
51	6	5.506418	215	21	0
51	6	3.385953	497	17	0
51	11	3.554329	161	14	0
51	10	3.555865	286	15	0
51	9	3.091116	186	23	0
51	10	2.979691	113	27	0
51	8	4.004942	270	13	0
51	6	4.971172	162	13	0
51	6	1.200482	421	21	0
51	8	4.030320	93	20	0
51	8	1.755939	1631	25	0
51	12	0.807923	258	27	0
51	13	1.842730	262	16	0
51	14	3.552900	111	30	0
51	15	3.448154	237	19	0
51	15	6.625487	437	13	0
51	15	4.616220	232	30	0
51	6	5.705452	171	33	0
51	8	6.766856	256	21	0
51	6	6.164868	191	26	0
51	6	6.198988	1179	14	0
51	15	6.647215	381	14	0
51	17	2.926752	131	19	0
51	17	1.237778	197	15	0
51	19	2.824011	195	16	0
51	19	0.880428	305	16	0
51	21	1.024663	126	22	0
51	22	5.803299	134	11	0
51	22	2.378454	441	0	2
58	1	2.000000	152	24	1
58	2	0.842682	196	21	0
58	3	4.247338	331	18	0
58	4	3.060081	254	16	0
58	5	2.724306	282	26	0
58	6	6.044281	140	21	0
58	6	0.594165	901	16	0
58	7	1.369079	155	15	0
58	7	4.700303	605	22	0
58	6	5.091786	260	16	0
58	6	6.050444	508	16	0
58	8	3.237949	176	20	0
58	8	7.813559	463	31	0
58	12	1.809275	517	20	0
58	3	3.709081	221	18	0
58	8	9.156618	659	20	0
58	11	1.900970	140	17	0
58	10	5.537596	246	17	0
58	9	2.026989	281	21	0
58	8	6.769238	285	14	0
58	11	3.148735	411	15	0
58	10	6.162537	372	21	0
58	10	4.511496	1070	23	0
58	8	4.364045	131	23	0
58	13	3.959461	166	18	0
58	2	2.605405	425	22	0
58	7	0.157094	266	20	0
58	6	4.510309	96	21	0
58	11	3.791430	202	18	0
58	13	1.819974	155	18	0
58	14	0.887187	164	22	0
58	13	0.861172	570	17	0
58	13	4.910407	1505	20	0
58	16	0.509902	223	19	0
58	16	4.751185	218	29	0
58	17	4.606848	112	18	0
58	17	6.570856	592	22	0
58	15	7.085665	166	23	0
58	13	3.540963	194	12	0
58	17	5.185796	160	22	0
58	8	6.185382	229	18	0
58	6	4.172675	178	16	0
58	6	6.715287	697	19	0
58	17	5.632781	286	24	0
58	20	2.926726	281	16	0
58	22	0.335508	214	19	0
58	23	0.744663	202	0	2
61	1	2.000000	222	19	1
61	3	0.773261	258	17	0
61	4	4.508639	186	14	0
61	7	5.485740	146	21	0
61	8	7.596116	102	16	0
61	7	5.459893	316	23	0
61	8	5.870436	211	23	0
61	8	3.804830	779	16	0
61	7	2.672940	221	17	0
61	8	4.637100	98	14	0
61	8	2.775345	625	16	0
61	6	3.947093	290	23	0
61	10	4.091561	280	21	0
61	10	0.947345	237	19	0
61	10	5.343531	227	24	0
61	4	1.429299	615	23	0
61	8	5.456880	163	19	0
61	8	8.398812	576	14	0
61	11	2.924456	185	20	0
61	13	10.426893	84	24	0
61	14	2.738979	208	18	0
61	13	5.569109	246	21	0
61	2	2.014422	588	25	0
61	10	8.826196	205	26	0
61	13	7.027093	138	26	0
61	15	8.248350	88	25	0
61	15	6.341329	659	20	0
61	15	9.782465	231	17	0
61	16	4.023980	259	18	0
61	17	4.771959	105	23	0
61	17	2.232157	356	17	0
61	18	2.390798	328	14	0
61	18	5.112302	297	20	0
61	13	7.043899	627	24	0
61	7	5.895150	162	18	0
61	18	5.712897	208	23	0
61	20	7.809247	148	31	0
61	21	1.951404	229	15	0
61	22	3.604419	163	17	0
61	23	4.280145	246	0	2
64	1	2.000000	213	15	1
64	2	3.089760	231	31	0
64	4	1.911772	157	21	0
64	5	2.412435	293	19	0
64	6	4.989622	221	18	0
64	7	3.832200	176	19	0
64	8	4.065996	310	20	0
64	6	3.591116	219	22	0
64	6	5.770850	325	14	0
64	10	1.956305	224	20	0
64	9	3.576904	210	17	0
64	9	1.114837	164	12	0
64	8	3.936483	256	20	0
64	8	1.496802	246	18	0
64	8	0.996783	251	17	0
64	14	0.362056	240	21	0
64	14	4.955699	350	20	0
64	15	5.642554	214	22	0
64	16	4.684203	299	16	0
64	15	2.758222	322	33	0
64	6	0.502139	164	18	0
64	8	2.129860	142	10	0
64	6	3.322782	277	9	0
64	11	4.839662	681	22	0
64	16	1.556137	228	18	0
64	17	2.360346	184	20	0
64	20	0.821459	324	15	0
64	21	2.221399	270	22	0
64	22	4.267472	195	19	0
64	23	3.720729	289	0	2
67	1	2.000000	175	16	1
67	2	3.564550	258	21	0
67	3	6.388063	252	21	0
67	3	0.262237	224	16	0
67	3	4.175030	620	18	0
67	5	3.455359	187	23	0
67	6	5.646890	254	16	0
67	7	3.510188	259	31	0
67	6	7.546853	192	29	0
67	8	2.462236	481	16	0
67	6	5.884960	259	23	0
67	8	7.364167	176	20	0
67	10	0.311897	159	17	0
67	10	5.244541	880	24	0
67	8	6.097787	102	21	0
67	6	7.347288	165	20	0
67	8	5.675942	245	18	0
67	11	5.246195	163	23	0
67	12	3.845181	170	20	0
67	13	6.528066	242	15	0
67	15	3.353502	153	10	0
67	14	5.149367	230	21	0
67	15	6.636864	184	26	0
67	16	4.250937	186	11	0
67	16	2.040891	471	24	0
67	13	4.487334	483	22	0
67	8	2.127505	254	28	0
67	6	4.694220	178	12	0
67	17	1.716751	755	26	0
67	19	6.997771	273	21	0
67	22	2.131875	221	0	2
74	1	2.000000	236	23	1
74	5	3.949456	232	19	0
74	4	2.961000	360	16	0
74	10	4.047925	308	29	0
74	10	3.235404	352	13	0
74	9	2.349975	193	23	0
74	8	4.070133	284	18	0
74	8	5.071651	317	11	0
74	7	3.294199	191	17	0
74	6	3.609208	249	20	0
74	8	4.798796	145	26	0
74	9	0.457590	384	16	0
74	11	1.939579	172	17	0
74	11	0.297753	260	25	0
74	12	1.597765	200	22	0
74	13	5.798734	129	19	0
74	15	0.294113	299	20	0
74	13	7.046255	282	21	0
74	12	1.235345	467	18	0
74	13	2.795288	176	21	0
74	12	3.980780	206	25	0
74	15	3.688060	303	18	0
74	15	9.318083	1493	17	0
74	18	1.371792	193	21	0
74	17	3.902313	193	8	0
74	17	1.547065	414	22	0
74	17	0.800778	283	11	0
74	7	4.768589	361	19	0
74	6	4.038550	138	19	0
74	22	1.358729	402	22	0
74	23	5.629483	184	17	0
74	20	2.381115	202	0	2
77	1	2.000000	204	14	1
77	3	6.281082	291	15	0
77	5	1.287628	240	12	0
77	6	3.598125	92	23	0
77	6	5.704897	1246	19	0
77	9	1.515755	305	20	0
77	10	2.220636	178	23	0
77	11	0.172522	299	16	0
77	8	4.641096	108	29	0
77	6	3.375246	221	20	0
77	9	2.327399	330	20	0
77	8	2.337121	99	18	0
77	8	1.183659	563	20	0
77	11	4.195482	221	13	0
77	13	0.983384	266	15	0
77	14	2.262318	135	19	0
77	15	4.352175	233	19	0
77	16	5.422916	324	25	0
77	15	5.778332	378	16	0
77	13	6.753104	125	16	0
77	13	6.978132	578	22	0
77	16	5.005425	491	19	0
77	17	3.827614	70	17	0
77	17	0.868044	354	15	0
77	9	3.920701	861	18	0
77	6	4.052884	304	14	0
77	16	1.372398	505	15	0
77	18	3.969317	184	20	0
77	18	6.644224	1061	19	0
77	20	9.104249	129	20	0
77	22	3.844209	179	16	0
77	23	6.484392	196	0	2
80	1	2.000000	227	21	1
80	2	2.974353	97	15	0
80	5	0.204689	421	28	0
80	3	5.419653	164	26	0
80	7	2.399012	268	21	0
80	6	4.775888	321	24	0
80	6	1.843736	592	21	0
80	8	3.325515	146	25	0
80	7	2.266757	220	17	0
80	10	5.069442	233	18	0
80	11	3.800287	305	23	0
80	3	3.684054	445	13	0
80	9	0.048856	232	19	0
80	8	2.801106	177	16	0
80	12	0.697631	299	29	0
80	13	2.889067	49	15	0
80	13	0.856960	216	27	0
80	14	4.984006	210	23	0
80	13	3.270607	58	16	0
80	16	2.728219	169	18	0
80	16	1.170115	485	18	0
80	15	8.261948	258	12	0
80	15	11.002062	261	16	0
80	4	1.315313	414	19	0
80	6	5.556746	480	17	0
80	15	0.815544	401	15	0
80	18	0.750865	210	15	0
80	19	5.107079	204	20	0
80	20	2.552805	193	27	0
80	22	2.937024	142	19	0
80	23	7.096487	297	0	2
83	1	2.000000	187	16	1
83	3	0.304488	247	14	0
83	3	5.440639	313	22	0
83	4	3.173748	277	18	0
83	6	3.469973	114	15	0
83	6	3.244438	173	19	0
83	9	3.848356	365	20	0
83	8	3.602172	394	18	0
83	10	0.097498	166	15	0
83	7	2.846000	285	16	0
83	8	2.950982	205	19	0
83	6	2.083230	215	13	0
83	10	1.271337	174	16	0
83	12	3.008666	385	12	0
83	13	5.614706	350	23	0
83	14	4.468172	215	18	0
83	15	4.723037	215	17	0
83	16	2.760837	383	17	0
83	8	2.675318	279	24	0
83	6	4.722464	355	18	0
83	6	0.815033	1428	21	0
83	15	8.250055	589	25	0
83	18	2.272386	490	24	0
83	21	3.852853	132	17	0
83	22	5.312556	188	17	0
83	19	5.394450	238	0	2
90	1	2.000000	241	26	1
90	4	1.600562	346	22	0
90	6	0.336307	229	14	0
90	6	4.333289	448	30	0
90	8	4.726562	173	16	0
90	10	0.794032	197	28	0
90	7	2.961258	521	28	0
90	7	5.883644	724	21	0
90	8	5.757965	198	17	0
90	13	2.361470	355	20	0
90	10	5.257227	246	19	0
90	11	3.460247	178	19	0
90	15	1.533358	230	25	0
90	16	0.465591	208	16	0
90	15	3.421323	364	16	0
90	16	4.521772	115	18	0
90	13	7.893761	286	20	0
90	14	3.531959	219	18	0
90	13	4.592185	138	14	0
90	18	3.439153	245	20	0
90	17	2.803990	120	13	0
90	17	2.372818	1160	22	0
90	8	5.978375	292	15	0
90	6	4.634246	62	21	0
90	6	7.361531	602	16	0
90	20	1.046065	148	19	0
90	20	4.202649	510	24	0
90	22	3.850499	337	15	0
90	23	5.471774	299	0	2
93	1	2.000000	167	26	1
93	3	0.801957	451	15	0
93	4	2.013506	201	22	0
93	5	2.697275	333	18	0
93	6	3.867687	152	25	0
93	6	1.608015	244	15	0
93	7	1.071893	284	26	0
93	7	0.899229	299	12	0
93	6	4.077187	149	18	0
93	6	6.855461	370	21	0
93	9	1.955089	240	22	0
93	8	6.947419	120	18	0
93	10	1.865655	275	16	0
93	8	7.472823	188	24	0
93	8	9.527711	282	19	0
93	11	3.567247	195	24	0
93	13	0.457053	217	12	0
93	13	4.389314	269	19	0
93	14	2.681490	214	19	0
93	15	5.917082	94	21	0
93	5	3.849968	485	16	0
93	11	4.851225	533	24	0
93	13	5.460827	152	20	0
93	16	7.117792	303	25	0
93	17	4.066376	145	15	0
93	17	2.421299	397	20	0
93	1	2.694186	215	21	0
93	13	6.837300	355	18	0
93	6	3.346916	148	25	0
93	6	2.481944	469	24	0
93	20	5.615156	186	16	0
93	20	2.301042	344	20	0
93	22	3.047749	126	23	0
93	22	0.433121	349	17	0
93	23	4.426420	136	0	2
96	1	2.000000	260	20	1
96	3	7.316055	189	20	0
96	4	4.093023	263	19	0
96	5	3.980443	185	22	0
96	8	1.052172	359	37	0
96	7	4.407280	253	14	0
96	6	0.823460	308	17	0
96	6	3.384607	267	18	0
96	8	2.281765	117	17	0
96	9	1.562570	288	27	0
96	10	5.128765	114	22	0
96	10	1.443493	291	26	0
96	11	4.244858	237	16	0
96	12	2.977259	199	22	0
96	10	2.194847	205	25	0
96	4	2.158752	404	19	0
96	7	0.161774	220	11	0
96	8	4.940879	161	17	0
96	14	1.564150	126	30	0
96	14	5.480703	352	15	0
96	15	5.354684	149	25	0
96	17	5.250377	349	16	0
96	5	0.481109	210	18	0
96	17	1.784384	276	16	0
96	16	3.511865	131	26	0
96	15	8.698110	240	14	0
96	11	4.243324	245	15	0
96	9	0.229022	260	17	0
96	6	2.290910	221	17	0
96	6	0.634648	214	13	0
96	18	0.295818	192	15	0
96	21	0.651496	182	22	0
96	22	5.273780	259	19	0
96	15	4.557206	460	16	0
96	23	4.843108	145	21	0
96	23	1.647328	174	19	0
96	12	0.827022	851	18	0
96	18	1.011953	237	20	0
96	19	2.976598	262	0	2
99	1	2.000000	244	17	1
99	2	3.253676	232	18	0
99	3	4.267230	339	19	0
99	3	8.051079	420	23	0
99	5	3.382596	268	16	0
99	6	5.845748	250	19	0
99	7	2.476028	180	17	0
99	7	5.011857	396	17	0
99	6	5.580009	111	16	0
99	6	2.349589	1082	22	0
99	10	0.087424	223	14	0
99	10	7.492147	233	22	0
99	8	6.499964	162	20	0
99	8	6.969544	619	21	0
99	6	4.173186	220	27	0
99	8	8.254354	253	21	0
99	8	4.854452	639	14	0
99	13	2.844696	229	20	0
99	14	2.829665	258	14	0
99	14	2.683465	281	21	0
99	16	1.096676	158	30	0
99	16	6.433545	701	24	0
99	16	0.516678	578	17	0
99	13	8.173628	174	21	0
99	20	1.440694	310	24	0
99	21	3.279391	57	14	0
99	22	7.195129	283	0	2
106	1	2.000000	214	25	1
106	2	3.550012	133	16	0
106	4	2.206614	98	25	0
106	5	2.011491	185	27	0
106	6	4.301538	214	15	0
106	7	3.195953	245	15	0
106	7	0.327566	419	29	0
106	6	5.114695	143	19	0
106	6	7.295000	464	24	0
106	8	4.756916	245	11	0
106	9	1.206691	143	18	0
106	9	5.395869	223	16	0
106	8	6.475116	186	18	0
106	8	6.567977	456	19	0
106	8	4.540424	690	16	0
106	11	1.175934	210	28	0
106	12	2.060972	220	16	0
106	13	3.692395	164	26	0
106	14	3.511297	202	20	0
106	13	4.508570	208	22	0
106	15	2.389327	233	13	0
106	5	3.264505	217	16	0
106	9	0.361241	229	14	0
106	13	1.946710	268	13	0
106	14	0.635210	271	19	0
106	15	2.780010	117	22	0
106	16	1.890594	246	19	0
106	17	2.924510	258	17	0
106	16	6.737326	270	19	0
106	6	5.783923	147	16	0
106	15	0.372521	421	15	0
106	16	2.988811	210	20	0
106	12	2.181594	179	16	0
106	6	2.347683	184	19	0
106	17	0.761724	187	16	0
106	17	0.156640	238	16	0
106	18	4.198796	256	20	0
106	22	0.739264	230	18	0
106	23	5.704402	485	19	0
106	21	1.149431	363	0	2
109	1	2.000000	273	18	1
109	2	3.402529	322	24	0
109	3	6.326895	90	21	0
109	4	4.083416	431	15	0
109	8	2.749850	152	27	0
109	9	3.727084	298	21	0
109	9	0.279060	474	18	0
109	7	4.276435	195	20	0
109	10	1.730274	206	22	0
109	1	1.587438	141	21	0
109	7	3.120855	232	23	0
109	8	4.513450	205	21	0
109	6	5.709621	344	25	0
109	8	5.371693	182	22	0
109	8	2.270149	726	16	0
109	11	2.619583	156	18	0
109	12	3.550957	270	25	0
109	13	6.847661	241	20	0
109	15	0.079393	377	23	0
109	9	3.250213	623	19	0
109	13	6.747480	294	18	0
109	16	6.100957	197	18	0
109	17	4.339459	250	22	0
109	7	2.319744	161	21	0
109	8	2.896365	251	11	0
109	17	0.720104	172	29	0
109	8	5.429578	361	26	0
109	6	4.442172	147	23	0
109	19	7.147691	232	18	0
109	20	3.692036	146	15	0
109	21	4.418689	264	24	0
109	22	2.398979	154	16	0
109	23	4.893593	255	0	2
112	1	2.000000	229	15	1
112	3	0.262400	223	22	0
112	4	1.934875	129	14	0
112	4	4.547948	434	15	0
112	6	4.776668	125	20	0
112	6	7.670598	888	14	0
112	7	4.159984	294	29	0
112	8	6.455372	196	23	0
112	9	1.033910	357	21	0
112	8	6.912815	159	16	0
112	10	3.466378	190	12	0
112	10	1.607087	237	13	0
112	6	5.220758	273	18	0
112	8	10.219858	166	19	0
112	5	0.154718	332	17	0
112	8	4.094567	95	22	0
112	8	7.754263	1065	11	0
112	13	2.720922	232	20	0
112	10	5.089124	208	23	0
112	11	2.619261	348	20	0
112	15	2.547330	146	13	0
112	14	4.249425	375	30	0
112	16	4.141911	296	17	0
112	16	3.203153	197	16	0
112	16	6.579252	223	25	0
112	18	1.005372	184	26	0
112	14	2.185597	205	24	0
112	13	7.944309	286	16	0
112	11	2.545229	211	22	0
112	2	1.153259	572	19	0
112	16	5.454840	439	16	0
112	20	0.565078	182	21	0
112	19	2.965422	178	23	0
112	22	3.302656	118	22	0
112	22	5.565667	324	0	2
115	1	2.000000	181	21	1
115	2	3.990755	197	19	0
115	3	4.488589	187	25	0
115	4	3.232235	142	28	0
115	5	3.603543	209	20	0
115	6	5.429942	77	19	0
115	7	5.442382	290	15	0
115	8	5.822051	317	14	0
115	10	0.352543	231	19	0
115	3	4.867046	247	14	0
115	8	4.039006	356	19	0
115	10	3.950493	89	22	0
115	2	2.948996	272	13	0
115	7	2.024337	215	16	0
115	6	3.520297	86	20	0
115	6	5.444757	1680	26	0
115	12	2.064829	388	16	0
115	13	4.326064	134	17	0
115	13	6.541427	279	13	0
115	14	4.885050	281	15	0
115	15	6.069439	115	17	0
115	16	3.660887	206	16	0
115	15	4.762342	191	17	0
115	16	4.213300	206	17	0
115	11	0.166429	256	22	0
115	8	4.329694	273	16	0
115	6	4.013855	105	19	0
115	6	2.248312	389	15	0
115	16	2.441832	98	14	0
115	16	5.786817	480	22	0
115	19	1.930130	310	30	0
115	20	4.952819	184	20	0
115	21	3.126755	159	22	0
115	22	3.983510	131	0	2
122	1	2.000000	315	21	1
122	3	2.713403	200	18	0
122	3	5.881811	330	20	0
122	5	3.480843	194	16	0
122	6	5.191472	73	21	0
122	6	1.912835	264	18	0
122	7	2.385428	258	22	0
122	8	4.833930	218	21	0
122	6	3.830561	188	21	0
122	6	3.384565	445	17	0
122	10	0.192100	155	11	0
122	10	6.997396	451	30	0
122	11	4.484973	149	18	0
122	7	0.882763	173	20	0
122	6	6.539397	219	19	0
122	12	3.767975	164	14	0
122	7	3.018054	186	20	0
122	8	5.463784	166	18	0
122	6	5.351202	258	21	0
122	14	1.615262	569	26	0
122	13	6.395258	208	17	0
122	13	1.391832	296	15	0
122	15	2.526794	114	24	0
122	10	10.729993	312	22	0
122	15	4.547053	308	22	0
122	13	4.200970	266	20	0
122	17	10.288374	207	15	0
122	19	0.605491	396	19	0
122	17	6.457410	197	22	0
122	7	0.702418	503	17	0
122	17	3.280089	129	14	0
122	5	1.851781	200	28	0
122	17	10.098463	289	21	0
122	20	6.428605	216	14	0
122	21	4.284483	220	23	0
122	22	3.886974	140	14	0
122	23	5.395924	222	0	2
125	1	2.000000	199	22	1
125	3	7.416362	115	23	0
125	3	3.463306	333	22	0
125	4	4.015691	131	18	0
125	4	1.634136	213	21	0
125	7	0.480112	319	16	0
125	3	4.551522	196	20	0
125	6	2.125670	186	14	0
125	5	2.582390	360	20	0
125	8	4.111404	208	22	0
125	10	4.928592	221	18	0
125	12	0.344865	256	20	0
125	9	1.158918	191	24	0
125	8	6.944639	163	15	0
125	7	0.182196	226	18	0
125	13	3.674278	211	21	0
125	13	0.981131	317	21	0
125	8	0.575661	158	18	0
125	8	5.877108	344	22	0
125	16	0.836136	175	24	0
125	15	5.029595	210	14	0
125	13	2.762334	343	23	0
125	17	7.844498	90	14	0
125	18	4.933624	182	17	0
125	20	3.132911	182	29	0
125	22	0.209824	168	20	0
125	17	2.299227	372	26	0
125	10	0.671545	344	24	0
125	6	0.020804	240	11	0
125	16	0.517132	232	16	0
125	24	7.826430	295	15	0
125	23	2.057703	168	0	2
128	1	2.000000	209	28	1
128	2	2.800804	356	20	0
128	3	4.278898	278	20	0
128	4	4.453451	190	17	0
128	5	3.970782	408	14	0
128	8	2.981811	173	22	0
128	7	4.156235	162	16	0
128	7	4.883621	539	18	0
128	7	1.859561	748	27	0
128	6	6.425039	267	17	0
128	10	1.527217	273	32	0
128	9	2.596158	246	17	0
128	10	0.315004	277	22	0
128	9	2.189198	213	14	0
128	8	5.790730	294	16	0
128	8	1.947052	870	16	0
128	10	6.990721	266	21	0
128	13	1.202409	262	18	0
128	13	4.114069	298	18	0
128	13	3.414632	264	17	0
128	14	4.265512	268	23	0
128	15	3.521275	250	21	0
128	16	0.349188	226	21	0
128	16	6.033220	728	16	0
128	4	1.758993	558	18	0
128	22	1.985273	244	17	0
128	6	8.443653	185	21	0
128	19	1.804226	270	14	0
128	23	0.393196	155	16	0
128	23	5.686832	433	20	0
128	20	3.804712	418	0	2
131	1	2.000000	201	17	1
131	3	6.426345	168	25	0
131	3	3.021733	288	15	0
131	6	0.585767	175	17	0
131	6	0.272635	492	19	0
131	6	5.682436	295	12	0
131	7	3.544267	189	17	0
131	8	4.436294	241	20	0
131	6	3.365748	248	13	0
131	8	8.351268	114	14	0
131	6	4.420942	133	12	0
131	6	2.711614	303	26	0
131	8	6.158902	216	23	0
131	10	0.167934	181	26	0
131	10	3.574546	909	27	0
131	2	0.952191	364	13	0
131	8	9.850303	398	13	0
131	12	3.036457	132	24	0
131	13	0.934525	267	20	0
131	13	3.823951	269	19	0
131	13	1.709068	349	23	0
131	14	3.523536	258	23	0
131	15	6.112720	337	23	0
131	16	6.688934	184	22	0
131	16	3.722981	559	20	0
131	3	4.067927	321	16	0
131	15	6.369219	268	16	0
131	19	2.826079	248	18	0
131	18	3.050865	176	26	0
131	21	0.654197	236	17	0
131	22	4.121985	227	0	2
138	1	2.000000	212	18	1
138	3	5.135014	92	21	0
138	2	1.788463	273	14	0
138	3	7.535565	424	10	0
138	6	8.626900	145	22	0
138	7	2.475977	525	14	0
138	9	0.274548	191	15	0
138	6	6.391187	272	15	0
138	10	0.493518	201	22	0
138	8	3.892897	282	19	0
138	8	0.098512	258	20	0
138	10	5.484623	220	22	0
138	11	2.389297	178	14	0
138	9	0.039852	286	28	0
138	8	1.237006	110	22	0
138	6	5.126217	212	26	0
138	5	2.079979	231	28	0
138	15	9.561994	218	17	0
138	14	3.653699	242	17	0
138	16	4.560604	68	20	0
138	12	3.529591	545	24	0
138	5	2.881355	242	21	0
138	8	2.597316	184	23	0
138	6	5.214440	87	21	0
138	12	3.935661	115	28	0
138	13	6.437285	449	17	0
138	15	9.241874	114	22	0
138	16	7.022428	107	14	0
138	17	4.218385	318	25	0
138	17	2.045748	342	15	0
138	3	7.945812	271	21	0
138	8	2.605613	346	19	0
138	6	5.336243	94	22	0
138	6	7.508165	407	17	0
138	19	3.666251	398	23	0
138	22	0.599383	149	20	0
138	21	5.046225	216	17	0
138	23	2.825745	145	0	2
141	1	2.000000	222	23	1
141	2	3.811509	138	14	0
141	3	3.356335	315	16	0
141	6	6.938091	260	28	0
141	7	3.972782	368	27	0
141	9	0.232246	589	15	0
141	6	5.783913	318	22	0
141	10	3.944045	392	18	0
141	11	2.993533	159	23	0
141	10	2.492354	199	13	0
141	11	3.924372	244	27	0
141	1	1.420659	152	23	0
141	10	2.440071	232	24	0
141	8	0.546346	181	20	0
141	8	4.153424	451	22	0
141	2	3.256517	312	17	0
141	4	0.501077	157	25	0
141	6	9.460655	107	21	0
141	5	2.161305	149	16	0
141	4	4.998913	238	16	0
141	14	0.534347	100	20	0
141	13	6.294514	98	18	0
141	13	2.404297	270	16	0
141	4	2.449116	614	27	0
141	15	7.451368	693	20	0
141	17	5.045872	105	31	0
141	17	3.351922	235	17	0
141	16	6.026082	334	22	0
141	17	6.009629	167	30	0
141	6	7.553763	601	18	0
141	17	1.201321	357	15	0
141	18	0.926555	176	23	0
141	21	0.650339	292	19	0
141	22	3.447586	194	22	0
141	23	5.987405	381	0	2
144	1	2.000000	240	18	1
144	3	2.786225	294	18	0
144	6	2.413367	638	21	0
144	7	3.895406	196	17	0
144	8	5.256573	371	25	0
144	6	6.330287	167	22	0
144	8	2.750327	139	14	0
144	6	6.781200	355	25	0
144	8	10.930825	328	19	0
144	10	0.414899	387	24	0
144	10	5.471850	339	16	0
144	8	9.871819	191	19	0
144	2	0.585515	983	14	0
144	7	1.929920	193	17	0
144	8	5.688881	168	21	0
144	13	2.349636	460	25	0
144	13	2.124716	289	20	0
144	15	5.259578	245	14	0
144	16	4.883249	141	23	0
144	17	1.172762	334	25	0
144	16	6.180370	152	15	0
144	18	0.228898	157	17	0
144	16	5.222560	298	13	0
144	16	3.454581	349	21	0
144	8	5.620234	184	26	0
144	16	8.596908	173	26	0
144	10	5.466025	196	22	0
144	13	8.842690	202	18	0
144	14	4.599434	198	20	0
144	17	1.904307	476	19	0
144	20	0.935050	442	18	0
144	22	4.329851	134	0	2
147	1	2.000000	200	25	1
147	2	3.509162	137	28	0
147	3	7.656159	189	19	0
147	4	4.550922	122	21	0
147	5	3.644238	262	18	0
147	7	4.590283	327	14	0
147	8	6.283869	145	20	0
147	6	5.181778	224	23	0
147	7	4.821628	295	12	0
147	6	4.661064	115	16	0
147	9	0.172933	182	18	0
147	11	5.303588	343	17	0
147	10	0.201569	129	17	0
147	10	4.613182	227	24	0
147	8	7.428989	297	13	0
147	10	3.449978	70	18	0
147	8	1.646385	303	16	0
147	8	4.901520	282	17	0
147	8	3.197518	660	19	0
147	6	4.065151	191	14	0
147	14	3.840212	90	12	0
147	15	0.089776	256	18	0
147	13	5.342806	164	24	0
147	16	8.172133	275	22	0
147	17	4.728634	324	21	0
147	19	1.058635	244	31	0
147	8	8.832128	513	17	0
147	3	4.577581	230	19	0
147	6	8.613128	256	28	0
147	18	0.049818	254	22	0
147	19	5.381177	235	22	0
147	19	10.668489	232	10	0
147	20	0.308554	197	12	0
147	21	5.160672	366	0	2
154	1	2.000000	166	17	1
154	2	3.926763	278	23	0
154	5	1.820675	169	20	0
154	6	5.221785	261	17	0
154	6	6.577055	288	18	0
154	7	3.290995	226	18	0
154	8	4.797763	157	16	0
154	6	1.942355	266	22	0
154	6	6.789462	376	16	0
154	12	0.489715	257	12	0
154	13	2.603705	303	28	0
154	5	1.930245	194	20	0
154	15	2.784457	252	23	0
154	13	4.924966	274	20	0
154	14	3.569863	258	21	0
154	5	2.773940	535	19	0
154	14	2.785134	267	24	0
154	13	3.171625	129	21	0
154	13	2.715386	306	24	0
154	1	0.603228	405	18	0
154	7	4.866664	205	20	0
154	10	2.832931	299	16	0
154	10	0.635759	525	22	0
154	10	4.300256	299	28	0
154	8	6.790845	333	19	0
154	6	7.823534	209	21	0
154	6	4.534353	377	21	0
154	8	5.389852	171	16	0
154	8	9.151635	419	22	0
154	17	0.416601	324	17	0
154	17	5.884497	238	19	0
154	17	2.433220	356	27	0
154	6	3.302369	236	16	0
154	6	7.402605	501	24	0
154	18	1.983398	189	20	0
154	19	2.955137	96	18	0
154	20	4.493582	224	15	0
154	20	4.013089	830	20	0
154	21	3.782142	289	21	0
154	23	0.779166	245	0	2
157	1	2.000000	200	21	1
157	3	4.963330	191	16	0
157	5	0.417195	285	18	0
157	7	0.989597	217	16	0
157	6	7.483938	159	15	0
157	6	5.382369	463	14	0
157	10	0.232276	232	25	0
157	9	3.091341	371	11	0
157	9	1.012297	422	15	0
157	2	1.203691	323	16	0
157	13	2.441327	424	18	0
157	11	3.645705	173	17	0
157	13	8.946166	297	22	0
157	13	4.297789	191	24	0
157	13	3.398763	255	22	0
157	13	7.632504	218	13	0
157	13	8.453064	804	18	0
157	13	4.240874	1503	29	0
157	15	5.040105	115	14	0
157	16	5.038853	268	16	0
157	17	4.506099	150	27	0
157	17	8.658021	329	21	0
157	17	4.285007	609	23	0
157	10	4.163935	434	15	0
157	20	2.601782	323	14	0
157	17	6.862461	215	10	0
157	22	1.443047	233	0	2
160	1	2.000000	197	21	1
160	2	3.888082	277	17	0
160	4	4.244522	227	19	0
160	7	4.575758	357	23	0
160	7	0.392047	275	18	0
160	8	2.425864	142	16	0
160	6	3.614660	197	22	0
160	6	1.533756	830	25	0
160	11	0.311514	232	11	0
160	10	5.347580	310	13	0
160	10	9.643374	261	22	0
160	8	4.095372	120	22	0
160	6	4.016876	233	20	0
160	6	1.770546	448	13	0
160	8	5.279021	68	24	0
160	8	2.878848	942	20	0
160	12	3.020404	395	19	0
160	14	9.334940	160	17	0
160	15	0.738847	267	15	0
160	16	3.728529	231	18	0
160	16	3.307988	396	28	0
160	16	5.623094	327	14	0
160	2	3.501679	331	24	0
160	6	5.359073	123	19	0
160	6	1.987836	218	19	0
160	16	0.301787	236	27	0
160	18	0.981356	64	21	0
160	18	3.225865	254	18	0
160	19	6.528005	187	22	0
160	20	3.971585	229	27	0
160	21	4.846727	368	0	2
163	1	2.000000	255	26	1
163	3	0.882090	302	19	0
163	3	4.081815	280	22	0
163	5	3.826088	104	17	0
163	5	0.842932	1666	24	0
163	7	5.357843	98	21	0
163	7	2.167082	358	15	0
163	7	4.626337	246	24	0
163	9	0.541253	309	17	0
163	6	3.386562	237	25	0
163	10	6.374731	217	13	0
163	10	3.536611	272	19	0
163	8	3.015228	198	20	0
163	11	0.264027	220	24	0
163	9	0.672057	546	14	0
163	8	2.324299	82	23	0
163	12	2.874635	216	22	0
163	13	4.773379	299	18	0
163	14	5.224920	96	15	0
163	16	2.619788	368	23	0
163	5	0.601356	211	18	0
163	14	3.076507	379	18	0
163	1	0.282403	519	19	0
163	7	1.500529	695	19	0
163	18	1.382306	430	15	0
163	22	2.448731	300	17	0
163	20	2.811288	236	0	2
