9	1	2.000000	189	26	1
9	2	5.786556	650	20	0
9	5	1.813060	852	19	0
9	6	4.298919	603	13	0
9	7	3.353317	671	21	0
9	10	2.128242	756	25	0
9	9	3.768899	734	17	0
9	13	2.735539	403	28	0
9	13	6.608666	127	20	0
9	14	0.917596	197	33	0
9	15	6.513509	679	15	0
9	17	7.397008	656	29	0
9	18	3.700698	530	20	0
9	20	3.650598	699	16	0
9	23	3.286951	930	0	2
12	1	2.000000	224	21	1
12	4	1.405130	295	15	0
12	6	2.949162	528	18	0
12	7	3.697510	658	23	0
12	8	9.239761	322	17	0
12	10	4.971908	838	15	0
12	12	2.893927	674	21	0
12	14	7.013257	563	20	0
12	15	6.949436	809	17	0
12	16	5.249050	488	14	0
12	18	0.416136	774	17	0
12	20	4.373119	597	18	0
12	23	1.745315	902	0	2
15	1	2.000000	242	10	1
15	3	4.832098	861	27	0
15	6	8.196494	738	11	0
15	8	1.508452	552	28	0
15	10	9.750953	717	19	0
15	13	2.004808	517	19	0
15	14	5.121195	738	22	0
15	15	4.879790	920	16	0
15	16	2.418738	872	27	0
15	18	0.379295	265	16	0
15	19	3.955566	277	16	0
15	22	4.825985	576	0	2
22	1	2.000000	196	23	1
22	4	2.598438	289	29	0
22	7	0.665812	345	21	0
22	7	4.421388	97	20	0
22	6	3.771381	711	25	0
22	10	2.363763	231	22	0
22	9	1.052431	429	14	0
22	11	0.418606	812	21	0
22	13	0.816110	674	23	0
22	15	4.126091	741	18	0
22	18	0.671096	455	19	0
22	19	2.571949	697	10	0
22	21	4.707250	182	20	0
22	22	4.777619	890	0	2
25	1	2.000000	255	23	1
25	3	4.566745	747	25	0
25	4	3.437939	411	20	0
25	6	6.854132	939	16	0
25	7	3.822740	576	12	0
25	10	2.685358	306	22	0
25	10	6.108104	110	16	0
25	11	3.340562	619	26	0
25	14	3.074551	347	24	0
25	13	3.214718	333	18	0
25	12	3.920320	374	24	0
25	16	2.772034	407	23	0
25	16	2.395097	187	16	0
25	16	2.182570	171	20	0
25	18	2.534236	895	14	0
25	23	2.127853	320	0	2
28	1	2.000000	218	16	1
28	3	8.942841	572	19	0
28	6	4.863845	898	17	0
28	8	2.698130	693	18	0
28	8	0.747949	130	20	0
28	11	0.873515	391	14	0
28	13	6.429733	386	14	0
28	14	4.869189	842	25	0
28	15	6.199828	1001	18	0
28	17	1.297153	448	16	0
28	20	0.260136	379	23	0
28	22	4.048758	424	0	2
31	1	2.000000	165	22	1
31	3	1.488540	274	20	0
31	6	6.435880	478	19	0
31	6	3.039623	78	27	0
31	8	5.390896	556	22	0
31	11	4.409806	934	17	0
31	14	0.098309	451	20	0
31	16	5.695733	564	20	0
31	17	0.581638	504	17	0
31	19	5.921062	992	15	0
31	21	1.901148	469	0	2
38	1	2.000000	206	12	1
38	4	2.228422	265	20	0
38	7	1.192930	376	26	0
38	8	3.738169	392	21	0
38	10	5.227038	638	30	0
38	11	4.326210	701	17	0
38	15	0.147690	207	15	0
38	15	2.822220	170	16	0
38	13	4.017219	403	30	0
38	19	3.100976	412	21	0
38	17	4.688244	215	17	0
38	17	0.522738	144	16	0
38	17	4.400377	163	20	0
38	21	3.626652	204	13	0
38	13	0.249586	314	27	0
38	19	2.602543	227	24	0
38	23	4.434582	884	0	2
41	1	2.000000	174	15	1
41	2	4.148541	600	22	0
41	4	2.403304	1194	27	0
41	6	4.086229	268	20	0
41	7	1.464668	782	21	0
41	8	4.530716	477	20	0
41	11	1.500866	211	25	0
41	10	4.894570	320	15	0
41	13	3.578898	881	17	0
41	15	5.068638	511	22	0
41	16	7.895841	254	18	0
41	17	2.912525	744	24	0
41	19	1.375401	694	29	0
41	22	1.011889	358	21	0
41	23	3.718947	317	0	2
44	1	2.000000	201	13	1
44	2	1.038206	441	16	0
44	3	2.492672	451	12	0
44	6	0.280195	650	14	0
44	7	4.540834	706	18	0
44	9	2.543282	688	20	0
44	8	3.836811	636	20	0
44	13	8.754845	350	23	0
44	14	8.082274	664	21	0
44	15	2.541959	678	10	0
44	6	0.753158	246	21	0
44	14	5.843477	365	23	0
44	16	0.548721	418	15	0
44	16	4.759309	111	17	0
44	16	4.473074	85	11	0
44	16	2.767819	145	14	0
44	18	0.061327	350	16	0
44	16	5.834483	398	19	0
44	19	2.911364	837	23	0
44	21	3.342724	522	0	2
47	1	2.000000	182	21	1
47	3	4.294899	573	16	0
47	4	2.241611	938	20	0
47	7	0.196851	363	13	0
47	6	2.127078	450	19	0
47	10	5.071753	342	18	0
47	11	3.745510	699	24	0
47	13	6.004821	272	21	0
47	13	2.269453	152	22	0
47	14	3.765181	599	20	0
47	15	5.158473	805	16	0
47	16	3.930867	571	23	0
47	17	4.883128	548	15	0
47	19	3.944454	691	16	0
47	22	3.704604	876	0	2
54	1	2.000000	144	17	1
54	3	5.131500	490	23	0
54	6	1.713857	825	21	0
54	6	5.704969	138	15	0
54	8	3.094380	916	22	0
54	9	0.953681	302	13	0
54	11	0.156403	653	21	0
54	14	2.503521	243	17	0
54	15	0.942703	370	26	0
54	14	2.965852	300	16	0
54	17	2.048555	338	21	0
54	18	2.693374	587	20	0
54	21	2.662415	550	23	0
54	23	6.330879	584	0	2
57	1	2.000000	174	16	1
57	3	3.157424	877	15	0
57	5	3.900387	789	19	0
57	7	3.488597	444	23	0
57	8	6.272246	459	24	0
57	10	6.454827	620	22	0
57	11	2.350063	623	24	0
57	13	6.236897	482	17	0
57	16	1.691356	475	19	0
57	17	6.726318	624	13	0
57	20	4.609594	518	17	0
57	23	2.693367	580	0	2
60	1	2.000000	246	18	1
60	2	0.612139	245	16	0
60	3	2.931932	535	22	0
60	7	0.732131	400	12	0
60	9	3.869354	502	18	0
60	8	3.749937	586	18	0
60	9	3.879252	178	24	0
60	11	0.849188	318	31	0
60	13	6.886345	400	15	0
60	14	3.012933	911	18	0
60	16	3.417494	440	19	0
60	17	3.380539	846	17	0
60	19	4.113444	577	19	0
60	22	1.175611	302	0	2
63	1	2.000000	209	16	1
63	2	2.569239	596	24	0
63	6	2.081732	912	22	0
63	8	5.681706	646	12	0
63	8	5.962897	162	13	0
63	10	2.718081	337	22	0
63	14	3.304774	336	22	0
63	16	9.402571	727	17	0
63	19	9.871452	488	17	0
63	18	1.378114	662	17	0
63	21	0.850984	176	13	0
63	22	5.943726	654	0	2
70	1	2.000000	215	15	1
70	3	0.344174	252	19	0
70	3	4.875813	166	14	0
70	4	3.173271	566	14	0
70	6	5.894772	898	12	0
70	8	3.076954	588	19	0
70	11	3.188033	567	14	0
70	11	1.364638	170	17	0
70	14	1.371520	511	16	0
70	15	4.692641	180	25	0
70	16	3.029774	544	22	0
70	3	7.369234	223	17	0
70	15	4.145777	370	11	0
70	18	1.449580	336	19	0
70	20	4.468262	226	21	0
70	11	4.699328	318	29	0
70	23	5.370838	431	0	2
73	1	2.000000	135	20	1
73	3	2.730279	554	21	0
73	6	4.719581	598	26	0
73	9	1.035987	652	16	0
73	10	0.284450	245	26	0
73	11	1.916221	556	17	0
73	13	8.345417	613	21	0
73	15	7.603437	545	19	0
73	18	1.482573	290	19	0
73	13	4.725315	344	15	0
73	18	2.388911	331	18	0
73	21	2.625930	276	30	0
73	23	5.927628	471	0	2
76	1	2.000000	225	24	1
76	3	7.519001	493	21	0
76	6	6.190166	763	13	0
76	10	2.234449	592	22	0
76	11	5.299163	599	22	0
76	14	2.586647	625	19	0
76	16	1.213850	772	16	0
76	17	4.768350	714	15	0
76	19	2.986794	847	19	0
76	21	3.083010	527	0	2
79	1	2.000000	198	18	1
79	2	2.926545	593	14	0
79	5	3.107336	380	27	0
79	7	1.898174	594	14	0
79	9	1.342322	620	24	0
79	9	0.575940	127	11	0
79	9	3.109401	103	20	0
79	11	2.802515	907	17	0
79	14	3.739527	304	17	0
79	15	6.620218	822	12	0
79	12	1.873510	310	22	0
79	17	2.294007	284	25	0
79	19	5.208554	476	15	0
79	22	1.815309	768	0	2
86	1	2.000000	158	21	1
86	3	1.929990	944	15	0
86	4	3.920336	790	18	0
86	8	1.086551	748	17	0
86	10	1.332134	691	25	0
86	11	1.873268	766	19	0
86	14	1.865751	360	14	0
86	15	4.790118	659	16	0
86	17	3.458253	1206	22	0
86	20	5.803186	255	24	0
86	23	8.523041	516	0	2
89	1	2.000000	176	13	1
89	2	3.780611	483	20	0
89	5	0.890154	393	17	0
89	5	3.587084	138	19	0
89	8	0.634324	484	22	0
89	8	5.251091	112	24	0
89	10	2.993416	1051	17	0
89	12	1.521745	460	20	0
89	14	2.826973	393	22	0
89	16	5.960225	810	17	0
89	18	1.866895	479	20	0
89	21	2.654430	264	22	0
89	23	5.111437	555	0	2
92	1	2.000000	203	24	1
92	4	0.656751	302	21	0
92	6	1.289641	428	24	0
92	7	1.506997	414	30	0
92	8	6.475536	431	12	0
92	10	1.877205	837	14	0
92	11	3.024303	376	23	0
92	13	6.499637	1083	19	0
92	15	6.990967	260	22	0
92	17	2.919138	742	18	0
92	19	4.685302	277	20	0
92	22	1.092665	158	22	0
92	20	2.812238	303	0	2
95	1	2.000000	125	16	1
95	3	0.400931	254	16	0
95	4	0.691466	826	26	0
95	8	5.036432	816	20	0
95	9	2.072425	518	24	0
95	8	7.016046	917	21	0
95	10	7.519865	232	18	0
95	11	4.531913	418	17	0
95	14	3.390683	280	18	0
95	15	5.842096	586	21	0
95	16	5.039329	669	15	0
95	18	2.268675	688	17	0
95	21	3.062716	310	20	0
95	23	2.958358	371	0	2
102	1	2.000000	178	18	1
102	2	2.480766	463	12	0
102	4	3.881918	150	13	0
102	3	7.211580	755	15	0
102	6	4.225457	903	18	0
102	8	9.981010	286	13	0
102	8	4.655266	127	10	0
102	8	3.620899	123	20	0
102	8	3.144457	174	9	0
102	10	2.832877	507	24	0
102	13	0.541638	280	19	0
102	13	5.966272	150	19	0
102	15	5.079690	357	25	0
102	16	3.091207	922	16	0
102	20	0.526350	436	17	0
102	21	4.983081	446	17	0
102	23	5.435099	971	0	2
105	1	2.000000	198	17	1
105	4	0.657661	403	20	0
105	6	7.801527	483	19	0
105	6	3.184242	104	20	0
105	8	9.970118	707	20	0
105	11	3.872918	619	21	0
105	15	0.106293	311	18	0
105	14	0.838324	411	26	0
105	16	1.610472	696	14	0
105	17	4.195879	637	11	0
105	16	3.265263	583	26	0
105	19	1.998365	795	18	0
105	23	5.366697	290	25	0
105	23	2.805253	118	0	2
108	1	2.000000	175	20	1
108	3	8.838565	1080	16	0
108	7	1.188850	491	19	0
108	8	1.711363	545	16	0
108	10	0.977919	507	18	0
108	11	4.152672	372	19	0
108	13	3.301523	644	22	0
108	15	4.270804	528	20	0
108	16	0.058532	197	23	0
108	16	4.783515	132	24	0
108	17	3.334957	936	20	0
108	19	2.139093	720	25	0
108	22	2.553912	737	0	2
111	1	2.000000	188	21	1
111	1	0.555312	138	17	0
111	4	2.837757	507	23	0
111	6	6.490711	450	21	0
111	6	3.619687	146	24	0
111	8	4.709906	728	19	0
111	11	2.541482	678	23	0
111	13	4.319792	478	17	0
111	15	1.122118	396	17	0
111	16	3.695469	168	14	0
111	16	7.032971	149	30	0
111	17	4.388342	521	23	0
111	20	1.477693	265	14	0
111	22	6.705455	864	0	2
118	1	2.000000	245	15	1
118	3	5.996453	466	22	0
118	5	0.285431	457	15	0
118	8	6.195667	613	10	0
118	8	2.838067	174	22	0
118	13	3.983273	367	11	0
118	13	7.653846	139	25	0
118	13	4.161620	126	21	0
118	15	3.442594	840	11	0
118	19	0.213387	265	31	0
118	18	4.504374	206	14	0
118	17	4.963634	1134	15	0
118	20	4.475963	313	24	0
118	21	5.316499	337	17	0
118	23	2.987360	943	0	2
121	1	2.000000	204	23	1
121	1	0.120402	158	23	0
121	3	3.222521	612	17	0
121	5	3.236410	490	13	0
121	7	2.002347	670	17	0
121	10	0.617093	270	18	0
121	9	2.183134	715	15	0
121	12	1.220786	298	12	0
121	12	1.183101	149	25	0
121	15	2.332885	609	20	0
121	16	3.850792	559	21	0
121	13	2.454586	483	24	0
121	13	1.180320	192	24	0
121	14	3.541123	490	28	0
121	13	5.435780	531	19	0
121	17	3.156828	508	26	0
121	17	3.055386	174	14	0
121	4	3.089537	322	13	0
121	15	4.298504	387	17	0
121	13	4.445949	450	24	0
121	17	4.987258	309	19	0
121	20	5.674208	500	16	0
121	21	2.980236	373	24	0
121	23	5.209954	814	0	2
124	1	2.000000	183	25	1
124	3	0.535833	506	24	0
124	4	4.372819	541	22	0
124	7	4.780397	903	21	0
124	9	3.968599	402	15	0
124	11	4.044068	599	15	0
124	15	7.718370	531	13	0
124	14	4.109100	849	25	0
124	18	3.045490	177	17	0
124	19	3.634339	923	24	0
124	23	3.657356	648	0	2
127	1	2.000000	169	26	1
127	3	3.076731	542	15	0
127	5	3.418481	587	13	0
127	9	3.185873	317	26	0
127	8	5.938754	731	18	0
127	10	4.285297	597	23	0
127	14	6.230091	500	21	0
127	17	0.206883	483	23	0
127	18	0.731356	337	18	0
127	21	0.790449	272	22	0
127	23	3.536405	661	0	2
134	1	2.000000	230	17	1
134	3	8.305195	805	20	0
134	6	3.040727	601	13	0
134	6	1.816465	213	19	0
134	8	2.424338	625	21	0
134	10	5.778916	748	18	0
134	11	4.524268	252	19	0
134	13	0.034099	372	17	0
134	13	4.154834	157	29	0
134	16	0.041760	398	19	0
134	17	1.025310	179	23	0
134	17	5.426165	124	17	0
134	17	2.403340	170	11	0
134	19	0.551764	231	17	0
134	20	0.623326	206	23	0
134	21	1.230747	723	0	2
137	1	2.000000	209	17	1
137	3	5.162731	857	17	0
137	5	3.695927	486	17	0
137	8	3.845783	735	23	0
137	12	1.683541	392	16	0
137	15	1.718892	390	18	0
137	16	7.503203	684	16	0
137	16	5.346665	91	13	0
137	20	2.742292	368	23	0
137	23	2.242781	260	16	0
137	22	1.840063	347	0	2
140	1	2.000000	196	24	1
140	3	0.341841	558	31	0
140	4	3.089923	354	22	0
140	6	7.333354	998	23	0
140	7	4.234608	556	14	0
140	10	1.809606	683	24	0
140	11	3.282850	154	19	0
140	13	6.665496	531	32	0
140	14	1.439857	964	25	0
140	17	0.637877	797	21	0
140	19	0.087506	364	21	0
140	20	0.952786	481	22	0
140	22	7.832618	817	0	2
143	1	2.000000	155	23	1
143	1	0.269588	116	17	0
143	3	2.851953	775	18	0
143	6	2.765703	306	20	0
143	7	3.361507	420	18	0
143	6	5.392133	682	22	0
143	8	8.191009	305	15	0
143	10	4.156270	395	16	0
143	12	1.267664	484	22	0
143	13	4.972121	679	19	0
143	14	5.356788	675	23	0
143	15	3.863909	583	24	0
143	16	5.242815	651	20	0
143	15	5.477516	586	18	0
143	18	3.145355	405	14	0
143	21	1.614250	379	0	2
150	1	2.000000	209	11	1
150	3	6.127549	971	30	0
150	7	1.074499	643	11	0
150	8	5.602876	702	19	0
150	10	0.653254	326	28	0
150	9	0.425979	480	19	0
150	13	0.642417	316	14	0
150	13	4.869298	95	18	0
150	13	2.344837	148	20	0
150	14	1.876987	287	15	0
150	15	5.090420	506	25	0
150	17	5.180884	681	15	0
150	18	4.038350	468	17	0
150	20	8.969023	578	20	0
150	22	5.118906	996	0	2
153	1	2.000000	263	22	1
153	2	4.890428	799	18	0
153	6	0.151047	263	22	0
153	7	2.019022	434	27	0
153	9	0.579964	662	20	0
153	9	3.777917	116	22	0
153	13	1.479786	259	21	0
153	14	2.723133	427	20	0
153	13	4.931519	395	28	0
153	16	2.412075	943	24	0
153	18	0.336853	384	21	0
153	21	6.634258	469	19	0
153	23	3.099847	812	0	2
156	1	2.000000	199	20	1
156	3	6.964298	638	13	0
156	6	6.637511	588	10	0
156	6	5.548284	115	19	0
156	6	9.892432	177	20	0
156	7	5.397936	629	16	0
156	9	2.900015	387	16	0
156	9	0.656295	130	17	0
156	9	2.877792	113	18	0
156	10	6.490537	711	28	0
156	13	0.378895	331	20	0
156	14	2.398530	382	18	0
156	15	4.796770	554	19	0
156	16	2.456359	277	20	0
156	17	2.386911	735	19	0
156	20	0.425806	313	27	0
156	21	2.342929	530	0	2
159	1	2.000000	202	18	1
159	3	2.550963	437	15	0
159	6	4.498475	271	15	0
159	6	2.967920	163	18	0
159	6	1.451086	167	18	0
159	8	1.257026	694	8	0
159	10	6.347497	814	24	0
159	12	0.845726	317	22	0
159	13	5.580002	480	22	0
159	15	5.726825	933	20	0
159	17	0.435834	340	23	0
159	19	7.710432	478	17	0
159	20	4.980740	554	0	2
166	1	2.000000	266	16	1
166	3	3.754749	620	23	0
166	6	2.935306	886	20	0
166	7	4.270018	401	25	0
166	10	3.200885	391	26	0
166	11	1.227362	634	13	0
166	13	4.079206	645	23	0
166	17	4.272925	753	18	0
166	20	4.021993	512	12	0
166	23	8.938872	366	0	2
