7	1	2.000000	172	21	1
7	2	1.171657	362	23	0
7	3	1.177402	346	22	0
7	4	0.602629	217	18	0
7	6	5.590207	616	14	0
7	4	1.198673	308	22	0
7	4	3.848769	180	31	0
7	6	0.445352	340	23	0
7	6	4.055270	133	13	0
7	8	1.013325	741	26	0
7	9	1.388235	526	19	0
7	10	4.793044	336	21	0
7	8	5.868590	502	19	0
7	10	9.597447	297	17	0
7	11	4.655291	409	25	0
7	12	3.539319	364	20	0
7	14	3.732046	440	18	0
7	17	5.184333	148	18	0
7	16	4.148071	423	18	0
7	16	8.392274	198	16	0
7	16	5.055753	135	22	0
7	12	0.991623	234	18	0
7	15	8.142669	270	20	0
7	14	3.488734	107	19	0
7	16	1.097835	388	18	0
7	15	6.172851	444	20	0
7	16	4.398706	240	18	0
7	18	1.388563	241	26	0
7	21	0.252434	215	19	0
7	18	2.749194	667	17	0
7	21	2.996697	197	18	0
7	22	4.746417	751	0	2
14	1	2.000000	246	16	1
14	5	2.397181	190	18	0
14	3	1.665098	585	14	0
14	6	4.757541	418	19	0
14	9	1.870088	281	12	0
14	8	6.043473	422	20	0
14	10	0.275095	644	18	0
14	6	2.861709	516	24	0
14	6	5.716971	222	20	0
14	7	4.430560	384	27	0
14	6	4.334766	642	20	0
14	7	5.135429	379	19	0
14	10	1.948214	422	29	0
14	13	4.984944	245	21	0
14	10	5.820394	527	25	0
14	13	7.373684	465	12	0
14	13	4.843710	196	21	0
14	13	8.700350	263	21	0
14	15	0.113783	282	21	0
14	14	2.547978	374	18	0
14	7	1.393526	263	20	0
14	11	0.831326	317	29	0
14	11	0.382193	187	27	0
14	13	8.396649	416	17	0
14	13	9.473676	177	20	0
14	12	2.229469	310	23	0
14	17	5.319561	376	26	0
14	17	7.837716	254	16	0
14	19	0.116242	342	23	0
14	17	5.773410	162	17	0
14	7	4.019582	262	15	0
14	6	6.047984	325	19	0
14	17	8.455923	474	23	0
14	13	3.471266	193	20	0
14	19	1.699830	187	23	0
14	17	1.659336	291	14	0
14	19	3.759309	199	22	0
14	20	5.476846	393	23	0
14	20	1.829208	268	13	0
14	24	1.871297	265	29	0
14	21	1.462169	290	16	0
14	22	1.463556	224	0	2
17	1	2.000000	170	15	1
17	2	2.928516	354	19	0
17	3	4.856846	636	18	0
17	5	1.148911	506	22	0
17	6	1.475240	231	19	0
17	7	4.069661	401	19	0
17	8	3.015403	441	17	0
17	9	3.292574	566	25	0
17	8	4.154396	518	13	0
17	10	5.856046	229	22	0
17	11	2.521602	618	17	0
17	12	2.428252	320	21	0
17	13	3.904334	337	15	0
17	13	5.279343	277	11	0
17	15	5.353435	360	23	0
17	16	6.854939	358	12	0
17	16	9.485861	267	15	0
17	15	6.608406	288	19	0
17	15	3.399264	191	22	0
17	13	3.777345	342	20	0
17	14	2.534630	450	15	0
17	13	8.810457	226	22	0
17	14	3.958696	295	19	0
17	16	8.147702	489	18	0
17	18	1.295123	704	14	0
17	17	4.287687	370	19	0
17	9	0.515574	235	18	0
17	16	8.739056	265	23	0
17	17	3.314978	280	12	0
17	18	4.807112	527	15	0
17	20	5.878402	538	14	0
17	23	5.136647	359	21	0
17	22	2.846291	460	0	2
20	1	2.000000	204	27	1
20	3	0.058225	205	17	0
20	3	3.844782	206	18	0
20	4	2.508092	327	24	0
20	4	1.809068	236	27	0
20	5	3.796111	274	20	0
20	5	1.800114	165	22	0
20	8	6.793872	593	14	0
20	8	3.482195	142	23	0
20	8	3.450116	181	20	0
20	6	0.070479	464	16	0
20	7	2.168222	614	18	0
20	7	5.154914	136	20	0
20	9	1.857939	472	22	0
20	10	5.336663	561	18	0
20	10	7.404751	272	20	0
20	1	0.000590	138	16	0
20	6	1.553103	418	17	0
20	12	1.093760	274	20	0
20	12	0.551732	199	16	0
20	13	0.033152	242	28	0
20	13	4.165419	184	16	0
20	14	0.695026	194	18	0
20	14	3.485496	272	29	0
20	17	0.109626	248	20	0
20	17	3.494925	211	13	0
20	16	5.712216	539	18	0
20	19	3.420151	491	26	0
20	20	4.230452	548	20	0
20	18	1.484907	464	20	0
20	22	0.258748	466	15	0
20	23	0.613854	269	0	2
23	1	2.000000	251	16	1
23	3	7.379575	554	14	0
23	5	1.158280	657	25	0
23	6	5.892948	437	25	0
23	9	0.652610	227	20	0
23	6	5.764156	408	21	0
23	7	3.149686	557	12	0
23	10	2.022421	407	23	0
23	10	6.513060	220	18	0
23	11	3.682822	450	15	0
23	13	0.258616	277	21	0
23	13	6.693598	243	25	0
23	15	7.211280	471	16	0
23	16	4.011971	380	25	0
23	16	1.531860	203	22	0
23	11	3.333690	232	15	0
23	15	7.472015	566	21	0
23	2	0.905982	239	23	0
23	15	0.476490	283	15	0
23	18	0.355431	286	37	0
23	20	2.681798	262	16	0
23	19	4.876099	512	16	0
23	21	2.866981	251	20	0
23	22	4.474775	733	0	2
30	1	2.000000	119	19	1
30	2	3.843212	430	20	0
30	3	4.032854	596	23	0
30	3	3.849219	165	17	0
30	4	3.124252	533	14	0
30	6	5.362856	324	17	0
30	9	0.017045	217	24	0
30	7	3.337402	386	25	0
30	7	0.880525	141	26	0
30	10	1.742641	209	26	0
30	11	0.351446	320	31	0
30	13	4.769678	439	18	0
30	13	1.200357	243	26	0
30	13	5.344492	195	27	0
30	14	3.790280	400	20	0
30	15	6.978236	431	21	0
30	14	2.639722	391	15	0
30	16	6.253299	196	29	0
30	17	4.506222	548	19	0
30	6	6.586920	293	14	0
30	12	3.656093	308	20	0
30	19	1.213652	237	16	0
30	21	1.375113	335	17	0
30	23	6.101109	531	0	2
33	1	2.000000	169	23	1
33	2	3.280593	248	20	0
33	5	2.177251	268	23	0
33	6	5.747080	414	16	0
33	6	3.724310	154	21	0
33	6	8.153478	148	16	0
33	7	4.925212	836	17	0
33	12	2.298623	284	20	0
33	13	3.698145	306	14	0
33	14	3.503488	437	21	0
33	10	1.811270	407	21	0
33	9	4.596890	437	17	0
33	10	3.139059	756	16	0
33	15	5.997524	169	19	0
33	15	3.894855	168	19	0
33	15	3.411329	207	13	0
33	17	3.124938	487	16	0
33	16	8.242136	199	19	0
33	16	3.797947	169	15	0
33	6	5.345140	489	17	0
33	16	4.837752	225	24	0
33	17	2.931029	273	17	0
33	18	2.002407	550	13	0
33	20	8.136418	657	20	0
33	22	2.396869	701	17	0
33	23	5.588593	280	0	2
36	1	2.000000	274	15	1
36	4	3.237930	466	17	0
36	3	4.042794	603	22	0
36	4	4.919661	261	18	0
36	7	4.360054	378	29	0
36	8	3.721211	256	14	0
36	7	2.720430	346	14	0
36	6	3.794477	516	34	0
36	10	1.700985	303	15	0
36	10	5.883684	143	22	0
36	11	3.018162	559	24	0
36	11	1.842564	170	16	0
36	13	5.561943	440	22	0
36	13	0.802849	154	16	0
36	16	3.257074	469	10	0
36	16	2.141085	234	18	0
36	17	4.522088	456	19	0
36	20	3.626603	545	20	0
36	20	0.851616	183	17	0
36	19	6.467824	472	22	0
36	21	3.227614	295	19	0
36	22	3.095727	250	0	2
39	1	2.000000	164	21	1
39	2	3.470500	666	17	0
39	2	2.101805	265	27	0
39	4	3.067143	193	13	0
39	3	3.779481	491	20	0
39	7	5.169141	555	18	0
39	6	3.610717	599	23	0
39	12	1.887502	278	23	0
39	5	0.619746	255	21	0
39	13	5.119349	355	20	0
39	14	4.358112	453	19	0
39	7	2.383423	213	21	0
39	9	3.503978	429	17	0
39	10	4.365911	367	21	0
39	10	5.026366	144	15	0
39	16	4.095903	213	25	0
39	17	6.552204	494	19	0
39	6	7.099707	563	21	0
39	20	2.190175	166	23	0
39	19	3.302110	642	17	0
39	22	0.335201	219	19	0
39	22	4.257104	199	0	2
46	1	2.000000	201	18	1
46	2	3.683354	458	15	0
46	4	0.438278	264	16	0
46	5	2.486923	259	19	0
46	6	5.612967	739	26	0
46	10	0.179992	566	17	0
46	10	5.137232	217	19	0
46	9	1.571125	428	22	0
46	11	3.341152	224	14	0
46	12	3.750513	268	17	0
46	13	6.475554	667	26	0
46	15	7.368752	499	14	0
46	4	2.046957	370	18	0
46	12	3.655684	305	15	0
46	15	3.947325	199	26	0
46	12	1.832635	432	14	0
46	15	3.050804	250	27	0
46	15	0.487291	363	14	0
46	14	3.139903	395	24	0
46	13	9.625789	498	20	0
46	14	0.905769	376	18	0
46	17	0.170407	623	16	0
46	17	5.953744	103	21	0
46	17	3.418660	292	16	0
46	17	6.075327	222	17	0
46	17	8.382037	216	17	0
46	17	3.316339	192	14	0
46	9	0.940478	308	14	0
46	18	0.998701	271	17	0
46	19	3.980980	357	16	0
46	20	6.595545	560	15	0
46	21	2.585680	448	15	0
46	23	0.484592	189	17	0
46	23	5.184006	116	0	2
49	1	2.000000	238	18	1
49	3	0.384847	201	19	0
49	3	0.079939	256	14	0
49	5	2.031941	612	16	0
49	6	3.339172	741	22	0
49	9	0.979898	258	20	0
49	6	6.311643	543	22	0
49	7	2.539483	242	21	0
49	9	2.344969	792	22	0
49	6	3.804306	210	28	0
49	13	2.242003	208	17	0
49	12	0.761542	285	20	0
49	14	1.183771	627	27	0
49	15	0.793348	162	16	0
49	15	6.232473	166	28	0
49	16	2.929919	510	17	0
49	17	5.064525	598	23	0
49	17	7.333699	170	18	0
49	18	3.165034	447	23	0
49	18	5.067377	140	25	0
49	17	2.738621	479	18	0
49	20	5.166890	288	18	0
49	21	1.640753	231	28	0
49	23	5.317817	691	0	2
52	1	2.000000	210	20	1
52	3	0.119729	219	27	0
52	6	1.353156	356	20	0
52	5	0.961190	498	8	0
52	7	3.358930	502	10	0
52	7	0.720536	110	20	0
52	7	4.781831	248	17	0
52	8	5.012509	860	19	0
52	10	4.378013	504	15	0
52	10	2.090460	232	22	0
52	11	4.415154	186	28	0
52	13	0.391927	165	19	0
52	14	0.292449	277	23	0
52	15	4.917760	244	16	0
52	15	6.483472	197	17	0
52	16	4.244132	443	19	0
52	18	0.697213	172	10	0
52	16	5.666927	348	14	0
52	16	2.273457	136	24	0
52	18	3.195829	553	21	0
52	20	0.389447	270	24	0
52	21	1.780303	422	19	0
52	22	4.576796	964	0	2
55	1	2.000000	348	19	1
55	3	4.079638	310	24	0
55	5	1.769503	354	21	0
55	6	5.694926	389	18	0
55	8	6.517154	818	17	0
55	7	3.331881	421	19	0
55	8	0.544183	205	21	0
55	10	7.224557	299	22	0
55	10	4.130542	215	17	0
55	8	5.839837	538	12	0
55	9	3.020399	365	11	0
55	10	7.851247	549	17	0
55	11	4.254652	330	19	0
55	12	3.600023	560	10	0
55	15	0.245289	260	17	0
55	15	5.549452	204	15	0
55	17	1.841903	387	21	0
55	16	4.619790	383	21	0
55	16	6.413962	137	13	0
55	16	7.253480	193	20	0
55	16	3.915050	236	16	0
55	16	2.838457	227	23	0
55	16	5.725539	133	16	0
55	16	3.091217	207	18	0
55	16	5.682565	167	23	0
55	3	0.585928	312	20	0
55	21	0.753279	244	16	0
55	19	4.955037	558	21	0
55	17	5.242157	185	21	0
55	22	0.805361	248	0	2
62	1	2.000000	202	14	1
62	3	2.434246	302	12	0
62	3	1.354879	246	19	0
62	3	4.830351	203	21	0
62	5	0.174661	198	15	0
62	8	3.666325	262	20	0
62	6	3.319011	607	17	0
62	7	2.984794	590	13	0
62	8	7.779841	294	23	0
62	10	6.605264	436	20	0
62	10	7.771070	219	19	0
62	11	3.643619	443	19	0
62	12	3.486456	414	18	0
62	14	0.258378	194	18	0
62	15	0.416990	318	23	0
62	15	7.258785	193	19	0
62	15	11.544992	169	15	0
62	15	7.580458	145	24	0
62	17	4.468295	606	13	0
62	18	3.878959	599	19	0
62	20	0.345601	227	14	0
62	20	5.473481	193	14	0
62	10	2.005622	201	19	0
62	16	3.405100	259	22	0
62	21	2.298482	220	20	0
62	23	5.581696	595	0	2
65	1	2.000000	155	20	1
65	3	3.691431	400	18	0
65	4	2.745107	374	18	0
65	6	0.025203	585	18	0
65	7	2.548105	445	13	0
65	7	0.110291	144	20	0
65	8	4.575538	529	20	0
65	8	1.983732	214	21	0
65	9	2.161866	435	16	0
65	12	3.291396	508	27	0
65	9	2.576833	595	19	0
65	11	3.535098	523	18	0
65	9	5.350537	313	14	0
65	8	2.407169	526	16	0
65	9	0.824151	177	17	0
65	10	2.001161	503	24	0
65	15	2.311774	256	19	0
65	14	3.007438	392	33	0
65	14	0.870751	236	13	0
65	1	2.974305	216	28	0
65	11	2.421580	393	15	0
65	16	7.106003	255	21	0
65	16	8.236416	199	30	0
65	17	6.098382	653	21	0
65	17	9.226420	143	23	0
65	9	1.886519	217	21	0
65	8	3.746658	232	16	0
65	8	5.869047	166	20	0
65	17	5.459317	426	16	0
65	1	2.083248	283	13	0
65	16	6.592247	531	18	0
65	18	0.132763	270	22	0
65	19	2.900541	709	16	0
65	22	0.023396	683	24	0
65	23	2.561002	489	31	0
65	23	7.161590	235	14	0
65	24	0.194663	212	0	2
68	1	2.000000	205	16	1
68	3	1.380946	282	15	0
68	5	0.306748	365	20	0
68	5	3.843057	323	14	0
68	6	5.413057	572	22	0
68	8	5.283863	385	24	0
68	8	2.084133	277	9	0
68	7	2.073755	226	16	0
68	6	5.320980	417	14	0
68	10	4.610724	186	14	0
68	11	0.530188	154	16	0
68	8	1.786385	447	24	0
68	10	1.663825	439	15	0
68	12	0.573968	506	15	0
68	13	1.472280	194	17	0
68	13	0.103910	210	16	0
68	13	5.707888	215	18	0
68	14	4.550424	709	15	0
68	15	4.815027	541	17	0
68	16	3.807642	352	24	0
68	16	1.226419	186	23	0
68	16	5.465300	183	20	0
68	17	3.248925	650	17	0
68	4	4.519091	251	17	0
68	15	4.721668	201	24	0
68	16	2.622792	338	23	0
68	19	3.267743	374	12	0
68	22	4.216590	642	19	0
68	21	1.216056	468	0	2
71	1	2.000000	237	22	1
71	3	3.319862	332	22	0
71	5	3.007853	472	20	0
71	8	5.778031	367	23	0
71	6	2.619131	467	17	0
71	7	2.287396	481	15	0
71	4	1.347119	385	13	0
71	9	1.109905	417	17	0
71	10	0.353574	254	21	0
71	10	7.692857	162	23	0
71	11	1.167635	234	19	0
71	11	4.092543	330	12	0
71	10	7.962651	272	16	0
71	12	0.656653	321	24	0
71	11	5.121837	351	24	0
71	12	3.985052	482	24	0
71	13	6.563578	378	17	0
71	15	0.952822	468	32	0
71	15	5.673552	301	18	0
71	16	3.409346	373	17	0
71	16	5.126158	248	18	0
71	16	5.868017	169	16	0
71	16	3.550872	197	19	0
71	17	3.885205	488	15	0
71	18	3.222336	461	18	0
71	16	3.953495	542	24	0
71	20	2.487420	347	17	0
71	21	3.611671	339	27	0
71	22	4.130962	523	0	2
78	1	2.000000	216	22	1
78	3	0.662948	239	14	0
78	4	4.101116	258	23	0
78	5	3.204099	685	25	0
78	6	6.699787	349	24	0
78	7	3.999845	306	23	0
78	8	3.115948	496	24	0
78	9	2.722433	265	31	0
78	9	1.053845	129	21	0
78	10	2.181373	531	21	0
78	12	2.336488	348	18	0
78	13	4.901678	450	18	0
78	14	3.621543	503	16	0
78	15	6.055526	263	16	0
78	16	5.624302	310	14	0
78	17	2.462482	581	21	0
78	17	5.966940	269	15	0
78	18	5.713884	281	24	0
78	19	1.441551	418	14	0
78	19	1.156573	160	19	0
78	20	4.851088	466	29	0
78	20	4.215420	202	24	0
78	22	2.479724	288	23	0
78	23	5.583836	542	0	2
81	1	2.000000	194	30	1
81	3	5.446048	212	16	0
81	4	3.283109	436	18	0
81	7	0.447737	249	22	0
81	7	5.153877	288	23	0
81	8	3.798249	217	18	0
81	9	1.595545	473	14	0
81	10	4.134575	626	15	0
81	11	3.204033	535	24	0
81	13	4.515918	570	23	0
81	16	2.743483	258	25	0
81	15	1.892851	291	23	0
81	19	1.669240	251	16	0
81	14	3.896384	260	27	0
81	17	2.797680	531	19	0
81	17	6.497165	157	12	0
81	18	0.370298	167	14	0
81	17	4.935362	182	16	0
81	17	2.084121	213	16	0
81	7	5.754533	352	20	0
81	21	3.747411	182	25	0
81	22	3.683830	565	22	0
81	23	3.335359	657	0	2
84	1	2.000000	162	22	1
84	2	3.507565	487	21	0
84	3	5.900001	380	24	0
84	5	1.445798	247	11	0
84	7	0.831958	325	15	0
84	6	4.884613	603	19	0
84	7	4.054522	563	24	0
84	8	5.303132	506	19	0
84	11	1.348965	410	16	0
84	10	3.574205	495	20	0
84	11	5.155795	480	20	0
84	13	2.502198	580	17	0
84	13	5.701693	160	19	0
84	14	3.205586	371	17	0
84	14	1.329046	274	15	0
84	16	4.522613	268	21	0
84	16	1.191677	230	22	0
84	17	0.992780	211	20	0
84	14	0.909804	216	15	0
84	15	8.935779	258	29	0
84	15	5.792018	170	22	0
84	14	5.497104	316	21	0
84	15	4.531235	543	20	0
84	19	4.243299	815	22	0
84	19	5.643799	226	17	0
84	18	3.484587	345	16	0
84	20	2.852263	356	22	0
84	21	3.149652	442	17	0
84	22	5.158454	668	0	2
87	1	2.000000	187	15	1
87	3	0.559463	383	18	0
87	3	3.569411	177	20	0
87	5	0.218287	255	20	0
87	7	1.262939	117	25	0
87	7	0.209115	244	16	0
87	7	4.867601	173	18	0
87	9	0.994299	463	20	0
87	11	1.868423	417	19	0
87	10	2.118163	413	15	0
87	13	4.757674	311	13	0
87	14	5.576831	509	30	0
87	2	2.902007	223	23	0
87	14	2.682575	230	22	0
87	13	3.771404	267	25	0
87	12	1.194274	425	11	0
87	15	1.526510	338	24	0
87	15	4.403510	188	20	0
87	15	1.404788	200	13	0
87	16	4.537236	609	18	0
87	16	2.503646	238	15	0
87	15	6.336064	208	15	0
87	16	3.585021	359	10	0
87	19	3.346173	296	18	0
87	18	3.493776	453	23	0
87	21	1.328759	248	22	0
87	21	3.732810	165	19	0
87	22	4.498269	438	19	0
87	23	4.613233	457	0	2
94	1	2.000000	216	20	1
94	2	3.826812	443	15	0
94	3	5.467293	559	19	0
94	4	2.950481	337	22	0
94	5	3.182972	328	23	0
94	6	6.655435	548	18	0
94	7	3.672904	491	16	0
94	8	11.355661	245	21	0
94	9	3.378886	403	24	0
94	12	1.633967	209	19	0
94	11	2.833208	338	18	0
94	12	3.147615	404	21	0
94	15	6.849299	675	21	0
94	16	5.701755	417	19	0
94	15	4.628876	653	13	0
94	13	4.780546	473	18	0
94	14	3.160431	546	19	0
94	14	1.769061	224	21	0
94	15	0.955801	242	19	0
94	14	2.395492	433	21	0
94	19	0.361063	216	20	0
94	18	2.659360	315	22	0
94	17	2.779759	253	22	0
94	17	0.688456	268	21	0
94	17	3.776128	152	15	0
94	17	0.228261	221	18	0
94	17	4.225892	245	19	0
94	8	6.216473	305	28	0
94	16	4.300183	222	22	0
94	10	0.165517	319	26	0
94	20	0.462973	296	18	0
94	20	4.443352	213	13	0
94	23	2.602883	187	0	2
97	1	2.000000	253	19	1
97	5	0.853180	310	19	0
97	3	3.942569	306	20	0
97	5	1.191617	267	15	0
97	4	4.111193	256	20	0
97	5	2.697858	284	20	0
97	6	3.455176	551	25	0
97	7	5.495684	373	18	0
97	8	6.296000	583	18	0
97	8	2.912333	148	18	0
97	10	1.239431	579	17	0
97	10	4.190431	260	23	0
97	10	7.425597	198	17	0
97	12	1.476985	206	26	0
97	14	2.423129	463	17	0
97	15	4.171656	338	21	0
97	16	6.654859	468	17	0
97	19	0.805887	258	23	0
97	2	1.014824	282	17	0
97	17	6.552775	110	17	0
97	17	2.349554	141	13	0
97	17	1.769708	188	19	0
97	17	5.760143	272	15	0
97	7	3.475683	246	15	0
97	3	6.503453	265	22	0
97	1	1.513477	104	17	0
97	18	0.692778	326	19	0
97	5	3.221207	317	18	0
97	8	5.112306	157	22	0
97	20	4.430659	307	22	0
97	21	3.232148	467	21	0
97	21	6.436850	160	27	0
97	23	1.306739	393	19	0
97	24	6.502924	298	0	2
100	1	2.000000	239	24	1
100	3	2.086545	154	18	0
100	3	4.433494	209	17	0
100	4	3.443256	186	16	0
100	5	2.792902	303	13	0
100	6	6.598515	508	18	0
100	8	3.364964	461	18	0
100	7	3.355328	668	17	0
100	9	3.845528	331	21	0
100	10	4.468126	313	15	0
100	12	3.133197	867	26	0
100	11	5.817387	262	14	0
100	15	0.040193	211	28	0
100	13	6.972542	436	13	0
100	15	0.394799	469	17	0
100	15	4.417655	165	16	0
100	18	0.554730	194	29	0
100	19	2.661511	603	17	0
100	4	4.746435	351	13	0
100	14	6.904399	279	14	0
100	16	4.189863	207	18	0
100	16	5.706135	173	17	0
100	16	2.715747	137	25	0
100	3	0.915069	262	14	0
100	1	0.239920	234	23	0
100	4	4.604202	278	21	0
100	16	0.953508	285	15	0
100	7	3.747890	301	20	0
100	16	5.038321	278	25	0
100	21	1.517149	253	20	0
100	22	6.637688	342	0	2
103	1	2.000000	247	21	1
103	2	3.751566	283	23	0
103	5	3.250648	627	18	0
103	4	2.163411	351	23	0
103	9	2.263342	215	16	0
103	8	7.535344	450	18	0
103	8	0.335425	170	25	0
103	7	3.366675	378	15	0
103	8	7.421076	465	21	0
103	12	1.558910	206	17	0
103	9	2.546595	528	15	0
103	13	6.862529	381	22	0
103	14	4.322636	300	18	0
103	12	2.816729	378	23	0
103	11	4.217588	302	20	0
103	9	3.523508	384	18	0
103	10	3.583078	749	23	0
103	8	4.949582	166	16	0
103	8	1.059099	277	17	0
103	10	3.949801	285	22	0
103	10	1.126574	246	17	0
103	11	0.808006	300	24	0
103	16	1.960933	204	14	0
103	16	6.512618	192	13	0
103	17	4.841930	392	12	0
103	16	6.258474	471	20	0
103	18	2.436126	239	24	0
103	16	4.292930	778	20	0
103	19	2.028900	187	16	0
103	19	5.215997	191	10	0
103	21	1.482169	290	23	0
103	22	4.091764	206	0	2
110	1	2.000000	241	21	1
110	2	3.891676	432	19	0
110	4	2.454436	361	19	0
110	5	2.848620	629	20	0
110	6	7.198439	513	21	0
110	7	5.307340	677	15	0
110	11	2.523828	238	21	0
110	10	3.124401	387	21	0
110	9	2.040698	142	18	0
110	13	3.797580	219	17	0
110	11	3.064775	328	12	0
110	15	0.958100	665	22	0
110	16	3.209496	753	18	0
110	17	7.327910	267	25	0
110	18	3.877176	327	20	0
110	18	1.071214	214	34	0
110	17	4.203562	431	29	0
110	19	7.871755	336	20	0
110	21	0.004577	294	15	0
110	21	4.506640	174	20	0
110	21	1.996560	113	18	0
110	23	4.862931	686	32	0
110	23	1.545473	117	0	2
113	1	2.000000	219	16	1
113	3	0.617445	260	17	0
113	6	2.817413	266	21	0
113	5	2.414734	492	15	0
113	7	1.467750	377	21	0
113	7	3.913974	199	24	0
113	8	4.912843	521	18	0
113	9	2.182741	366	18	0
113	10	5.860810	421	14	0
113	11	1.723763	588	16	0
113	12	2.544151	257	17	0
113	13	0.798818	175	18	0
113	15	8.115057	502	23	0
113	16	6.758150	446	20	0
113	8	0.219091	259	12	0
113	16	3.171431	258	23	0
113	17	2.141006	304	15	0
113	16	6.437071	246	18	0
113	17	3.210754	512	27	0
113	13	1.015450	232	25	0
113	15	3.877956	389	16	0
113	13	2.044281	367	28	0
113	15	4.551816	274	25	0
113	15	7.117689	235	16	0
113	14	1.331117	326	15	0
113	14	3.985838	204	22	0
113	14	0.552690	138	13	0
113	15	0.027302	233	23	0
113	6	8.388911	382	14	0
113	12	1.133830	287	17	0
113	14	3.931280	301	17	0
113	14	2.072811	186	28	0
113	13	1.508339	375	26	0
113	14	2.174980	253	20	0
113	13	4.938307	252	22	0
113	13	1.487222	226	18	0
113	15	0.234486	312	15	0
113	13	3.913711	176	17	0
113	13	1.245888	170	21	0
113	13	4.776539	174	14	0
113	15	0.602333	190	22	0
113	10	4.745147	285	25	0
113	13	2.718703	291	19	0
113	20	1.813751	166	17	0
113	18	4.424333	467	18	0
113	22	2.167432	242	30	0
113	23	4.649346	474	0	2
116	1	2.000000	170	18	1
116	2	3.772786	391	20	0
116	3	4.720405	458	18	0
116	3	6.872599	172	24	0
116	4	4.792199	470	20	0
116	6	2.107007	431	18	0
116	8	4.170888	730	23	0
116	8	2.107830	196	27	0
116	7	3.645380	176	16	0
116	3	7.480996	228	19	0
116	7	4.086783	466	19	0
116	9	2.578078	238	12	0
116	10	4.049019	756	15	0
116	8	4.682623	171	20	0
116	10	1.608380	547	19	0
116	12	1.847494	498	22	0
116	13	6.795832	535	20	0
116	13	9.641590	224	19	0
116	14	3.911437	540	17	0
116	14	6.427998	140	15	0
116	15	5.666783	477	20	0
116	16	3.510266	562	19	0
116	16	1.269330	168	17	0
116	16	6.193023	263	27	0
116	17	4.769732	396	18	0
116	16	4.394141	675	20	0
116	18	3.893162	412	22	0
116	17	4.923085	334	19	0
116	20	1.114684	492	15	0
116	21	0.326305	613	21	0
116	22	5.004187	376	0	2
119	1	2.000000	197	22	1
119	2	3.719592	281	16	0
119	3	6.660289	919	15	0
119	4	4.415619	388	17	0
119	6	0.561538	347	10	0
119	6	5.292863	237	23	0
119	8	3.418259	394	25	0
119	7	2.675176	756	25	0
119	8	3.915681	661	16	0
119	9	1.588594	545	16	0
119	10	5.685208	420	20	0
119	10	8.463224	176	14	0
119	10	4.611976	189	22	0
119	10	4.303136	221	17	0
119	12	0.686227	700	16	0
119	14	4.320364	526	19	0
119	14	6.371068	283	18	0
119	15	4.404198	390	29	0
119	14	5.337541	393	13	0
119	12	1.984481	530	19	0
119	13	3.205105	216	19	0
119	16	9.732842	183	18	0
119	16	6.743259	215	28	0
119	16	10.058557	140	19	0
119	17	2.605717	488	18	0
119	18	3.452545	410	12	0
119	17	2.004951	319	15	0
119	6	0.457889	274	14	0
119	20	1.929518	292	17	0
119	6	5.478153	304	23	0
119	20	1.173004	372	20	0
119	20	4.689501	157	24	0
119	22	0.113950	293	0	2
126	1	2.000000	210	23	1
126	5	1.153154	321	17	0
126	3	4.688541	470	16	0
126	6	1.577366	671	17	0
126	7	1.788916	588	19	0
126	9	0.716835	499	16	0
126	10	3.854059	418	23	0
126	12	0.255496	286	21	0
126	13	4.690431	216	23	0
126	14	2.448223	754	20	0
126	14	1.378554	170	18	0
126	17	1.356503	394	18	0
126	16	7.552958	484	21	0
126	16	8.132359	262	19	0
126	20	1.490371	221	22	0
126	19	2.973625	497	19	0
126	20	3.804345	454	17	0
126	23	0.979319	262	19	0
126	24	1.690954	258	0	2
129	1	2.000000	208	20	1
129	3	0.966266	267	30	0
129	4	3.263145	395	15	0
129	6	0.753812	314	25	0
129	7	3.199063	633	27	0
129	8	6.624537	209	25	0
129	9	3.541734	522	22	0
129	11	0.962337	434	22	0
129	13	4.760245	445	27	0
129	15	0.342127	159	22	0
129	15	4.045314	178	11	0
129	2	1.063757	218	23	0
129	13	3.428434	193	15	0
129	12	2.197708	474	15	0
129	18	0.861050	225	20	0
129	20	1.108938	222	12	0
129	19	2.898277	178	10	0
129	17	4.086179	559	17	0
129	16	5.606357	418	26	0
129	23	3.352689	251	9	0
129	24	4.543881	480	21	0
129	22	2.587980	614	0	2
132	1	2.000000	185	18	1
132	3	1.035383	257	21	0
132	4	2.081990	158	18	0
132	4	1.423037	172	25	0
132	4	4.927335	215	17	0
132	6	7.681650	941	20	0
132	8	4.331626	787	18	0
132	9	3.691057	520	14	0
132	10	4.091784	429	16	0
132	11	5.442685	511	16	0
132	13	4.080692	371	20	0
132	13	6.817177	231	21	0
132	14	4.940759	541	16	0
132	15	6.407062	241	15	0
132	16	9.976985	264	21	0
132	16	4.351006	137	19	0
132	16	3.440718	197	20	0
132	15	10.727016	176	17	0
132	16	4.738255	522	11	0
132	15	2.041698	181	12	0
132	13	1.688581	212	21	0
132	17	1.333424	276	21	0
132	19	3.146446	272	24	0
132	22	0.636964	257	19	0
132	22	4.746101	155	20	0
132	22	5.518095	174	36	0
132	20	2.965398	484	0	2
135	1	2.000000	153	10	1
135	2	3.279887	618	16	0
135	5	2.913708	436	17	0
135	6	6.405353	544	25	0
135	6	4.812923	197	11	0
135	6	7.917123	147	26	0
135	7	4.137579	556	13	0
135	10	1.181191	289	22	0
135	10	6.036831	214	15	0
135	11	3.862531	540	17	0
135	13	3.003407	394	16	0
135	14	1.595925	786	18	0
135	16	3.499208	358	22	0
135	16	1.334271	198	25	0
135	15	5.457808	245	23	0
135	16	4.125204	456	18	0
135	17	1.396771	392	25	0
135	19	1.964146	82	24	0
135	18	2.040634	374	24	0
135	20	3.521399	407	19	0
135	22	0.277130	408	0	2
142	1	2.000000	153	22	1
142	2	5.139379	655	14	0
142	4	4.051401	624	21	0
142	6	8.035947	551	25	0
142	7	4.287312	623	22	0
142	8	4.130859	273	15	0
142	10	0.923086	317	27	0
142	10	4.262432	146	18	0
142	11	1.819354	544	16	0
142	13	2.274059	762	16	0
142	13	4.599493	197	13	0
142	15	0.941090	340	16	0
142	15	6.927782	221	17	0
142	17	1.709291	761	19	0
142	18	2.332006	301	21	0
142	20	5.054291	360	21	0
142	20	2.808709	180	20	0
142	23	4.230315	337	28	0
142	20	3.969347	360	16	0
142	21	2.024536	338	0	2
145	1	2.000000	163	19	1
145	2	3.386314	477	26	0
145	2	2.513676	159	21	0
145	5	1.582508	271	20	0
145	6	6.731249	371	29	0
145	7	3.206518	367	21	0
145	8	7.175074	300	15	0
145	8	3.747009	231	19	0
145	10	1.783465	629	25	0
145	11	2.240251	533	15	0
145	12	0.118314	255	15	0
145	13	12.351544	285	13	0
145	15	0.409906	153	23	0
145	15	7.565694	259	15	0
145	15	8.321568	183	20	0
145	16	3.152620	523	21	0
145	16	1.275582	113	9	0
145	15	7.892386	275	18	0
145	17	8.812094	447	27	0
145	17	5.061158	278	12	0
145	9	0.756189	301	15	0
145	19	1.444015	248	24	0
145	11	0.149016	224	19	0
145	22	1.701774	246	25	0
145	10	0.104263	185	25	0
145	8	5.734229	300	17	0
145	6	6.449274	294	21	0
145	17	0.749429	181	28	0
145	17	5.744344	201	19	0
145	22	2.381362	284	15	0
145	23	4.342484	240	17	0
145	21	2.228829	429	0	2
148	1	2.000000	164	13	1
148	3	0.484092	360	21	0
148	4	2.204140	184	21	0
148	3	8.193548	239	28	0
148	6	6.413852	269	19	0
148	5	1.954533	689	24	0
148	8	0.107059	507	20	0
148	9	1.147287	664	21	0
148	12	0.377999	312	22	0
148	10	2.168953	466	17	0
148	10	4.888487	119	20	0
148	14	5.720299	924	24	0
148	15	4.989871	702	18	0
148	2	0.916397	292	22	0
148	10	3.237252	282	18	0
148	13	6.529155	274	16	0
148	15	9.096494	447	22	0
148	16	4.954537	403	21	0
148	16	7.013491	207	12	0
148	17	2.237026	647	16	0
148	17	4.917711	193	22	0
148	16	5.008492	311	14	0
148	16	6.941464	147	20	0
148	17	3.851450	423	17	0
148	18	1.877514	360	19	0
148	17	2.083769	277	21	0
148	19	6.687812	684	17	0
148	19	10.520364	124	25	0
148	20	2.059391	468	18	0
148	21	5.805719	539	0	2
151	1	2.000000	129	17	1
151	2	5.743482	422	13	0
151	4	2.986857	407	20	0
151	6	5.830581	229	17	0
151	6	3.492242	184	39	0
151	7	2.720113	470	14	0
151	6	8.417985	168	21	0
151	8	9.733384	157	27	0
151	10	0.663731	285	15	0
151	9	2.901102	203	18	0
151	12	3.650148	348	18	0
151	13	6.577280	346	16	0
151	12	2.097830	558	15	0
151	13	7.749503	325	25	0
151	13	4.624334	205	17	0
151	13	8.109880	258	11	0
151	14	4.510954	431	24	0
151	15	4.787713	380	20	0
151	16	4.459802	633	14	0
151	14	0.369659	222	21	0
151	9	0.962381	212	19	0
151	16	6.078461	261	16	0
151	19	5.179065	444	31	0
151	18	0.898713	519	22	0
151	19	9.251169	350	16	0
151	20	4.547572	368	23	0
151	21	3.912088	530	0	2
158	1	2.000000	178	18	1
158	2	3.830985	514	22	0
158	6	3.457011	254	27	0
158	5	2.688531	291	25	0
158	4	1.887218	459	20	0
158	6	3.354316	467	20	0
158	7	1.995283	776	29	0
158	7	5.953105	293	19	0
158	10	2.439201	253	19	0
158	8	5.668628	286	21	0
158	10	9.624629	353	21	0
158	11	4.737684	423	16	0
158	12	3.106715	628	25	0
158	14	3.526767	291	15	0
158	13	7.406485	230	18	0
158	17	5.099743	307	20	0
158	17	7.019922	315	19	0
158	5	1.392397	301	18	0
158	17	1.343230	276	21	0
158	16	4.549241	579	12	0
158	20	0.607819	204	18	0
158	20	4.999910	241	23	0
158	20	7.245249	158	17	0
158	20	3.356532	220	17	0
158	21	3.277013	427	25	0
158	22	5.793564	618	0	2
161	1	2.000000	207	24	1
161	1	0.055683	158	24	0
161	4	0.321814	308	24	0
161	6	1.212700	698	26	0
161	6	6.059130	144	16	0
161	7	4.185173	438	14	0
161	8	4.486050	392	19	0
161	10	0.354247	283	16	0
161	10	7.086972	170	19	0
161	10	7.785045	197	24	0
161	10	3.970598	141	21	0
161	11	3.616217	277	23	0
161	12	3.279274	453	18	0
161	15	1.901628	518	24	0
161	16	3.643623	368	17	0
161	19	3.186828	259	14	0
161	20	5.293725	430	19	0
161	10	1.417877	318	21	0
161	17	1.445033	204	21	0
161	17	4.838375	208	25	0
161	17	7.420099	217	13	0
161	17	3.398106	214	19	0
161	16	9.891218	238	17	0
161	17	3.967503	452	24	0
161	20	9.301338	332	15	0
161	22	7.523933	504	0	2
164	1	2.000000	125	18	1
164	2	2.622795	505	23	0
164	4	1.904077	485	18	0
164	4	1.841541	289	15	0
164	6	5.951845	349	18	0
164	4	1.447941	741	28	0
164	6	5.496661	393	16	0
164	5	3.037613	694	24	0
164	9	0.374987	384	17	0
164	11	4.426168	492	17	0
164	11	5.192799	178	24	0
164	9	3.552812	480	17	0
164	8	2.538144	312	21	0
164	10	3.520017	411	28	0
164	12	0.149098	507	23	0
164	15	0.412443	172	27	0
164	14	4.856186	813	28	0
164	13	5.307567	516	17	0
164	15	5.657996	188	29	0
164	17	3.184992	433	22	0
164	16	5.803553	708	27	0
164	16	1.678562	150	29	0
164	16	5.903548	149	28	0
164	16	2.058319	205	16	0
164	16	4.581618	124	18	0
164	1	1.884155	252	21	0
164	15	4.144807	175	26	0
164	13	4.516018	220	15	0
164	17	1.188996	209	17	0
164	19	0.844434	262	19	0
164	20	2.600595	366	16	0
164	22	1.093896	229	21	0
164	22	4.875116	240	0	2
