10	1	2.000000	159	26	1
10	2	4.011216	273	17	0
10	6	0.221343	258	20	0
10	7	1.605641	59	17	0
10	6	6.522138	202	17	0
10	7	4.885629	223	25	0
10	8	5.030377	176	14	0
10	9	3.060289	292	21	0
10	10	5.511454	256	15	0
10	13	2.056893	284	14	0
10	13	6.322940	294	27	0
10	15	5.866285	373	24	0
10	16	5.221926	136	20	0
10	17	5.302476	237	18	0
10	16	3.395975	485	30	0
10	18	2.975551	214	30	0
10	20	3.933837	200	19	0
10	23	4.970871	170	19	0
10	23	1.621760	242	0	2
13	1	2.000000	167	19	1
13	3	1.636196	452	15	0
13	7	2.390788	526	20	0
13	8	4.184998	343	20	0
13	10	0.389712	323	25	0
13	8	5.822065	224	25	0
13	12	3.602277	152	29	0
13	13	7.475688	117	21	0
13	15	3.493274	254	18	0
13	13	5.411201	205	15	0
13	17	2.453051	290	22	0
13	11	2.745856	228	18	0
13	20	0.144197	375	18	0
13	21	2.478962	170	13	0
13	22	1.640491	446	15	0
13	24	5.215226	454	0	2
16	1	2.000000	185	21	1
16	3	7.896336	210	23	0
16	5	2.220049	135	19	0
16	6	0.243250	519	24	0
16	7	2.463052	157	15	0
16	7	4.970269	204	20	0
16	6	6.820334	475	16	0
16	10	9.882384	273	26	0
16	5	1.834993	255	22	0
16	8	1.348114	129	25	0
16	13	6.691251	359	15	0
16	16	2.697549	182	22	0
16	15	7.485525	245	24	0
16	3	3.161584	608	24	0
16	18	1.956941	204	19	0
16	17	5.613464	597	16	0
16	20	3.865244	235	18	0
16	22	6.291371	144	26	0
16	22	3.085105	416	0	2
19	1	2.000000	228	23	1
19	2	1.389509	452	12	0
19	4	2.225687	267	17	0
19	6	5.780631	114	23	0
19	7	4.044126	358	27	0
19	9	0.309138	298	19	0
19	10	5.487401	280	16	0
19	8	4.253627	503	22	0
19	11	3.801726	135	25	0
19	11	0.612259	203	17	0
19	13	5.687668	248	22	0
19	15	3.456564	172	26	0
19	16	4.255912	225	21	0
19	9	0.357353	487	25	0
19	17	1.184399	448	17	0
19	19	0.316565	211	16	0
19	20	2.872282	351	14	0
19	23	0.128955	208	27	0
19	23	4.644341	238	0	2
26	1	2.000000	249	25	1
26	3	6.566055	113	22	0
26	4	1.783837	185	14	0
26	7	1.185902	251	18	0
26	8	2.895384	246	25	0
26	6	7.668239	132	25	0
26	9	2.395803	237	14	0
26	11	3.290550	258	17	0
26	13	6.228675	206	20	0
26	3	4.490575	268	20	0
26	9	1.443463	608	21	0
26	15	5.075897	183	24	0
26	16	3.514365	179	21	0
26	19	0.763336	309	15	0
26	21	1.381917	169	16	0
26	22	2.907202	114	21	0
26	23	0.069689	303	0	2
29	1	2.000000	183	22	1
29	2	3.609230	207	24	0
29	6	0.667450	450	17	0
29	7	1.217573	99	27	0
29	8	3.591137	232	21	0
29	9	3.730055	464	21	0
29	12	2.416652	164	15	0
29	13	1.170028	300	21	0
29	8	1.980199	180	19	0
29	15	8.249047	222	23	0
29	15	9.050455	447	15	0
29	18	2.791750	594	11	0
29	21	2.902458	300	16	0
29	23	1.951525	242	0	2
32	1	2.000000	186	18	1
32	2	2.957623	336	21	0
32	5	3.573061	211	20	0
32	7	1.440875	303	24	0
32	8	4.080136	296	17	0
32	9	2.636208	270	22	0
32	10	3.175252	429	19	0
32	14	8.224672	277	15	0
32	16	7.039096	115	16	0
32	15	1.092156	262	17	0
32	13	5.176539	165	34	0
32	16	5.875098	538	15	0
32	19	1.148336	219	22	0
32	19	4.973545	264	20	0
32	20	1.012420	155	20	0
32	21	3.719159	294	0	2
35	1	2.000000	166	23	1
35	3	0.941336	389	34	0
35	5	1.986928	202	15	0
35	7	4.768297	100	22	0
35	7	1.937595	249	16	0
35	8	6.149233	379	12	0
35	10	8.951080	278	20	0
35	12	3.289589	358	13	0
35	16	6.010874	291	23	0
35	15	3.768751	133	19	0
35	10	6.737167	194	17	0
35	17	3.015925	234	18	0
35	19	3.852940	183	12	0
35	20	1.813394	242	16	0
35	22	5.834748	255	0	2
42	1	2.000000	157	17	1
42	2	6.320149	271	22	0
42	6	0.723590	304	23	0
42	7	1.585984	142	21	0
42	6	6.680408	371	19	0
42	8	3.632322	194	25	0
42	9	2.386628	271	23	0
42	11	4.269472	279	19	0
42	13	10.524478	539	16	0
42	18	7.168021	244	21	0
42	17	3.951379	261	19	0
42	17	4.152701	246	24	0
42	20	4.620420	167	13	0
42	22	2.724894	330	0	2
45	1	2.000000	241	18	1
45	2	5.944287	118	20	0
45	6	2.841612	239	15	0
45	7	4.035614	230	24	0
45	8	5.898953	165	18	0
45	10	4.894038	122	15	0
45	10	5.914751	289	20	0
45	8	3.182308	209	18	0
45	14	2.960160	702	20	0
45	17	0.652007	315	18	0
45	3	3.932317	383	20	0
45	18	0.649327	275	25	0
45	20	6.067056	144	23	0
45	21	2.860505	197	13	0
45	23	4.745258	320	0	2
48	1	2.000000	248	25	1
48	3	9.148372	289	20	0
48	6	5.532974	84	14	0
48	7	4.971994	251	19	0
48	6	3.234249	497	15	0
48	9	0.060770	109	11	0
48	10	5.694600	323	27	0
48	8	2.109260	138	14	0
48	11	3.749384	260	19	0
48	13	8.145412	113	19	0
48	14	4.674794	352	11	0
48	18	1.402043	401	21	0
48	16	6.067138	146	21	0
48	10	3.199613	258	24	0
48	19	2.616601	230	16	0
48	22	0.587906	241	27	0
48	22	5.319303	169	0	2
51	1	2.000000	229	29	1
51	3	4.660978	104	22	0
51	4	3.202449	249	15	0
51	6	4.276778	150	22	0
51	8	3.007879	383	21	0
51	11	1.981074	241	15	0
51	8	3.123502	201	32	0
51	14	1.141991	341	21	0
51	15	4.330879	196	21	0
51	16	2.946147	264	18	0
51	15	8.247092	306	23	0
51	18	1.006639	115	13	0
51	19	3.856148	251	16	0
51	22	1.545518	71	23	0
51	22	4.919108	283	0	2
58	1	2.000000	148	16	1
58	2	0.899357	282	21	0
58	3	3.899754	269	17	0
58	4	4.254188	278	23	0
58	6	4.811038	231	13	0
58	7	3.832002	196	19	0
58	8	4.637226	201	20	0
58	9	0.538327	313	23	0
58	8	5.297350	255	16	0
58	10	3.024517	140	21	0
58	11	1.604808	209	17	0
58	14	0.296336	517	14	0
58	17	0.037827	245	11	0
58	18	4.272846	214	24	0
58	20	2.077291	357	23	0
58	23	0.222655	201	21	0
58	23	3.685754	339	0	2
61	1	2.000000	173	20	1
61	3	0.172388	211	17	0
61	4	4.511647	290	16	0
61	6	4.248607	290	18	0
61	6	1.432643	236	17	0
61	8	8.522633	221	16	0
61	11	0.187654	251	23	0
61	11	3.306354	209	22	0
61	13	7.016170	67	17	0
61	14	1.819688	297	14	0
61	14	3.778348	227	14	0
61	15	6.869354	299	14	0
61	16	2.322886	236	19	0
61	17	4.701845	265	19	0
61	20	1.926950	228	17	0
61	19	1.693315	120	17	0
61	22	1.977140	214	20	0
61	23	4.169068	240	0	2
64	1	2.000000	132	14	1
64	3	0.267693	217	16	0
64	4	3.402475	276	19	0
64	6	3.034911	104	17	0
64	7	2.892199	226	21	0
64	6	5.198538	339	24	0
64	9	1.233534	218	18	0
64	10	2.900891	311	17	0
64	8	5.482720	133	26	0
64	13	4.082517	232	19	0
64	13	1.795322	578	15	0
64	15	4.259787	148	22	0
64	16	5.085495	383	20	0
64	5	2.956472	295	17	0
64	19	6.302853	78	22	0
64	18	2.365629	132	24	0
64	21	0.643476	650	21	0
64	23	0.559947	125	20	0
64	23	3.290705	335	0	2
67	1	2.000000	182	21	1
67	3	0.776394	200	15	0
67	4	0.966981	398	15	0
67	7	1.948535	209	35	0
67	8	4.530702	237	16	0
67	10	3.716779	111	16	0
67	11	3.404195	210	19	0
67	8	3.163297	228	17	0
67	12	1.394755	160	19	0
67	13	6.540153	280	20	0
67	14	4.480827	159	13	0
67	15	3.476753	238	25	0
67	16	4.026120	215	21	0
67	17	1.085871	389	12	0
67	19	5.604286	173	21	0
67	20	2.189195	287	22	0
67	22	7.802267	126	0	2
74	1	2.000000	185	13	1
74	4	2.586609	387	20	0
74	6	3.014006	290	25	0
74	6	0.231950	309	28	0
74	8	2.415956	274	23	0
74	10	0.330142	569	17	0
74	11	2.736246	217	19	0
74	13	2.092035	93	26	0
74	13	7.906670	309	15	0
74	15	6.258669	186	23	0
74	16	6.065630	73	21	0
74	16	3.118931	194	17	0
74	17	0.128819	212	10	0
74	1	0.008949	280	17	0
74	17	4.116669	269	19	0
74	20	1.612873	462	17	0
74	23	5.919724	195	15	0
74	23	3.781803	199	0	2
77	1	2.000000	117	24	1
77	3	6.940417	151	21	0
77	3	1.393209	200	20	0
77	7	4.747870	336	27	0
77	8	3.998881	212	18	0
77	10	3.673203	228	21	0
77	13	0.366048	230	21	0
77	14	2.000970	336	24	0
77	17	0.403547	298	23	0
77	18	5.766544	263	18	0
77	10	0.838799	391	21	0
77	18	8.645803	266	20	0
77	20	8.494645	234	7	0
77	22	1.661474	432	0	2
80	1	2.000000	185	21	1
80	3	3.713470	129	13	0
80	4	2.853927	168	22	0
80	6	6.811266	150	24	0
80	7	3.753651	274	19	0
80	10	1.827448	217	25	0
80	8	3.187003	256	23	0
80	11	4.799610	222	13	0
80	14	0.129532	463	14	0
80	15	11.739965	230	22	0
80	17	1.918524	234	16	0
80	19	3.304521	139	23	0
80	20	2.115876	322	28	0
80	22	2.636733	167	13	0
80	23	8.437477	99	0	2
83	1	2.000000	200	20	1
83	3	3.948970	177	20	0
83	4	4.276394	382	23	0
83	6	6.068373	231	14	0
83	8	4.968248	227	12	0
83	6	5.189015	228	15	0
83	9	0.591288	307	12	0
83	11	3.906415	126	19	0
83	12	3.412001	296	26	0
83	14	1.346404	439	25	0
83	15	5.384347	202	12	0
83	15	4.445338	282	17	0
83	16	0.507879	104	32	0
83	17	3.853347	317	22	0
83	19	5.653898	185	23	0
83	22	0.771017	289	0	2
90	1	2.000000	222	21	1
90	4	0.134764	331	16	0
90	5	1.704579	171	21	0
90	6	4.811206	309	23	0
90	7	1.487980	185	20	0
90	8	4.473976	293	23	0
90	9	2.618110	199	18	0
90	8	4.946646	318	23	0
90	12	2.547048	849	27	0
90	14	3.189218	130	21	0
90	13	7.845094	412	16	0
90	16	5.731677	283	21	0
90	4	4.842029	429	22	0
90	20	5.122675	138	17	0
90	20	1.974499	237	16	0
90	23	2.935999	188	27	0
90	24	1.983636	232	0	2
93	1	2.000000	153	17	1
93	3	0.302393	204	17	0
93	3	6.813381	330	18	0
93	4	3.641429	85	20	0
93	5	3.995087	194	18	0
93	7	4.274892	284	17	0
93	7	2.063000	251	19	0
93	10	3.749574	284	16	0
93	10	4.551109	188	18	0
93	8	5.248811	199	26	0
93	13	7.198695	322	26	0
93	13	4.287158	190	15	0
93	16	5.897647	195	19	0
93	16	5.998581	244	18	0
93	11	1.708216	185	16	0
93	19	3.623974	459	14	0
93	22	3.139158	171	21	0
93	23	4.820802	291	0	2
96	1	2.000000	227	15	1
96	2	3.445687	152	18	0
96	5	0.561828	279	17	0
96	7	0.183966	165	24	0
96	8	3.958681	137	20	0
96	8	2.523159	265	24	0
96	9	3.353483	224	22	0
96	10	4.660347	152	13	0
96	12	0.378116	311	20	0
96	14	2.354016	204	17	0
96	14	0.424170	208	17	0
96	15	4.045490	296	24	0
96	16	3.079361	97	16	0
96	17	4.441275	434	25	0
96	19	4.389892	217	16	0
96	21	3.318337	185	22	0
96	23	4.191196	290	19	0
96	23	2.048407	640	0	2
99	1	2.000000	180	17	1
99	3	6.499003	310	23	0
99	6	9.587133	424	19	0
99	8	7.511331	338	22	0
99	11	1.450417	254	19	0
99	12	1.245682	223	24	0
99	13	4.053999	195	15	0
99	14	2.934632	201	15	0
99	15	4.273972	392	26	0
99	11	4.233815	256	26	0
99	19	2.691805	209	27	0
99	20	4.825311	272	25	0
99	22	5.531539	115	0	2
106	1	2.000000	149	22	1
106	3	2.893313	133	15	0
106	4	4.319414	181	27	0
106	6	2.288672	119	21	0
106	7	3.328296	244	20	0
106	6	4.878559	192	17	0
106	8	7.978612	383	14	0
106	8	5.555193	181	27	0
106	11	0.819698	187	18	0
106	12	2.150399	310	20	0
106	15	2.794131	199	28	0
106	15	5.833352	243	15	0
106	16	3.505753	221	13	0
106	17	5.426346	110	26	0
106	9	0.774616	1261	20	0
106	16	6.991620	273	21	0
106	18	0.823736	82	16	0
106	19	1.109832	223	17	0
106	20	3.164226	240	14	0
106	23	2.722664	222	18	0
106	23	5.219656	343	0	2
109	1	2.000000	228	11	1
109	3	4.611624	357	16	0
109	4	1.692132	165	16	0
109	6	7.034556	171	18	0
109	5	3.678205	343	17	0
109	7	4.914899	270	18	0
109	9	3.363260	223	22	0
109	7	1.500086	197	20	0
109	8	2.949647	312	21	0
109	12	0.553512	180	17	0
109	13	1.511715	259	21	0
109	13	4.349218	218	22	0
109	16	0.296896	274	19	0
109	16	6.022780	257	16	0
109	17	4.741684	187	24	0
109	14	1.710709	182	17	0
109	18	1.857078	301	16	0
109	19	6.820306	111	19	0
109	20	4.903567	256	16	0
109	22	2.413161	163	26	0
109	23	4.270916	126	0	2
112	1	2.000000	155	19	1
112	2	1.024227	298	16	0
112	4	3.946575	201	21	0
112	6	6.135902	192	20	0
112	7	3.536812	311	14	0
112	8	7.817427	239	26	0
112	9	2.210838	261	25	0
112	8	6.979709	173	26	0
112	10	1.406144	279	22	0
112	11	0.848813	211	20	0
112	13	4.775581	269	16	0
112	14	3.690570	267	15	0
112	15	4.042859	172	21	0
112	16	5.447058	191	18	0
112	16	3.251102	243	17	0
112	6	9.759225	102	24	0
112	19	1.039916	221	15	0
112	19	5.369731	200	18	0
112	22	2.275061	369	0	2
115	1	2.000000	168	21	1
115	3	0.704782	586	16	0
115	6	3.932837	192	21	0
115	5	2.230890	233	30	0
115	6	4.278532	167	21	0
115	10	0.505012	169	16	0
115	7	4.777352	323	18	0
115	13	7.405467	146	22	0
115	13	4.522309	209	24	0
115	15	2.402579	162	18	0
115	15	1.017969	203	26	0
115	16	1.760843	324	21	0
115	17	3.091615	269	15	0
115	20	4.438573	196	11	0
115	20	6.164761	264	20	0
115	22	3.524455	176	0	2
122	1	2.000000	177	21	1
122	3	0.511587	474	19	0
122	4	2.483585	154	25	0
122	5	3.182887	218	16	0
122	6	4.989813	241	19	0
122	7	4.023385	154	17	0
122	8	4.940268	321	27	0
122	10	3.261159	151	28	0
122	11	3.971529	321	22	0
122	11	2.488820	211	19	0
122	14	0.365655	191	19	0
122	16	4.981888	166	30	0
122	4	2.793980	384	22	0
122	16	6.038989	222	18	0
122	17	5.210060	178	21	0
122	20	0.058987	170	19	0
122	19	1.842714	314	16	0
122	21	5.806165	147	22	0
122	21	2.637372	255	17	0
122	23	5.169234	164	0	2
125	1	2.000000	152	22	1
125	3	0.537384	399	11	0
125	5	0.297505	291	28	0
125	6	4.338813	197	28	0
125	8	1.816901	261	16	0
125	8	5.622728	299	13	0
125	10	4.779781	189	20	0
125	11	4.179720	216	14	0
125	8	6.409248	139	17	0
125	15	2.571574	182	20	0
125	14	2.496259	347	22	0
125	16	3.619205	129	21	0
125	16	6.236083	342	26	0
125	17	4.565295	234	17	0
125	18	3.355597	142	15	0
125	21	0.703019	289	22	0
125	21	5.004123	329	20	0
125	24	2.404405	284	0	2
128	1	2.000000	136	19	1
128	2	1.254549	288	20	0
128	5	1.307245	510	17	0
128	7	5.637933	112	13	0
128	8	6.540150	171	24	0
128	8	6.901209	221	23	0
128	11	0.062699	346	22	0
128	1	1.334894	232	32	0
128	13	6.486317	220	15	0
128	15	5.564494	182	14	0
128	16	4.766170	122	20	0
128	17	1.988791	242	18	0
128	20	2.041612	254	21	0
128	22	2.837206	166	24	0
128	23	6.609473	231	0	2
131	1	2.000000	235	23	1
131	3	4.768584	137	15	0
131	4	2.652223	292	19	0
131	7	0.869688	243	10	0
131	8	4.164903	209	14	0
131	10	2.472537	310	15	0
131	9	2.786220	427	25	0
131	11	1.112170	231	18	0
131	13	4.727980	180	18	0
131	13	2.126069	295	14	0
131	15	10.631635	161	19	0
131	16	7.049468	151	19	0
131	16	7.800126	423	25	0
131	20	2.100410	203	19	0
131	19	5.716300	259	21	0
131	22	5.454662	208	25	0
131	22	2.157808	217	0	2
138	1	2.000000	195	23	1
138	4	0.525897	319	16	0
138	7	0.715204	219	21	0
138	7	5.043737	286	17	0
138	10	4.989024	325	14	0
138	8	1.289840	267	23	0
138	13	8.047569	210	24	0
138	15	2.045545	312	24	0
138	16	2.586059	229	19	0
138	17	1.057489	155	19	0
138	18	1.943212	169	23	0
138	22	0.188623	643	0	2
141	1	2.000000	272	20	1
141	2	3.001130	151	24	0
141	4	1.946974	150	19	0
141	6	8.500065	78	16	0
141	6	5.060240	206	11	0
141	6	2.638560	268	16	0
141	8	4.848005	177	25	0
141	10	1.114978	255	18	0
141	11	0.417940	580	15	0
141	13	0.530370	166	21	0
141	13	5.753454	198	19	0
141	14	1.787359	173	17	0
141	15	5.025855	149	23	0
141	16	8.389665	516	17	0
141	2	0.553511	1135	16	0
141	20	4.368781	241	19	0
141	20	6.691911	196	22	0
141	23	4.035330	181	24	0
141	23	6.118443	562	0	2
144	1	2.000000	151	20	1
144	2	3.444761	296	17	0
144	5	0.913761	230	24	0
144	6	5.537907	285	19	0
144	7	3.747884	197	28	0
144	6	5.570289	159	28	0
144	8	9.741660	280	23	0
144	11	1.249630	180	28	0
144	5	2.647802	449	25	0
144	11	2.076005	516	18	0
144	13	6.273327	180	19	0
144	14	7.096295	153	19	0
144	15	6.656402	243	16	0
144	5	0.845796	425	16	0
144	15	5.025887	470	15	0
144	18	2.245768	322	18	0
144	21	1.970190	383	28	0
144	22	5.402251	113	0	2
147	1	2.000000	135	18	1
147	3	0.315539	255	18	0
147	4	2.091801	113	17	0
147	6	6.768271	304	15	0
147	8	3.299920	135	19	0
147	8	5.868978	145	21	0
147	10	2.315505	395	26	0
147	12	2.412151	191	22	0
147	13	4.343451	100	18	0
147	14	5.589950	294	11	0
147	15	6.627870	370	28	0
147	16	3.826799	175	23	0
147	8	8.757602	370	18	0
147	19	2.262782	335	23	0
147	19	8.756625	231	27	0
147	21	6.111794	267	0	2
154	1	2.000000	143	25	1
154	2	6.217195	164	15	0
154	4	4.082462	221	12	0
154	6	4.471375	193	19	0
154	8	6.289581	317	27	0
154	6	3.341650	269	12	0
154	10	2.391935	157	17	0
154	11	4.803287	223	13	0
154	10	2.766683	293	26	0
154	14	3.514342	211	11	0
154	14	0.126793	150	32	0
154	19	1.501182	488	23	0
154	2	6.038901	427	22	0
154	13	3.906439	177	22	0
154	15	6.228181	351	20	0
154	21	3.438472	287	19	0
154	23	3.470753	236	0	2
157	1	2.000000	230	22	1
157	2	3.565573	200	21	0
157	3	5.757490	205	13	0
157	5	0.977121	319	17	0
157	6	6.924867	152	16	0
157	7	2.162276	184	18	0
157	8	5.618558	307	20	0
157	10	5.511775	112	19	0
157	11	3.698643	260	18	0
157	13	5.283931	168	22	0
157	14	3.725968	215	20	0
157	17	3.619339	125	18	0
157	17	6.067802	456	26	0
157	20	2.285137	121	27	0
157	20	4.849400	164	15	0
157	21	3.199564	365	0	2
160	1	2.000000	195	22	1
160	3	0.997368	598	26	0
160	6	0.010586	187	21	0
160	6	3.263514	194	18	0
160	7	3.087315	238	18	0
160	8	4.073999	383	20	0
160	10	6.404626	387	16	0
160	13	0.133977	507	17	0
160	13	3.909009	283	14	0
160	14	5.895045	112	23	0
160	15	4.655775	246	20	0
160	15	6.936873	388	15	0
160	16	3.939685	230	20	0
160	18	3.358135	227	14	0
160	19	6.223540	173	19	0
160	19	2.706621	248	15	0
160	21	1.632868	276	0	2
163	1	2.000000	193	22	1
163	3	3.303834	251	13	0
163	6	6.732989	292	17	0
163	6	4.298173	191	23	0
163	9	2.380822	220	25	0
163	10	3.249885	203	23	0
163	8	1.277919	116	13	0
163	9	0.356968	218	18	0
163	13	4.154248	220	16	0
163	13	1.890601	187	22	0
163	16	4.209622	286	23	0
163	6	3.540633	190	20	0
163	19	1.297380	322	27	0
163	20	2.614295	110	23	0
163	22	2.199185	433	0	2
