8	1	2.000000	182	22	1
8	3	3.918070	156	27	0
8	3	1.061207	122	28	0
8	5	1.406124	228	24	0
8	6	4.601762	213	15	0
8	7	4.480933	279	18	0
8	8	4.538058	429	20	0
8	6	5.646189	221	22	0
8	10	4.798618	74	27	0
8	10	7.687296	110	20	0
8	10	3.922036	162	11	0
8	9	0.100326	216	31	0
8	8	4.698089	221	25	0
8	11	2.810158	194	29	0
8	12	2.817250	210	15	0
8	13	5.398903	300	17	0
8	14	5.190618	207	17	0
8	15	6.879891	62	20	0
8	15	4.053319	111	17	0
8	17	0.387775	352	18	0
8	7	3.735777	582	26	0
8	6	2.579245	182	23	0
8	18	3.795537	131	20	0
8	17	3.242998	140	16	0
8	19	2.832450	186	23	0
8	20	2.456870	176	32	0
8	21	2.749011	185	20	0
8	22	4.065924	185	0	2
11	1	2.000000	181	20	1
11	3	1.939601	129	18	0
11	4	4.718446	142	20	0
11	6	6.533351	218	17	0
11	7	4.409177	257	17	0
11	6	4.722464	235	25	0
11	8	4.271446	159	16	0
11	9	2.681597	209	23	0
11	10	4.101834	133	17	0
11	8	5.929488	227	21	0
11	8	6.839106	96	22	0
11	6	5.227474	299	22	0
11	14	4.454593	227	17	0
11	13	1.711846	292	20	0
11	14	5.585073	199	21	0
11	15	2.564830	111	24	0
11	16	4.422995	221	22	0
11	16	3.845028	149	20	0
11	16	6.144709	119	19	0
11	16	9.539532	77	20	0
11	6	5.613707	306	14	0
11	14	10.948982	413	18	0
11	18	2.502998	179	16	0
11	19	5.175050	204	24	0
11	21	0.168900	534	18	0
11	23	6.912527	102	18	0
11	23	3.812612	100	0	2
18	1	2.000000	173	15	1
18	2	3.587225	214	12	0
18	4	1.403150	200	12	0
18	6	1.555045	223	21	0
18	6	4.818042	194	20	0
18	6	2.449724	160	20	0
18	7	1.307249	95	20	0
18	8	0.094980	247	13	0
18	6	6.437034	175	16	0
18	6	3.567588	142	18	0
18	7	1.831297	326	17	0
18	9	2.063468	75	24	0
18	9	0.366636	102	30	0
18	10	5.866124	292	17	0
18	10	4.560613	98	16	0
18	4	4.082023	417	15	0
18	2	2.076041	152	20	0
18	7	4.201573	220	21	0
18	13	5.881124	202	17	0
18	14	3.452445	184	22	0
18	3	2.888262	827	18	0
18	9	1.764362	211	13	0
18	11	4.385251	262	21	0
18	16	4.039319	227	17	0
18	17	1.448198	279	17	0
18	6	9.903484	144	14	0
18	21	1.395950	187	17	0
18	16	5.403262	198	14	0
18	23	1.850788	266	27	0
18	15	4.564588	241	15	0
18	17	4.252199	222	13	0
18	19	3.082041	75	0	2
21	1	2.000000	197	17	1
21	3	0.212231	284	18	0
21	3	4.755995	90	22	0
21	5	2.532369	289	24	0
21	6	5.478890	78	22	0
21	7	3.890949	133	17	0
21	7	5.554501	107	13	0
21	8	5.073123	361	16	0
21	9	3.117880	112	23	0
21	10	7.386555	211	21	0
21	10	3.310047	88	20	0
21	8	6.506282	383	35	0
21	8	3.195598	154	17	0
21	10	1.322925	227	16	0
21	10	10.868601	241	15	0
21	12	2.965163	241	19	0
21	13	5.280450	249	19	0
21	13	1.388160	109	22	0
21	14	3.265869	299	16	0
21	13	4.532912	154	30	0
21	13	6.318725	103	23	0
21	16	6.788990	166	24	0
21	18	7.982916	216	13	0
21	17	5.000699	149	14	0
21	19	1.808886	577	22	0
21	17	5.045255	149	26	0
21	10	9.797505	434	17	0
21	18	7.491313	217	20	0
21	21	1.436311	271	21	0
21	24	0.657701	218	0	2
24	1	2.000000	452	18	1
24	4	4.835568	238	20	0
24	3	6.010284	216	21	0
24	7	3.544273	180	17	0
24	6	5.800991	286	29	0
24	9	2.766521	478	22	0
24	8	4.048904	107	25	0
24	8	2.450067	70	15	0
24	10	0.414631	365	22	0
24	12	2.944969	132	19	0
24	11	4.615031	203	18	0
24	14	0.981843	256	21	0
24	15	3.496187	156	15	0
24	15	6.590783	169	25	0
24	16	2.701995	132	14	0
24	15	7.805405	223	20	0
24	16	3.215794	253	27	0
24	13	10.032294	374	20	0
24	17	2.306965	285	24	0
24	18	3.435009	125	16	0
24	19	3.640037	97	13	0
24	21	0.876583	181	26	0
24	22	4.355151	286	0	2
27	1	2.000000	224	18	1
27	5	0.281656	170	19	0
27	5	0.145944	111	21	0
27	6	4.160173	234	14	0
27	7	3.089031	250	16	0
27	6	3.471418	185	19	0
27	6	6.232985	168	13	0
27	5	0.401848	947	21	0
27	8	2.900812	169	19	0
27	10	0.746276	201	20	0
27	7	0.155770	362	23	0
27	2	2.015460	651	19	0
27	11	2.634663	133	24	0
27	11	5.268466	151	28	0
27	14	6.508373	208	17	0
27	15	6.075897	115	25	0
27	4	0.027929	241	17	0
27	13	7.083260	164	26	0
27	13	9.087103	144	18	0
27	16	5.097992	289	19	0
27	11	2.237313	230	21	0
27	16	0.675468	383	9	0
27	8	2.536394	183	20	0
27	16	0.096689	226	18	0
27	17	2.399099	236	11	0
27	19	2.763667	307	15	0
27	21	1.010914	185	22	0
27	22	5.277148	146	0	2
34	1	2.000000	202	15	1
34	6	1.163454	287	13	0
34	4	1.803408	136	22	0
34	3	2.877988	435	30	0
34	6	8.048171	269	18	0
34	7	4.550960	252	14	0
34	6	5.317322	245	18	0
34	8	5.511525	207	23	0
34	10	3.746317	199	17	0
34	6	7.884891	143	20	0
34	6	4.120036	161	21	0
34	11	3.554131	420	26	0
34	8	5.369564	165	27	0
34	13	2.234179	365	17	0
34	13	1.440067	190	13	0
34	14	1.294583	307	25	0
34	15	6.156794	128	14	0
34	15	7.009128	155	22	0
34	3	2.485165	164	28	0
34	13	4.272935	438	18	0
34	17	0.105940	549	16	0
34	5	1.757574	513	14	0
34	6	5.134751	254	21	0
34	19	3.563961	682	25	0
34	20	7.834350	196	14	0
34	21	1.040840	343	17	0
34	22	2.967739	219	13	0
34	23	5.050409	253	0	2
37	1	2.000000	174	13	1
37	2	3.668201	130	13	0
37	3	4.588360	255	19	0
37	4	4.111814	124	18	0
37	6	2.318515	239	19	0
37	7	4.270356	150	21	0
37	6	2.608747	222	16	0
37	10	0.964843	201	23	0
37	9	2.713288	123	17	0
37	10	5.087550	360	21	0
37	8	5.536302	129	29	0
37	13	3.989533	159	14	0
37	14	0.580574	211	16	0
37	15	4.841341	172	21	0
37	16	4.930379	78	10	0
37	17	4.901428	244	22	0
37	17	2.208352	142	15	0
37	1	2.830153	202	22	0
37	16	4.142821	229	13	0
37	3	3.249724	267	25	0
37	10	7.451833	266	17	0
37	11	4.720541	237	27	0
37	20	2.100643	247	17	0
37	23	5.877909	316	21	0
37	21	2.159077	68	18	0
37	21	0.098415	112	0	2
40	1	2.000000	180	20	1
40	3	2.627780	179	23	0
40	6	7.114767	220	22	0
40	7	4.499876	316	17	0
40	6	6.049277	64	23	0
40	6	6.896688	167	20	0
40	6	7.473132	148	14	0
40	6	3.603815	104	18	0
40	5	0.981348	218	18	0
40	8	6.281644	361	18	0
40	9	3.196508	207	27	0
40	11	0.157579	251	25	0
40	8	3.933343	263	23	0
40	10	1.139863	140	19	0
40	11	4.049250	141	17	0
40	13	0.436932	220	24	0
40	13	5.849284	142	19	0
40	15	6.731920	204	26	0
40	14	4.873817	239	24	0
40	16	1.921989	271	19	0
40	4	2.323444	256	20	0
40	21	3.840284	220	22	0
40	22	5.881001	291	20	0
40	5	0.698610	501	14	0
40	14	9.077400	489	14	0
40	17	2.075753	243	25	0
40	18	0.567818	420	19	0
40	19	3.573473	220	0	2
43	1	2.000000	396	23	1
43	3	3.804190	63	15	0
43	3	1.102261	162	19	0
43	4	3.067242	53	20	0
43	4	0.272924	129	20	0
43	6	3.950163	182	17	0
43	8	4.922147	279	19	0
43	8	2.465713	140	16	0
43	6	2.878368	215	22	0
43	6	5.966250	134	16	0
43	10	1.124627	125	17	0
43	6	6.161112	164	29	0
43	6	3.687496	91	22	0
43	6	6.501358	127	19	0
43	10	2.556053	342	31	0
43	9	3.139007	289	22	0
43	12	3.405872	116	19	0
43	13	5.972192	193	15	0
43	14	2.837505	141	24	0
43	15	1.998510	441	21	0
43	16	3.540644	143	19	0
43	16	6.584943	110	25	0
43	11	4.643404	253	20	0
43	17	0.961585	164	20	0
43	11	3.580339	399	17	0
43	20	1.188873	344	16	0
43	22	0.768291	391	0	2
50	1	2.000000	145	20	1
50	1	0.548088	127	27	0
50	3	5.686391	245	21	0
50	3	2.733251	129	19	0
50	6	1.298393	261	21	0
50	6	4.330861	109	16	0
50	7	2.353520	203	15	0
50	6	5.608463	153	13	0
50	6	0.852976	86	19	0
50	6	5.669786	78	25	0
50	8	0.500050	245	21	0
50	8	4.819780	109	28	0
50	10	4.142785	208	14	0
50	11	2.585053	248	22	0
50	9	2.112383	229	11	0
50	8	4.385002	212	27	0
50	13	0.539802	409	18	0
50	14	2.461606	144	23	0
50	14	3.940943	110	26	0
50	15	8.184231	369	29	0
50	14	2.195317	214	23	0
50	13	4.621377	203	21	0
50	19	2.736846	182	13	0
50	20	5.656748	229	21	0
50	8	6.095268	264	18	0
50	18	1.698136	444	21	0
50	3	8.964695	353	23	0
50	6	3.805919	148	23	0
50	23	2.437247	298	0	2
53	1	2.000000	172	22	1
53	4	2.448703	190	16	0
53	3	2.600952	159	14	0
53	5	3.152279	137	23	0
53	6	6.267004	132	20	0
53	7	4.557555	273	17	0
53	6	4.571592	192	21	0
53	9	1.326649	304	26	0
53	10	5.387290	133	17	0
53	10	1.984548	156	23	0
53	2	2.994034	615	23	0
53	14	2.633423	133	15	0
53	13	4.283839	276	17	0
53	17	0.867651	361	23	0
53	14	3.059826	330	16	0
53	11	0.384543	332	15	0
53	17	0.104089	166	15	0
53	18	3.731816	131	19	0
53	19	2.897496	447	21	0
53	21	2.907910	100	13	0
53	21	0.500787	97	11	0
53	22	3.180516	392	0	2
56	1	2.000000	212	19	1
56	5	0.782954	303	21	0
56	6	5.987428	111	16	0
56	3	6.601655	226	19	0
56	8	1.792020	219	17	0
56	6	3.756852	110	24	0
56	6	5.216718	140	23	0
56	7	4.244169	83	26	0
56	8	4.616492	149	33	0
56	9	2.409907	258	16	0
56	10	5.771807	203	24	0
56	8	6.399106	191	22	0
56	10	4.382210	104	18	0
56	10	4.276858	74	21	0
56	11	3.364279	244	23	0
56	13	0.520144	276	16	0
56	14	3.236038	131	23	0
56	14	0.767478	106	24	0
56	14	5.633569	115	18	0
56	15	3.945331	495	15	0
56	16	3.903646	203	21	0
56	6	8.732761	325	24	0
56	17	3.801275	393	17	0
56	19	5.928171	226	17	0
56	21	3.429292	119	20	0
56	22	4.241127	93	22	0
56	22	4.960821	148	0	2
59	1	2.000000	135	14	1
59	2	3.002767	190	15	0
59	3	4.733876	269	17	0
59	6	6.677384	198	15	0
59	7	4.122347	404	18	0
59	8	4.836056	270	22	0
59	6	0.148767	218	20	0
59	10	0.729216	329	18	0
59	10	5.505690	137	13	0
59	10	7.053832	108	18	0
59	8	3.677140	308	20	0
59	11	2.773175	738	16	0
59	13	8.807177	141	11	0
59	13	4.886262	130	18	0
59	15	5.473914	232	17	0
59	16	5.043127	139	15	0
59	17	2.624726	853	16	0
59	9	2.515055	215	14	0
59	14	4.466099	116	18	0
59	18	1.732928	216	24	0
59	19	5.407377	168	22	0
59	21	2.312997	312	27	0
59	22	4.922579	165	0	2
66	1	2.000000	268	15	1
66	5	0.444109	193	15	0
66	3	2.152049	424	26	0
66	6	7.027470	216	23	0
66	7	3.637119	175	20	0
66	8	4.084412	248	18	0
66	10	1.054860	215	16	0
66	10	0.710117	103	25	0
66	8	5.537298	258	18	0
66	13	2.712116	278	13	0
66	15	0.452827	158	14	0
66	14	2.623547	225	22	0
66	16	0.394800	226	11	0
66	13	5.258198	160	25	0
66	17	0.571936	309	17	0
66	17	5.786476	141	17	0
66	14	2.601062	189	15	0
66	13	4.058934	286	13	0
66	16	5.695968	249	12	0
66	9	2.805634	212	23	0
66	18	1.851460	218	27	0
66	20	7.517096	92	22	0
66	21	2.416709	161	24	0
66	24	3.928481	314	11	0
66	23	4.002545	339	0	2
69	1	2.000000	168	16	1
69	3	6.476232	310	19	0
69	4	1.465025	256	13	0
69	5	2.037988	159	26	0
69	6	4.607448	128	15	0
69	7	1.958532	336	20	0
69	6	4.711401	80	18	0
69	6	3.440671	118	19	0
69	8	6.201590	281	14	0
69	10	1.564526	214	14	0
69	8	6.411494	118	21	0
69	8	2.735318	112	28	0
69	8	5.672097	104	17	0
69	11	1.752073	358	12	0
69	13	5.344788	117	20	0
69	14	2.984029	163	21	0
69	15	6.086227	347	12	0
69	16	5.360252	259	18	0
69	7	5.109514	335	27	0
69	16	2.347027	241	16	0
69	17	3.358425	144	21	0
69	18	3.042630	286	17	0
69	18	0.535973	152	16	0
69	11	2.115860	547	15	0
69	16	8.724247	345	26	0
69	19	1.482578	82	21	0
69	18	4.573606	382	23	0
69	20	3.253533	120	18	0
69	19	2.321960	162	17	0
69	22	1.997850	317	21	0
69	23	5.709318	206	0	2
72	1	2.000000	145	21	1
72	3	0.614091	715	23	0
72	7	2.444662	162	19	0
72	8	0.000779	328	19	0
72	6	3.830002	114	21	0
72	6	1.150910	177	18	0
72	8	4.725116	310	17	0
72	10	0.053227	256	19	0
72	6	1.633727	114	24	0
72	11	1.614358	296	23	0
72	10	4.232665	178	16	0
72	8	4.362259	100	25	0
72	8	1.636889	99	19	0
72	13	8.301390	286	14	0
72	14	3.715809	154	20	0
72	16	4.870887	525	17	0
72	17	4.119317	100	16	0
72	15	4.655743	287	21	0
72	7	0.176335	818	17	0
72	15	6.451929	240	13	0
72	18	2.125843	210	27	0
72	21	3.944298	210	18	0
72	22	4.397193	272	0	2
75	1	2.000000	161	22	1
75	3	4.123066	217	22	0
75	3	7.324388	146	20	0
75	4	4.713170	233	35	0
75	6	2.696828	233	16	0
75	8	0.488699	270	20	0
75	7	4.529373	101	12	0
75	8	4.246826	182	13	0
75	6	3.855805	177	26	0
75	11	3.753070	162	15	0
75	10	3.598100	209	16	0
75	6	0.266378	107	14	0
75	13	6.967384	195	18	0
75	8	1.900783	132	21	0
75	8	5.283012	129	26	0
75	13	7.076318	355	19	0
75	15	5.631861	265	19	0
75	16	3.956430	153	31	0
75	16	0.852880	133	19	0
75	17	7.369883	453	22	0
75	3	4.889678	426	16	0
75	18	3.880247	332	17	0
75	19	6.368815	91	12	0
75	20	1.769386	100	13	0
75	22	5.048758	246	0	2
82	1	2.000000	182	8	1
82	2	2.377604	504	22	0
82	5	2.625968	260	16	0
82	6	4.818555	227	19	0
82	7	3.861935	270	14	0
82	8	4.820669	124	23	0
82	8	1.502088	127	19	0
82	6	4.886513	245	14	0
82	11	1.367776	140	19	0
82	10	5.248025	243	18	0
82	10	6.896948	146	18	0
82	10	3.036971	109	24	0
82	1	2.330182	334	24	0
82	10	3.958791	260	19	0
82	13	6.504932	230	14	0
82	14	2.702001	218	14	0
82	12	2.860164	460	25	0
82	13	8.458762	156	15	0
82	16	8.085313	113	34	0
82	16	6.158903	158	23	0
82	17	4.622200	212	32	0
82	17	5.945277	125	21	0
82	16	3.928084	281	18	0
82	4	1.796456	198	20	0
82	7	0.663151	166	16	0
82	6	6.296432	321	19	0
82	20	1.773620	114	20	0
82	20	0.829307	283	21	0
82	20	4.153945	154	21	0
82	22	0.367900	193	21	0
82	23	3.754339	89	23	0
82	24	7.890069	141	0	2
85	1	2.000000	270	10	1
85	3	6.164224	42	20	0
85	3	6.561816	73	20	0
85	3	2.401346	139	14	0
85	6	1.448948	216	15	0
85	6	5.713660	107	20	0
85	6	6.220837	162	17	0
85	7	5.068433	200	14	0
85	7	0.962940	132	26	0
85	6	4.842750	242	22	0
85	8	0.413145	334	12	0
85	12	3.496741	197	16	0
85	13	4.554876	162	15	0
85	14	2.917256	382	17	0
85	13	4.520324	208	13	0
85	10	2.937604	104	28	0
85	9	2.288104	339	22	0
85	9	0.502547	122	16	0
85	10	3.229841	211	20	0
85	2	3.121028	209	17	0
85	8	4.862792	156	20	0
85	14	2.486691	233	26	0
85	5	1.313613	372	23	0
85	16	8.735917	382	16	0
85	8	6.606376	337	23	0
85	15	5.798436	251	21	0
85	8	2.134222	742	20	0
85	21	0.879544	210	20	0
85	19	3.863546	221	24	0
85	18	4.646229	216	22	0
85	23	6.440111	241	0	2
88	1	2.000000	189	17	1
88	4	0.396500	443	19	0
88	5	2.817227	199	19	0
88	6	5.068836	144	21	0
88	7	3.928783	176	22	0
88	7	5.383398	91	19	0
88	8	6.016582	234	26	0
88	9	3.691948	227	18	0
88	10	4.545464	215	18	0
88	8	6.900551	164	18	0
88	8	1.835310	105	20	0
88	10	5.830331	359	18	0
88	12	1.849634	107	22	0
88	13	3.326215	252	19	0
88	14	4.563426	354	21	0
88	15	5.555101	220	15	0
88	16	5.491569	176	21	0
88	16	6.122886	116	13	0
88	16	2.743213	118	17	0
88	1	0.581057	419	17	0
88	20	0.604560	307	20	0
88	17	1.113931	183	21	0
88	18	3.820143	207	20	0
88	23	3.797222	440	0	2
91	1	2.000000	159	19	1
91	3	0.525569	260	15	0
91	4	2.619439	121	24	0
91	6	2.749450	144	30	0
91	6	2.190569	141	25	0
91	8	10.754211	238	20	0
91	9	3.072009	244	24	0
91	3	2.820344	293	26	0
91	10	0.606810	174	21	0
91	8	7.259057	229	12	0
91	6	5.538805	220	18	0
91	7	4.366830	207	22	0
91	6	4.987629	106	20	0
91	7	4.606263	230	19	0
91	8	5.962533	368	25	0
91	6	4.866255	278	18	0
91	10	2.355924	96	13	0
91	12	1.652470	122	12	0
91	11	1.600824	277	12	0
91	15	7.349471	147	18	0
91	15	8.135686	103	18	0
91	16	2.632076	377	17	0
91	17	0.587008	255	17	0
91	19	0.400546	277	15	0
91	7	2.462162	233	23	0
91	14	6.104340	135	19	0
91	15	4.336078	142	18	0
91	19	1.586420	138	19	0
91	19	1.260728	134	27	0
91	20	2.070667	253	24	0
91	22	4.758579	187	17	0
91	22	1.790823	131	0	2
98	1	2.000000	255	21	1
98	4	1.251893	63	11	0
98	3	4.087389	286	18	0
98	5	2.017489	157	18	0
98	6	3.953513	79	13	0
98	5	2.621939	203	17	0
98	7	3.877024	180	12	0
98	8	5.353757	201	29	0
98	7	0.478711	474	19	0
98	8	3.216295	121	28	0
98	9	3.499251	127	28	0
98	8	4.855672	177	19	0
98	10	0.181431	169	21	0
98	3	0.127469	182	24	0
98	11	2.380923	206	15	0
98	8	3.629012	133	17	0
98	12	0.623013	314	26	0
98	13	3.632070	207	17	0
98	14	3.300597	232	16	0
98	7	4.144082	244	16	0
98	13	5.261658	234	20	0
98	16	3.819196	210	38	0
98	16	8.397684	125	19	0
98	16	5.883893	124	25	0
98	17	2.757331	113	23	0
98	17	5.239738	99	20	0
98	17	1.408146	84	13	0
98	2	3.336729	431	24	0
98	5	3.573230	258	24	0
98	18	2.662249	181	15	0
98	19	3.870015	222	16	0
98	20	3.968081	166	22	0
98	21	5.988059	308	22	0
98	22	2.806279	159	27	0
98	23	3.975265	143	17	0
98	24	3.370325	320	0	2
101	1	2.000000	160	26	1
101	4	1.976380	172	17	0
101	6	0.448659	216	28	0
101	3	5.767331	171	21	0
101	8	5.855379	330	30	0
101	7	4.505856	90	23	0
101	7	0.400332	112	20	0
101	6	4.826798	244	17	0
101	6	6.359558	95	20	0
101	8	2.026488	462	13	0
101	10	4.710568	157	20	0
101	8	5.187039	209	17	0
101	10	2.501956	162	13	0
101	8	5.398064	262	21	0
101	11	3.455805	183	22	0
101	13	4.505155	255	18	0
101	14	2.805829	199	19	0
101	14	0.314503	135	15	0
101	15	6.746393	172	14	0
101	13	2.951117	285	25	0
101	15	5.894229	180	23	0
101	17	1.905849	188	25	0
101	16	5.270702	191	23	0
101	15	2.763609	499	22	0
101	3	6.895231	190	17	0
101	15	11.298602	373	21	0
101	17	4.323196	273	17	0
101	20	4.776410	152	29	0
101	20	1.767961	105	20	0
101	22	0.490715	415	13	0
101	23	5.443351	194	0	2
104	1	2.000000	148	26	1
104	1	0.797803	148	25	0
104	2	2.304935	295	15	0
104	3	3.138071	222	21	0
104	6	1.629924	206	15	0
104	6	6.851318	118	18	0
104	8	9.982322	232	19	0
104	9	4.844116	269	19	0
104	11	0.650938	188	17	0
104	6	6.879027	198	16	0
104	8	4.841397	220	19	0
104	8	7.678887	83	17	0
104	6	4.741680	530	25	0
104	13	0.125645	211	24	0
104	13	6.082038	121	16	0
104	14	3.334502	182	21	0
104	15	4.655801	232	19	0
104	16	6.392511	204	15	0
104	17	5.325645	221	25	0
104	18	3.428851	253	16	0
104	17	3.061766	143	22	0
104	16	3.739376	157	29	0
104	6	6.956427	200	16	0
104	16	6.598176	772	18	0
104	21	1.380611	154	20	0
104	22	4.914783	257	0	2
107	1	2.000000	324	18	1
107	4	1.279117	143	26	0
107	6	1.364736	258	20	0
107	6	5.457718	150	23	0
107	6	6.878433	149	19	0
107	7	4.870047	356	25	0
107	6	3.979576	74	17	0
107	6	1.608079	139	22	0
107	8	1.566108	309	20	0
107	8	5.956994	153	19	0
107	9	5.582950	78	20	0
107	11	3.937760	246	21	0
107	11	0.041509	253	25	0
107	8	3.934951	166	13	0
107	6	2.867162	205	29	0
107	12	2.882457	429	17	0
107	15	2.797510	187	12	0
107	14	0.367585	230	14	0
107	15	2.411861	318	21	0
107	15	1.620612	124	20	0
107	15	5.580901	94	19	0
107	16	4.545415	278	18	0
107	17	3.302761	242	19	0
107	12	3.651387	303	16	0
107	3	5.622447	536	31	0
107	14	7.080607	184	16	0
107	18	4.799592	174	17	0
107	19	5.325723	270	21	0
107	22	2.342153	243	0	2
114	1	2.000000	381	17	1
114	2	3.594751	142	15	0
114	4	1.121986	378	17	0
114	6	8.827011	259	14	0
114	7	3.686551	214	24	0
114	8	5.065805	225	24	0
114	10	3.167333	210	29	0
114	10	7.505881	158	15	0
114	10	2.993749	137	31	0
114	8	8.655292	89	15	0
114	8	5.660105	184	20	0
114	13	1.309493	237	21	0
114	13	4.825013	161	15	0
114	14	3.843992	250	16	0
114	15	8.145191	125	14	0
114	16	4.991427	297	28	0
114	2	1.757289	416	22	0
114	17	4.261151	191	15	0
114	18	2.501599	203	15	0
114	13	1.901030	189	17	0
114	4	0.721894	453	18	0
114	6	8.170907	122	27	0
114	21	0.942373	151	14	0
114	20	3.976280	437	20	0
114	23	1.687085	333	0	2
117	1	2.000000	162	18	1
117	1	0.238450	99	26	0
117	4	3.995848	224	20	0
117	3	8.911325	227	19	0
117	7	2.288495	248	15	0
117	6	4.597365	141	9	0
117	6	1.397146	101	23	0
117	7	2.146406	402	14	0
117	8	4.057385	238	20	0
117	9	2.900279	155	15	0
117	10	4.491690	342	13	0
117	10	3.112522	126	12	0
117	11	2.407832	272	25	0
117	8	4.356655	61	14	0
117	13	4.055101	302	20	0
117	13	0.854366	138	22	0
117	16	0.360244	226	22	0
117	15	5.831801	111	16	0
117	19	2.665229	373	36	0
117	9	0.504413	262	17	0
117	17	4.284707	197	19	0
117	15	0.581485	464	16	0
117	13	3.939212	95	16	0
117	3	1.137309	268	17	0
117	6	3.035405	259	13	0
117	17	6.135561	391	23	0
117	21	7.802310	398	18	0
117	23	4.099981	115	0	2
120	1	2.000000	215	16	1
120	3	3.580463	224	12	0
120	6	3.301277	466	19	0
120	4	2.885905	65	17	0
120	4	0.749923	114	12	0
120	8	0.502220	318	17	0
120	7	3.621622	143	25	0
120	8	4.950286	115	20	0
120	6	3.014221	282	14	0
120	11	1.178054	219	20	0
120	12	3.696006	191	16	0
120	10	5.402735	116	19	0
120	10	4.130970	116	17	0
120	8	7.219332	365	15	0
120	13	1.994395	174	27	0
120	14	4.640263	155	18	0
120	13	3.223966	565	16	0
120	15	4.161999	199	29	0
120	16	2.864584	158	19	0
120	16	7.540643	102	17	0
120	16	8.165294	147	25	0
120	18	0.543897	390	19	0
120	19	6.330827	196	20	0
120	11	2.853065	337	17	0
120	22	1.579002	238	17	0
120	7	0.504173	360	22	0
120	18	3.989875	493	20	0
120	19	6.448321	190	11	0
120	20	5.122272	231	0	2
123	1	2.000000	140	17	1
123	3	0.509932	783	14	0
123	4	3.568960	184	18	0
123	6	3.498918	295	17	0
123	7	3.043687	289	14	0
123	8	4.932690	164	24	0
123	6	4.939017	295	21	0
123	8	6.323828	319	25	0
123	10	1.006565	256	21	0
123	8	5.003888	158	19	0
123	10	4.256306	166	18	0
123	1	2.513348	318	20	0
123	7	4.130435	250	24	0
123	10	4.110577	239	26	0
123	12	0.859177	141	18	0
123	14	0.244997	90	24	0
123	13	5.557492	398	30	0
123	16	3.950985	120	21	0
123	15	6.670954	146	18	0
123	7	1.805816	245	24	0
123	8	4.313666	61	27	0
123	17	1.315501	255	17	0
123	18	1.212517	128	17	0
123	20	0.139687	145	22	0
123	21	0.541834	291	21	0
123	23	4.904607	103	20	0
123	22	2.633210	145	0	2
130	1	2.000000	190	15	1
130	4	2.806928	172	19	0
130	3	5.605443	142	16	0
130	8	7.752902	227	22	0
130	9	2.311031	195	22	0
130	10	5.052772	165	23	0
130	10	3.330860	155	27	0
130	8	6.757300	215	22	0
130	11	3.015333	124	19	0
130	4	4.423812	748	18	0
130	7	5.754662	213	21	0
130	8	7.225451	128	22	0
130	7	3.487679	210	13	0
130	7	0.389354	426	22	0
130	14	1.876082	97	19	0
130	13	5.281302	408	21	0
130	15	6.276735	195	19	0
130	16	4.565096	395	16	0
130	17	4.311795	211	24	0
130	19	0.791983	292	18	0
130	18	2.413442	273	19	0
130	1	1.635162	486	19	0
130	17	7.267616	197	19	0
130	21	0.418415	200	33	0
130	23	0.427206	403	17	0
130	24	4.928394	97	17	0
130	24	1.618201	127	0	2
133	1	2.000000	187	27	1
133	3	0.334722	380	19	0
133	5	3.842717	234	15	0
133	6	4.952658	116	22	0
133	7	4.167940	151	20	0
133	7	5.044271	122	23	0
133	7	3.647225	97	27	0
133	9	2.419583	291	15	0
133	8	7.104957	184	19	0
133	8	3.217489	120	24	0
133	6	3.592605	150	20	0
133	10	6.145576	127	11	0
133	11	4.082353	144	11	0
133	13	1.601003	422	22	0
133	14	1.748769	182	19	0
133	13	4.588535	332	13	0
133	13	7.306235	88	25	0
133	15	0.010741	294	20	0
133	13	4.077254	137	14	0
133	15	1.390131	312	21	0
133	16	10.927775	300	20	0
133	17	5.667191	151	25	0
133	8	7.924910	206	17	0
133	16	7.737176	180	15	0
133	4	1.012223	295	31	0
133	17	5.591570	440	23	0
133	20	3.405410	394	20	0
133	21	2.403042	102	11	0
133	23	0.013514	241	21	0
133	23	5.842549	98	0	2
136	1	2.000000	195	17	1
136	3	1.191275	222	19	0
136	3	0.566566	93	17	0
136	3	4.480440	160	31	0
136	5	0.108475	424	22	0
136	6	3.462655	156	30	0
136	6	5.461557	139	25	0
136	7	4.051381	270	20	0
136	9	0.278085	630	28	0
136	11	3.333960	125	15	0
136	12	2.513433	159	20	0
136	10	5.116891	60	17	0
136	11	3.227497	247	25	0
136	10	2.697971	185	29	0
136	8	3.334525	106	15	0
136	12	3.313803	515	20	0
136	13	10.517330	579	17	0
136	15	10.332849	304	24	0
136	3	3.344117	263	20	0
136	14	7.940860	591	20	0
136	17	2.739613	170	24	0
136	16	6.074198	227	26	0
136	20	0.224797	242	18	0
136	19	2.862963	145	23	0
136	20	4.273885	177	24	0
136	22	0.200427	291	0	2
139	1	2.000000	178	26	1
139	2	3.579439	115	20	0
139	3	2.484366	167	19	0
139	6	5.513979	218	14	0
139	7	4.756277	228	19	0
139	6	5.616938	190	20	0
139	8	2.278422	358	20	0
139	11	5.096095	178	14	0
139	9	2.776554	293	17	0
139	7	5.989096	256	17	0
139	9	0.508863	298	18	0
139	6	5.825497	92	21	0
139	6	3.348184	68	17	0
139	11	1.687391	200	14	0
139	8	4.499586	209	20	0
139	11	5.470364	557	19	0
139	14	2.487609	160	31	0
139	14	7.768086	121	20	0
139	13	8.425238	285	21	0
139	15	2.189534	374	17	0
139	16	4.262823	212	13	0
139	16	9.557008	112	19	0
139	17	2.154103	296	25	0
139	10	4.222873	174	21	0
139	3	2.224148	357	16	0
139	22	2.544064	255	28	0
139	5	2.468089	178	15	0
139	15	6.707422	231	19	0
139	19	7.947215	603	0	2
146	1	2.000000	153	17	1
146	2	3.189392	276	15	0
146	3	4.356282	317	18	0
146	6	8.588341	194	14	0
146	7	3.696026	118	13	0
146	6	6.845627	222	17	0
146	8	8.317295	121	16	0
146	8	4.586491	118	14	0
146	1	1.715757	1005	29	0
146	5	3.371213	304	27	0
146	10	0.619766	450	22	0
146	8	4.702954	67	19	0
146	8	3.036307	105	22	0
146	10	0.909348	247	17	0
146	8	7.075291	219	21	0
146	12	2.890550	157	19	0
146	11	2.457632	103	34	0
146	13	3.628977	177	16	0
146	15	6.600317	296	18	0
146	16	4.723375	199	19	0
146	17	4.101732	385	13	0
146	17	2.570642	401	26	0
146	3	0.594286	196	15	0
146	6	4.705092	178	19	0
146	18	0.359823	113	13	0
146	19	2.427585	368	17	0
146	8	6.675607	190	13	0
146	15	5.777214	220	22	0
146	14	2.443038	263	24	0
146	14	0.742902	118	20	0
146	13	5.393542	289	16	0
146	13	3.113193	57	23	0
146	14	2.292709	347	15	0
146	13	5.871671	297	24	0
146	19	0.330521	227	20	0
146	20	3.595884	235	12	0
146	23	2.902292	282	0	2
149	1	2.000000	230	23	1
149	2	3.358945	246	17	0
149	3	3.701589	270	23	0
149	3	3.527748	190	17	0
149	2	2.610661	104	24	0
149	3	4.180053	177	16	0
149	3	8.752698	128	18	0
149	4	3.981894	137	19	0
149	4	1.236250	167	19	0
149	5	2.716007	215	25	0
149	6	5.104401	185	19	0
149	7	2.125014	255	23	0
149	1	2.187469	204	15	0
149	7	4.036070	308	17	0
149	8	4.521821	232	18	0
149	9	2.051394	285	24	0
149	10	3.272892	285	24	0
149	8	6.716159	176	16	0
149	10	5.749204	109	22	0
149	8	6.420252	523	15	0
149	11	1.466228	175	14	0
149	12	1.070901	203	18	0
149	13	2.511401	150	20	0
149	15	1.531844	351	18	0
149	13	2.180063	151	29	0
149	16	1.643346	112	19	0
149	16	7.534619	131	20	0
149	16	8.287516	98	18	0
149	17	4.460489	315	12	0
149	18	2.529750	242	20	0
149	17	5.052749	206	28	0
149	11	2.467299	164	21	0
149	6	5.353173	164	20	0
149	20	9.932141	124	25	0
149	20	5.480163	131	30	0
149	21	1.015026	302	27	0
149	22	3.862221	140	0	2
152	1	2.000000	202	12	1
152	2	4.766269	103	15	0
152	3	2.849350	79	17	0
152	5	0.575486	184	16	0
152	6	0.756775	280	22	0
152	6	4.877958	145	10	0
152	7	4.340623	306	17	0
152	6	4.726119	297	21	0
152	7	2.887805	93	26	0
152	8	4.779088	166	23	0
152	8	3.502643	94	14	0
152	9	0.063032	198	21	0
152	10	4.361109	129	14	0
152	11	0.822895	252	13	0
152	8	6.337751	229	17	0
152	11	0.857302	248	17	0
152	8	5.155241	148	15	0
152	8	7.583716	99	15	0
152	12	0.615245	408	16	0
152	13	6.379443	224	20	0
152	14	2.963702	113	16	0
152	16	0.739906	307	32	0
152	3	0.672170	196	25	0
152	6	5.907814	208	15	0
152	14	5.887213	289	23	0
152	22	1.207023	238	20	0
152	22	4.036865	95	32	0
152	20	4.172999	294	15	0
152	19	6.636818	225	19	0
152	17	2.334996	251	0	2
155	1	2.000000	158	16	1
155	3	1.296643	298	31	0
155	4	3.205680	169	17	0
155	6	7.606972	89	16	0
155	5	2.150416	233	16	0
155	7	5.527610	306	24	0
155	8	6.400395	192	24	0
155	6	5.472150	214	18	0
155	10	0.472492	414	16	0
155	4	2.584548	214	15	0
155	7	4.491890	209	27	0
155	8	5.180800	213	26	0
155	10	8.888593	99	17	0
155	10	4.805223	85	19	0
155	13	7.929322	345	12	0
155	13	1.134230	218	19	0
155	16	7.250337	88	22	0
155	16	3.545419	131	16	0
155	16	5.905648	111	15	0
155	18	0.010275	278	18	0
155	6	11.338398	113	22	0
155	13	5.215480	209	29	0
155	15	5.168285	187	20	0
155	19	5.758180	237	16	0
155	21	5.651813	136	0	2
162	1	2.000000	218	13	1
162	4	0.134070	246	27	0
162	5	2.418567	247	16	0
162	6	4.327272	167	18	0
162	7	5.739901	370	18	0
162	6	4.056428	69	16	0
162	9	2.094162	172	20	0
162	10	1.722725	233	16	0
162	10	5.929967	136	22	0
162	8	4.769717	286	18	0
162	6	2.659138	197	26	0
162	10	9.501522	354	15	0
162	12	2.681931	414	15	0
162	13	4.397665	284	16	0
162	14	3.424045	103	26	0
162	14	0.208061	119	15	0
162	15	2.991514	306	14	0
162	16	5.432814	293	19	0
162	15	5.328972	170	10	0
162	16	6.972025	230	19	0
162	17	4.439167	263	19	0
162	12	2.043227	238	14	0
162	18	2.503531	447	24	0
162	10	3.283783	782	16	0
162	20	0.772034	246	16	0
162	21	1.189017	203	19	0
162	21	0.719035	114	15	0
162	22	3.763744	412	0	2
165	1	2.000000	170	16	1
165	2	3.674231	216	29	0
165	4	3.924360	187	19	0
165	7	2.490699	83	24	0
165	8	0.268267	203	20	0
165	9	1.106907	236	22	0
165	7	3.700628	329	12	0
165	10	0.042124	245	18	0
165	8	1.293277	178	24	0
165	6	4.674739	155	14	0
165	10	7.467075	228	16	0
165	13	3.856683	236	15	0
165	12	2.311726	345	23	0
165	13	4.671907	132	20	0
165	16	3.371654	149	21	0
165	16	7.515472	145	19	0
165	15	1.731209	212	20	0
165	17	0.716144	405	17	0
165	2	2.717128	280	16	0
165	16	7.222643	259	18	0
165	20	0.222681	233	23	0
165	18	3.854918	202	18	0
165	22	3.227040	169	29	0
165	22	0.176480	355	26	0
165	23	4.491525	175	0	2
