9	1	2.000000	196	16	1
9	2	5.520344	550	13	0
9	3	3.914426	614	23	0
9	5	0.695941	483	17	0
9	7	4.252462	279	17	0
9	7	1.035781	244	20	0
9	10	1.796371	126	20	0
9	9	1.792585	144	18	0
9	8	7.879308	432	23	0
9	13	0.729702	166	12	0
9	12	2.755920	158	16	0
9	11	3.033848	700	24	0
9	15	1.547684	264	28	0
9	15	5.336196	164	30	0
9	14	3.343560	517	26	0
9	17	5.158633	339	24	0
9	17	7.780841	241	13	0
9	6	1.068954	394	15	0
9	15	4.585437	139	23	0
9	17	0.417708	415	20	0
9	18	1.331077	391	24	0
9	18	5.027831	203	25	0
9	20	5.966321	530	20	0
9	21	2.333484	477	27	0
9	23	1.264247	371	0	2
12	1	2.000000	231	17	1
12	4	3.414288	595	17	0
12	2	1.377202	265	20	0
12	7	3.389275	166	17	0
12	7	5.744012	204	29	0
12	7	1.854435	133	23	0
12	6	6.215736	514	14	0
12	8	7.022901	720	23	0
12	10	0.317728	89	25	0
12	10	3.810221	202	18	0
12	10	5.415756	220	17	0
12	10	2.586085	229	14	0
12	11	3.102440	694	27	0
12	13	3.459675	291	13	0
12	14	8.100566	457	23	0
12	16	6.533027	144	16	0
12	16	3.934914	270	18	0
12	16	7.997243	180	21	0
12	15	4.762478	336	21	0
12	18	0.373705	146	23	0
12	16	5.990262	516	22	0
12	16	3.842671	173	17	0
12	19	2.959763	154	20	0
12	16	5.950335	626	17	0
12	20	0.738743	172	17	0
12	21	0.049976	133	16	0
12	22	3.568508	312	22	0
12	23	5.053151	278	0	2
15	1	2.000000	187	17	1
15	3	4.702557	479	19	0
15	5	0.573003	122	18	0
15	4	3.579371	326	27	0
15	7	3.295656	346	25	0
15	8	2.518625	304	18	0
15	9	3.789343	361	14	0
15	8	2.006396	524	21	0
15	6	6.250166	423	21	0
15	10	4.921855	165	22	0
15	11	3.997155	449	21	0
15	13	0.624732	471	11	0
15	14	5.001277	970	23	0
15	14	6.932471	148	16	0
15	15	7.552009	520	14	0
15	16	3.707779	87	21	0
15	16	6.726114	166	16	0
15	17	3.804421	344	13	0
15	17	5.070515	188	19	0
15	16	4.235355	365	24	0
15	16	5.865939	178	18	0
15	20	1.206659	499	17	0
15	21	3.762756	384	0	2
22	1	2.000000	188	28	1
22	2	3.669932	377	18	0
22	3	6.869010	456	17	0
22	6	1.363982	177	27	0
22	5	2.648441	345	21	0
22	6	4.229827	261	13	0
22	7	3.205747	432	19	0
22	8	0.170283	137	15	0
22	8	3.887514	237	14	0
22	8	2.591435	181	19	0
22	10	2.180093	381	19	0
22	8	3.570826	678	17	0
22	10	5.190058	477	24	0
22	11	3.606054	397	21	0
22	13	2.180623	126	18	0
22	14	1.830083	612	16	0
22	15	5.506242	400	23	0
22	17	6.954824	436	22	0
22	18	5.839949	290	16	0
22	18	3.144974	103	15	0
22	9	3.069996	223	12	0
22	15	0.359618	100	18	0
22	8	1.220156	105	15	0
22	18	3.813535	121	15	0
22	17	3.427207	609	21	0
22	20	2.998368	130	20	0
22	21	0.144219	149	20	0
22	22	4.484498	409	27	0
22	24	2.600904	643	0	2
25	1	2.000000	278	13	1
25	2	3.684311	435	23	0
25	4	1.938024	318	21	0
25	6	9.657090	264	18	0
25	6	4.645642	209	25	0
25	5	3.168798	439	26	0
25	10	0.531965	126	25	0
25	10	5.071343	99	21	0
25	11	4.297419	645	25	0
25	12	3.028339	381	23	0
25	1	0.605292	180	20	0
25	7	4.352164	112	20	0
25	10	1.001508	99	20	0
25	8	3.550498	877	24	0
25	16	2.093471	421	19	0
25	15	1.768062	101	21	0
25	8	1.198512	166	17	0
25	3	5.989364	113	14	0
25	15	4.729889	158	25	0
25	13	3.842422	488	19	0
25	15	0.377014	137	11	0
25	17	4.615096	85	18	0
25	18	4.697241	466	18	0
25	6	10.513872	178	20	0
25	19	2.204042	352	14	0
25	20	4.299768	275	20	0
25	22	1.241730	117	14	0
25	22	0.292909	90	27	0
25	23	2.801762	556	0	2
28	1	2.000000	181	20	1
28	2	3.794024	315	22	0
28	3	5.948446	550	22	0
28	4	1.441335	227	19	0
28	5	3.504263	432	13	0
28	7	3.959701	418	23	0
28	8	3.957505	686	21	0
28	9	1.853505	242	19	0
28	10	4.953210	336	13	0
28	9	0.660265	103	25	0
28	11	5.688762	496	22	0
28	14	3.799223	620	17	0
28	13	6.365143	577	25	0
28	17	0.698881	88	17	0
28	18	1.374748	240	25	0
28	16	3.916250	644	19	0
28	19	2.204733	539	20	0
28	13	1.483303	124	21	0
28	15	2.984296	366	15	0
28	19	5.677447	108	22	0
28	21	3.502535	375	18	0
28	22	5.188984	563	0	2
31	1	2.000000	225	24	1
31	2	3.906069	549	17	0
31	5	2.098841	334	24	0
31	6	6.608230	373	14	0
31	7	3.271662	625	13	0
31	8	6.377707	705	17	0
31	10	3.134320	472	8	0
31	9	1.980715	529	15	0
31	10	2.105271	501	18	0
31	11	2.707361	322	15	0
31	13	5.425551	299	13	0
31	11	3.819065	621	16	0
31	14	5.126594	759	17	0
31	16	6.485710	145	17	0
31	16	1.780730	186	25	0
31	16	6.686575	149	21	0
31	8	10.547387	446	25	0
31	2	0.391562	121	19	0
31	6	3.528579	410	27	0
31	14	4.186596	104	20	0
31	16	4.381723	287	30	0
31	17	2.785799	142	15	0
31	19	0.220630	156	17	0
31	19	5.411415	201	23	0
31	19	5.292720	197	17	0
31	20	1.642450	556	27	0
31	22	4.019370	796	0	2
38	1	2.000000	175	15	1
38	2	3.724580	351	24	0
38	5	3.942436	513	19	0
38	4	3.862516	296	16	0
38	8	4.783212	180	24	0
38	10	1.620020	160	18	0
38	10	5.923165	142	11	0
38	8	4.500941	591	18	0
38	6	2.137948	642	16	0
38	7	4.383476	366	13	0
38	10	6.067380	753	24	0
38	11	2.738128	593	20	0
38	13	1.996312	667	19	0
38	13	7.452240	260	22	0
38	15	0.397747	100	18	0
38	14	2.566077	567	25	0
38	17	4.669445	933	16	0
38	18	1.699646	293	17	0
38	17	4.562274	367	19	0
38	16	3.357967	396	21	0
38	18	3.957289	273	17	0
38	18	5.978654	246	17	0
38	19	3.856691	292	20	0
38	19	0.764596	126	16	0
38	22	0.769656	131	35	0
38	20	4.385862	320	22	0
38	23	3.595162	436	0	2
41	1	2.000000	188	21	1
41	2	3.419621	388	28	0
41	4	0.017887	322	14	0
41	5	1.594259	375	24	0
41	6	6.535183	325	18	0
41	7	3.759080	484	24	0
41	8	4.560079	584	19	0
41	8	2.477103	143	27	0
41	8	1.280360	236	19	0
41	10	1.693898	297	16	0
41	10	4.280533	206	21	0
41	11	3.209204	499	26	0
41	14	1.126614	123	19	0
41	13	4.895427	443	20	0
41	15	3.779521	554	12	0
41	15	6.034431	205	23	0
41	16	5.300933	573	14	0
41	17	3.123210	463	17	0
41	18	4.108624	298	18	0
41	10	2.789298	162	19	0
41	19	3.885806	105	23	0
41	18	3.873466	399	20	0
41	17	1.290076	430	12	0
41	20	4.594730	484	16	0
41	23	2.495813	117	17	0
41	21	0.361865	608	24	0
41	23	3.789803	314	0	2
44	1	2.000000	196	15	1
44	2	2.848253	484	21	0
44	2	6.124522	130	21	0
44	4	0.115024	124	21	0
44	5	0.802412	133	18	0
44	6	0.166704	123	18	0
44	6	4.346209	255	20	0
44	6	2.121127	178	25	0
44	7	3.782819	555	23	0
44	8	4.344298	306	16	0
44	11	3.974550	920	12	0
44	9	1.535022	175	15	0
44	10	3.420408	499	19	0
44	10	5.722279	191	30	0
44	10	1.258770	243	19	0
44	15	0.676036	118	27	0
44	14	7.865686	520	13	0
44	13	7.638222	416	12	0
44	14	14.767125	121	16	0
44	16	6.997933	976	22	0
44	16	5.273870	173	17	0
44	4	2.062480	94	12	0
44	8	0.995576	359	16	0
44	18	1.641909	856	20	0
44	19	6.048080	334	23	0
44	20	2.959117	535	25	0
44	22	5.291887	549	0	2
47	1	2.000000	217	22	1
47	3	6.137774	376	15	0
47	4	3.185485	388	20	0
47	7	1.638936	298	16	0
47	6	3.582683	561	17	0
47	9	2.962736	637	17	0
47	12	0.234136	436	13	0
47	13	6.120921	374	15	0
47	15	3.175610	699	23	0
47	14	4.935710	717	16	0
47	17	2.144292	651	20	0
47	9	2.386606	156	17	0
47	15	5.921485	147	29	0
47	16	4.726998	283	15	0
47	16	6.452911	253	15	0
47	4	2.127016	113	14	0
47	6	6.481766	447	17	0
47	19	1.153248	396	18	0
47	19	4.811852	184	18	0
47	20	2.375090	419	22	0
47	21	2.900827	487	18	0
47	22	3.791893	1122	0	2
54	1	2.000000	290	21	1
54	3	4.152914	327	22	0
54	5	2.466274	469	25	0
54	6	3.824152	304	19	0
54	7	3.937178	559	14	0
54	8	4.823489	441	17	0
54	10	5.714013	291	20	0
54	11	3.765609	330	14	0
54	10	2.441572	444	17	0
54	14	2.565740	289	25	0
54	15	3.064573	352	19	0
54	16	6.421883	693	23	0
54	1	2.233301	73	14	0
54	17	2.098989	607	19	0
54	17	4.255999	193	18	0
54	17	1.505780	272	24	0
54	17	0.986299	217	21	0
54	19	2.472640	370	24	0
54	21	0.430051	128	21	0
54	21	2.774852	207	22	0
54	22	3.352289	311	24	0
54	22	0.041337	278	0	2
57	1	2.000000	256	14	1
57	3	2.618046	363	23	0
57	4	4.545194	118	24	0
57	8	1.107485	98	16	0
57	8	0.990167	157	31	0
57	7	3.310247	556	20	0
57	6	3.848396	831	16	0
57	8	1.567610	370	18	0
57	8	5.677431	251	23	0
57	9	3.449462	286	20	0
57	10	5.271554	613	20	0
57	10	3.436216	155	16	0
57	10	6.534838	167	17	0
57	13	2.030469	160	19	0
57	13	5.938479	136	26	0
57	14	3.080159	477	13	0
57	12	2.362087	385	23	0
57	18	1.511129	176	24	0
57	17	4.346932	501	21	0
57	17	2.773010	242	27	0
57	16	4.800325	594	15	0
57	16	6.631130	257	12	0
57	19	0.150288	109	19	0
57	20	1.049874	120	15	0
57	20	4.428928	261	19	0
57	22	0.082570	175	15	0
57	23	0.609191	157	21	0
57	23	3.892117	210	0	2
60	1	2.000000	177	18	1
60	3	4.370731	219	19	0
60	5	0.306014	106	37	0
60	6	0.798577	127	25	0
60	6	5.455836	197	22	0
60	7	4.023855	659	19	0
60	8	4.459196	532	17	0
60	11	1.087419	127	27	0
60	12	3.283354	301	23	0
60	10	5.838949	277	22	0
60	10	3.559675	173	13	0
60	10	6.867924	275	24	0
60	9	3.537540	447	17	0
60	15	6.228047	134	21	0
60	15	3.371745	227	13	0
60	14	2.468561	170	16	0
60	16	2.873850	287	28	0
60	17	0.484948	85	19	0
60	6	1.117401	419	20	0
60	15	2.454334	124	19	0
60	17	3.890218	726	15	0
60	16	5.904594	138	18	0
60	19	6.699557	108	17	0
60	19	3.954772	264	20	0
60	19	9.554803	117	23	0
60	21	1.079489	123	15	0
60	21	3.819487	173	19	0
60	22	4.100658	760	0	2
63	1	2.000000	172	22	1
63	3	5.162075	294	20	0
63	6	0.153467	123	24	0
63	5	1.694040	366	26	0
63	7	4.255368	319	18	0
63	7	1.452799	209	18	0
63	8	3.239128	376	25	0
63	10	0.981169	638	13	0
63	11	3.398984	519	20	0
63	14	0.283591	115	22	0
63	14	3.156730	177	25	0
63	15	5.835603	486	15	0
63	16	6.100780	425	16	0
63	8	2.551475	224	15	0
63	15	9.972738	123	19	0
63	17	0.164214	520	15	0
63	18	2.986348	152	15	0
63	19	5.827100	521	17	0
63	19	4.135329	217	18	0
63	19	7.627397	171	23	0
63	20	2.931562	368	16	0
63	21	3.046071	467	19	0
63	22	3.466808	200	15	0
63	22	5.438135	235	18	0
63	23	6.243320	594	0	2
70	1	2.000000	226	19	1
70	5	2.855072	117	13	0
70	6	5.014676	565	22	0
70	4	3.078920	578	23	0
70	3	5.960871	514	29	0
70	7	0.779380	543	28	0
70	3	9.778416	111	26	0
70	6	4.978375	391	22	0
70	9	0.633896	189	22	0
70	8	7.995559	115	19	0
70	11	2.881161	406	17	0
70	12	3.271812	506	26	0
70	13	6.651464	468	22	0
70	15	6.369074	328	24	0
70	13	6.381043	619	19	0
70	14	1.288766	484	26	0
70	13	5.195423	407	17	0
70	13	8.370386	237	12	0
70	16	5.749431	275	20	0
70	16	3.840155	274	23	0
70	16	3.453390	148	15	0
70	17	0.248928	441	16	0
70	17	5.624363	198	19	0
70	17	6.190833	194	36	0
70	18	4.578151	441	19	0
70	17	5.557641	342	16	0
70	12	1.084542	121	17	0
70	17	5.706956	167	15	0
70	20	4.246546	73	14	0
70	21	0.634991	130	21	0
70	22	3.079819	401	14	0
70	23	6.888443	555	0	2
73	1	2.000000	195	17	1
73	2	2.932815	556	20	0
73	4	3.935140	80	18	0
73	5	2.826851	789	19	0
73	7	0.520935	126	19	0
73	7	5.422453	238	29	0
73	8	4.191925	493	18	0
73	10	6.102370	418	18	0
73	10	1.976147	264	26	0
73	11	3.307971	554	17	0
73	12	3.002568	385	17	0
73	13	4.806745	429	24	0
73	15	7.109235	498	22	0
73	16	7.083669	481	23	0
73	1	2.251906	126	17	0
73	10	5.429225	109	16	0
73	14	1.839219	562	24	0
73	13	5.158769	563	19	0
73	17	0.724279	477	19	0
73	17	4.820899	277	25	0
73	18	5.124689	500	30	0
73	18	1.674608	221	20	0
73	19	3.364672	232	22	0
73	20	4.577716	452	17	0
73	19	1.769215	451	18	0
73	22	3.318452	98	19	0
73	22	0.374274	242	15	0
73	23	4.796686	355	0	2
76	1	2.000000	195	24	1
76	2	2.645659	459	29	0
76	3	6.086604	722	29	0
76	7	0.147321	199	20	0
76	7	5.383780	258	21	0
76	5	2.744889	356	15	0
76	8	3.726772	447	29	0
76	9	4.983534	379	20	0
76	8	2.052500	187	19	0
76	9	0.435688	124	33	0
76	6	4.625212	482	21	0
76	11	5.712205	125	19	0
76	12	3.191759	551	23	0
76	13	4.313718	333	19	0
76	15	5.462724	351	13	0
76	15	6.053905	173	18	0
76	15	8.215657	274	14	0
76	16	5.240639	712	22	0
76	16	2.871495	195	19	0
76	14	0.796458	128	21	0
76	14	5.182955	211	12	0
76	17	6.022022	349	20	0
76	19	0.080643	131	23	0
76	19	5.154376	193	20	0
76	19	3.658371	188	14	0
76	19	3.270461	183	17	0
76	20	0.669216	434	22	0
76	21	3.855699	461	0	2
79	1	2.000000	162	15	1
79	3	0.057777	131	14	0
79	3	4.926444	191	20	0
79	3	6.585712	205	21	0
79	5	0.800052	124	15	0
79	6	1.284046	120	24	0
79	6	5.315309	286	13	0
79	9	1.831393	157	24	0
79	10	4.118980	350	16	0
79	7	5.467063	447	18	0
79	7	1.028854	216	19	0
79	12	3.134817	587	20	0
79	14	0.307707	155	25	0
79	14	3.682690	184	23	0
79	15	7.633059	592	20	0
79	16	4.353475	403	23	0
79	13	3.527340	111	20	0
79	16	4.704212	531	24	0
79	6	3.102668	335	28	0
79	19	0.550135	142	24	0
79	19	6.445595	206	20	0
79	22	2.522652	246	13	0
79	21	3.854428	492	15	0
79	23	10.956396	428	0	2
86	1	2.000000	199	16	1
86	3	1.645630	172	19	0
86	3	4.328916	203	16	0
86	3	1.529197	262	17	0
86	4	2.468147	411	23	0
86	5	1.823724	373	19	0
86	6	4.904121	321	21	0
86	9	0.315894	112	19	0
86	8	6.876827	138	14	0
86	7	3.582517	766	20	0
86	10	4.734568	364	31	0
86	12	0.855976	164	16	0
86	12	0.084939	232	21	0
86	13	3.670396	535	20	0
86	16	0.588743	151	24	0
86	15	8.991838	132	19	0
86	15	0.504270	87	16	0
86	14	2.728898	429	16	0
86	13	6.345654	215	19	0
86	17	0.588972	538	24	0
86	18	0.515999	101	14	0
86	17	3.382920	336	26	0
86	1	0.151871	170	19	0
86	18	3.308423	557	19	0
86	19	1.905910	590	21	0
86	20	3.246977	591	17	0
86	21	1.135130	378	18	0
86	23	2.805044	498	0	2
89	1	2.000000	170	21	1
89	2	3.703240	281	18	0
89	3	4.633588	652	14	0
89	6	4.973524	514	23	0
89	5	2.129805	332	24	0
89	6	5.255180	313	16	0
89	8	3.031115	592	21	0
89	8	6.554778	185	17	0
89	7	5.847084	433	25	0
89	10	2.283709	141	20	0
89	10	1.104458	271	17	0
89	10	4.968709	98	17	0
89	8	5.966909	387	14	0
89	12	3.248962	544	24	0
89	14	1.624754	260	20	0
89	4	1.610136	79	25	0
89	15	1.904609	118	12	0
89	15	4.574853	214	24	0
89	19	0.106687	126	21	0
89	18	1.550194	382	17	0
89	17	1.965493	205	18	0
89	8	1.347925	162	20	0
89	16	4.713315	117	13	0
89	7	0.935365	129	26	0
89	6	5.200674	329	17	0
89	20	1.505161	99	20	0
89	20	5.451036	218	22	0
89	22	1.027289	97	18	0
89	24	4.165024	929	12	0
89	23	1.926488	431	0	2
92	1	2.000000	222	11	1
92	2	1.843378	116	14	0
92	3	5.787976	669	14	0
92	4	3.034318	429	26	0
92	7	1.672762	807	18	0
92	9	0.234653	472	19	0
92	10	1.048083	128	23	0
92	10	3.504303	182	16	0
92	8	7.327611	668	27	0
92	13	0.112845	140	15	0
92	13	5.077964	216	22	0
92	13	2.134106	180	22	0
92	15	1.469428	404	19	0
92	15	4.075983	306	20	0
92	17	2.613198	639	23	0
92	16	1.551758	681	21	0
92	5	3.297643	152	20	0
92	15	7.526241	104	22	0
92	15	3.405508	234	20	0
92	18	1.038511	355	27	0
92	19	2.770943	470	19	0
92	19	2.102729	210	17	0
92	21	1.095039	118	16	0
92	20	1.730759	315	18	0
92	22	0.872527	484	0	2
95	1	2.000000	187	25	1
95	3	5.468144	236	18	0
95	4	1.728883	250	18	0
95	5	0.322914	118	17	0
95	6	3.813577	592	16	0
95	7	4.872242	417	23	0
95	8	7.260760	733	21	0
95	9	3.191249	418	16	0
95	10	5.171665	328	21	0
95	10	1.781839	156	19	0
95	11	4.805422	729	14	0
95	14	0.411271	197	22	0
95	14	4.175527	189	21	0
95	15	0.539322	122	17	0
95	15	4.761168	190	19	0
95	16	2.507844	304	22	0
95	16	6.314041	176	17	0
95	17	4.909775	431	12	0
95	17	3.246628	187	14	0
95	1	1.754242	81	15	0
95	17	2.314366	583	21	0
95	16	4.431990	696	20	0
95	21	2.211913	146	15	0
95	20	4.503630	492	16	0
95	22	1.708429	367	18	0
95	11	1.760580	190	22	0
95	19	2.928232	84	25	0
95	19	5.506438	168	10	0
95	23	4.185176	679	0	2
102	1	2.000000	261	18	1
102	2	3.341665	472	20	0
102	3	7.157548	103	19	0
102	4	4.012019	656	17	0
102	5	2.600276	399	11	0
102	6	6.231363	429	24	0
102	5	1.730911	455	23	0
102	6	5.822408	395	19	0
102	7	4.812072	560	14	0
102	8	6.003934	580	16	0
102	9	3.149450	527	19	0
102	10	5.598153	529	13	0
102	11	2.992967	669	23	0
102	14	1.069440	561	11	0
102	15	3.820974	522	18	0
102	14	2.475450	469	20	0
102	16	6.732360	740	15	0
102	17	4.694044	210	27	0
102	10	4.008731	124	21	0
102	18	0.310000	90	17	0
102	17	5.067080	552	23	0
102	19	1.552191	707	18	0
102	19	0.066525	217	21	0
102	20	2.404980	114	13	0
102	17	5.385508	474	21	0
102	21	3.391291	430	29	0
102	22	3.072367	406	25	0
102	23	5.914600	500	0	2
105	1	2.000000	238	19	1
105	3	0.891991	106	19	0
105	4	0.435347	105	17	0
105	5	1.290525	528	12	0
105	6	5.468205	308	25	0
105	8	2.613868	375	10	0
105	7	3.355208	684	9	0
105	10	1.030618	671	24	0
105	11	1.160303	125	17	0
105	12	1.926002	737	27	0
105	15	6.891232	590	16	0
105	14	1.331621	376	23	0
105	15	0.854105	127	20	0
105	14	2.864775	477	17	0
105	17	5.865309	343	17	0
105	17	6.240446	142	20	0
105	17	3.482583	284	26	0
105	11	0.170717	145	25	0
105	3	4.540279	108	19	0
105	6	8.008183	384	21	0
105	16	6.228249	138	17	0
105	17	5.844133	409	23	0
105	18	3.182861	381	18	0
105	19	1.343637	443	29	0
105	20	4.349376	531	19	0
105	22	2.499569	452	18	0
105	23	5.482890	428	0	2
108	1	2.000000	219	15	1
108	5	0.620994	144	20	0
108	5	3.541075	240	16	0
108	6	4.941196	521	18	0
108	2	2.545363	548	15	0
108	6	2.894782	178	21	0
108	6	2.766136	141	29	0
108	7	1.100665	555	23	0
108	7	3.899501	191	17	0
108	8	3.381124	559	18	0
108	10	0.467084	448	14	0
108	9	1.924312	408	19	0
108	11	4.353695	257	20	0
108	14	7.251060	558	18	0
108	14	3.188372	204	18	0
108	13	1.541133	234	23	0
108	18	1.424575	89	14	0
108	17	2.499291	443	21	0
108	16	4.952166	505	12	0
108	16	3.089767	287	16	0
108	16	6.084594	174	16	0
108	6	0.405535	489	24	0
108	8	1.193583	622	11	0
108	21	2.710028	119	21	0
108	20	3.960422	202	25	0
108	22	4.023450	712	18	0
108	4	2.130116	147	15	0
108	17	1.912279	146	24	0
108	19	2.881021	251	0	2
111	1	2.000000	218	22	1
111	3	2.443099	744	15	0
111	6	4.808120	496	16	0
111	3	3.994130	439	21	0
111	5	3.563831	462	10	0
111	6	5.823768	349	17	0
111	7	3.011427	497	16	0
111	4	1.981348	117	15	0
111	7	4.138528	541	20	0
111	8	6.053939	238	18	0
111	9	2.073725	588	21	0
111	10	5.554334	452	15	0
111	10	1.802073	205	17	0
111	12	3.421605	514	19	0
111	13	9.447158	109	31	0
111	15	1.242397	96	17	0
111	15	5.085863	241	19	0
111	15	3.278363	176	11	0
111	15	1.443129	150	19	0
111	15	6.131179	226	20	0
111	16	3.409696	327	17	0
111	15	5.919248	80	23	0
111	3	3.935544	140	21	0
111	15	7.547732	151	21	0
111	16	4.543297	184	22	0
111	17	3.439057	453	18	0
111	20	1.460664	473	20	0
111	21	3.342991	255	21	0
111	22	5.165412	629	0	2
118	1	2.000000	200	22	1
118	2	2.990146	330	22	0
118	3	4.942418	151	17	0
118	5	3.742069	464	11	0
118	7	4.511839	394	26	0
118	7	1.513868	204	22	0
118	10	0.724858	132	16	0
118	8	5.051436	509	20	0
118	12	3.626572	615	15	0
118	14	2.680556	348	17	0
118	13	5.474695	342	23	0
118	15	6.906909	709	22	0
118	16	2.495908	388	15	0
118	16	5.397570	193	25	0
118	18	4.269943	612	19	0
118	17	1.805628	264	22	0
118	17	3.748754	193	17	0
118	17	3.412380	207	18	0
118	17	6.252974	239	17	0
118	17	7.617366	192	23	0
118	17	4.661630	284	20	0
118	20	1.486964	141	27	0
118	20	5.662598	231	26	0
118	21	5.493238	489	21	0
118	23	3.991404	454	0	2
121	1	2.000000	168	18	1
121	2	3.886969	461	20	0
121	5	3.127994	305	18	0
121	6	5.277009	626	22	0
121	6	1.702708	148	12	0
121	8	2.883202	428	16	0
121	7	3.486124	687	20	0
121	10	1.017406	603	19	0
121	10	5.776713	215	20	0
121	10	2.906097	262	18	0
121	12	1.898089	429	20	0
121	13	5.934891	501	19	0
121	14	2.811826	330	19	0
121	15	3.025455	461	20	0
121	16	5.427747	312	27	0
121	17	6.188735	437	21	0
121	17	7.982279	173	16	0
121	8	9.725585	145	16	0
121	16	2.220978	109	19	0
121	17	3.186673	376	26	0
121	18	2.077919	584	20	0
121	5	3.837601	202	21	0
121	20	8.537862	89	15	0
121	21	5.691589	546	17	0
121	22	3.510742	664	0	2
124	1	2.000000	179	19	1
124	2	2.890084	375	25	0
124	3	2.857271	452	21	0
124	5	1.344378	639	21	0
124	6	4.106964	375	23	0
124	7	5.143624	679	25	0
124	9	2.379350	201	18	0
124	10	2.500369	580	15	0
124	10	0.415377	260	19	0
124	10	2.520396	203	21	0
124	10	5.212834	124	33	0
124	11	3.755063	679	20	0
124	13	4.231525	571	19	0
124	15	7.465472	608	21	0
124	14	3.145217	886	22	0
124	15	6.048088	394	16	0
124	18	0.791338	92	18	0
124	17	3.569490	518	18	0
124	16	4.462998	455	20	0
124	16	7.159332	209	20	0
124	16	4.532991	247	14	0
124	16	7.553685	269	14	0
124	16	4.703624	201	18	0
124	16	6.839454	228	24	0
124	6	5.887691	243	22	0
124	15	7.894471	113	19	0
124	16	5.563981	477	17	0
124	19	1.008830	567	22	0
124	19	4.393739	210	14	0
124	20	5.982316	689	17	0
124	23	5.199859	616	27	0
124	23	3.157352	147	21	0
124	23	2.697278	236	0	2
127	1	2.000000	187	27	1
127	2	3.487780	515	31	0
127	5	0.805496	128	21	0
127	4	3.783460	526	17	0
127	5	3.928445	329	16	0
127	6	6.440964	426	26	0
127	7	3.524354	338	17	0
127	8	7.058687	543	14	0
127	10	0.510482	126	27	0
127	9	2.372295	381	21	0
127	10	4.868649	293	18	0
127	12	2.202423	688	16	0
127	13	2.956830	401	20	0
127	14	3.135530	329	26	0
127	15	3.666160	545	19	0
127	15	7.799127	195	22	0
127	16	6.046280	395	31	0
127	17	2.183689	505	16	0
127	16	5.130388	98	23	0
127	16	6.197913	160	20	0
127	18	0.211041	108	11	0
127	16	4.977329	532	28	0
127	19	5.170842	194	12	0
127	20	4.410377	618	23	0
127	23	3.290055	632	0	2
134	1	2.000000	196	17	1
134	2	3.671762	210	24	0
134	1	2.914220	117	22	0
134	3	4.532705	498	18	0
134	3	7.484061	169	12	0
134	5	0.583986	172	19	0
134	7	5.893456	379	16	0
134	7	1.532371	257	19	0
134	6	4.642179	354	28	0
134	10	2.741615	139	19	0
134	10	5.392109	201	11	0
134	9	2.679839	289	17	0
134	11	0.334461	422	21	0
134	11	4.888615	201	16	0
134	15	2.515765	111	14	0
134	15	5.662503	230	18	0
134	14	2.797468	401	20	0
134	13	3.299775	327	16	0
134	16	1.147014	266	16	0
134	16	6.618961	207	13	0
134	16	3.567482	188	20	0
134	17	5.185231	400	17	0
134	7	2.253832	175	19	0
134	8	5.715081	414	12	0
134	20	1.538624	144	19	0
134	20	5.080244	153	14	0
134	6	3.930201	157	17	0
134	8	5.320983	307	16	0
134	19	1.131395	114	18	0
134	17	5.638743	298	22	0
134	22	1.013176	541	15	0
134	23	4.471273	485	0	2
137	1	2.000000	189	20	1
137	3	4.544474	369	14	0
137	4	1.942637	397	16	0
137	6	4.769240	476	20	0
137	5	1.238317	559	23	0
137	7	1.943544	370	20	0
137	7	0.710222	284	18	0
137	9	3.401695	257	19	0
137	8	2.943048	510	21	0
137	10	1.154150	466	22	0
137	11	1.490710	603	21	0
137	13	4.346671	257	27	0
137	15	1.433947	98	15	0
137	15	6.342339	174	23	0
137	4	4.446518	175	21	0
137	13	0.094629	182	20	0
137	16	9.730100	178	17	0
137	17	4.867574	382	18	0
137	19	0.877074	169	25	0
137	19	0.206960	253	29	0
137	17	2.939826	388	21	0
137	17	5.229611	244	25	0
137	20	3.669750	695	23	0
137	22	0.167155	509	19	0
137	23	1.033771	139	0	2
140	1	2.000000	219	11	1
140	2	4.818535	265	17	0
140	4	0.107555	118	23	0
140	4	4.298261	283	21	0
140	6	1.938187	108	20	0
140	6	5.882975	151	26	0
140	8	3.701643	508	22	0
140	7	3.350134	525	31	0
140	7	4.922068	134	22	0
140	9	2.100021	482	16	0
140	10	5.536411	357	21	0
140	10	7.470247	272	30	0
140	11	5.715721	364	15	0
140	14	0.199533	780	12	0
140	15	4.131284	412	17	0
140	16	3.691973	237	25	0
140	16	7.354217	247	10	0
140	18	0.332918	115	17	0
140	16	5.920203	355	23	0
140	19	2.239474	69	26	0
140	16	5.119014	402	13	0
140	19	4.158045	246	25	0
140	20	2.714100	577	21	0
140	22	0.249584	119	21	0
140	22	4.036663	210	0	2
143	1	2.000000	96	15	1
143	3	0.244914	138	20	0
143	3	3.935582	184	19	0
143	4	3.082736	521	16	0
143	6	9.860203	123	22	0
143	6	4.143228	173	28	0
143	7	2.715310	327	14	0
143	8	6.365819	455	24	0
143	9	3.600290	155	17	0
143	10	5.401084	613	40	0
143	13	0.112432	93	14	0
143	12	3.825783	584	14	0
143	11	2.256261	358	21	0
143	13	5.386295	518	22	0
143	14	4.888596	553	28	0
143	17	2.231016	133	25	0
143	16	4.880453	615	18	0
143	4	2.024044	138	18	0
143	15	5.402579	164	11	0
143	1	1.679701	93	23	0
143	16	4.960619	573	11	0
143	20	2.441853	392	17	0
143	22	0.395892	136	17	0
143	22	4.256424	212	0	2
150	1	2.000000	194	26	1
150	2	3.203905	595	14	0
150	3	4.731205	110	13	0
150	4	3.814703	475	19	0
150	5	3.845790	479	19	0
150	7	2.946013	336	15	0
150	8	0.430329	202	20	0
150	8	5.962261	127	18	0
150	10	0.151590	140	20	0
150	9	2.121937	591	24	0
150	13	1.949749	145	16	0
150	13	0.792398	221	21	0
150	11	3.541522	323	19	0
150	14	0.014863	568	20	0
150	4	1.577101	137	17	0
150	11	0.138785	160	10	0
150	15	0.153699	557	21	0
150	16	5.306627	481	16	0
150	16	4.172595	158	21	0
150	17	3.904073	599	20	0
150	17	3.758128	231	20	0
150	17	5.968082	218	19	0
150	17	4.416458	233	23	0
150	17	7.069274	330	17	0
150	18	3.880185	242	20	0
150	22	4.244129	123	22	0
150	21	1.939776	587	0	2
153	1	2.000000	170	20	1
153	2	2.831279	507	20	0
153	5	1.607399	170	19	0
153	4	3.302903	481	13	0
153	6	2.452386	746	13	0
153	7	2.451682	738	19	0
153	8	9.235032	156	22	0
153	7	2.540621	745	23	0
153	13	0.600480	89	20	0
153	11	3.821862	429	22	0
153	10	1.500475	500	23	0
153	11	0.437213	129	13	0
153	10	4.103250	468	28	0
153	9	3.955648	121	19	0
153	14	3.094493	91	24	0
153	15	5.107069	617	14	0
153	13	4.455778	428	16	0
153	4	1.586131	98	26	0
153	15	5.485321	544	19	0
153	16	2.194656	332	19	0
153	20	0.293251	114	23	0
153	20	6.742719	151	18	0
153	9	3.215267	121	18	0
153	16	3.665603	493	19	0
153	17	0.681903	119	20	0
153	15	0.200335	169	33	0
153	17	3.209479	522	22	0
153	17	5.397659	227	20	0
153	17	2.465199	292	16	0
153	18	1.034101	172	15	0
153	17	4.690111	403	13	0
153	20	9.306704	488	18	0
153	22	1.265521	375	24	0
153	23	4.785057	652	0	2
156	1	2.000000	125	13	1
156	3	0.121165	131	19	0
156	3	4.055420	209	29	0
156	3	3.572008	257	20	0
156	4	1.898085	263	19	0
156	4	1.880538	269	9	0
156	5	3.422329	369	14	0
156	6	7.343218	714	25	0
156	6	4.388212	189	23	0
156	7	3.801397	528	22	0
156	8	5.953274	492	25	0
156	9	2.388613	355	25	0
156	10	5.604342	554	24	0
156	10	6.953125	256	20	0
156	11	2.690506	416	16	0
156	11	1.312052	235	18	0
156	14	5.555894	109	14	0
156	13	4.568821	575	15	0
156	14	4.550946	258	18	0
156	13	3.496030	481	21	0
156	14	2.318598	390	25	0
156	15	1.503153	332	20	0
156	16	5.272017	213	20	0
156	16	2.862946	257	14	0
156	16	1.839104	204	19	0
156	16	5.873314	149	27	0
156	6	4.198699	129	29	0
156	15	6.826518	107	16	0
156	16	6.068927	646	20	0
156	16	2.624380	160	21	0
156	16	6.912108	212	16	0
156	16	2.856394	195	21	0
156	16	6.619506	183	20	0
156	18	1.024697	132	22	0
156	20	2.581688	503	29	0
156	21	4.516833	361	0	2
159	1	2.000000	284	23	1
159	4	0.089037	119	22	0
159	3	2.805883	587	19	0
159	5	2.712445	457	22	0
159	6	3.769908	399	14	0
159	7	3.409926	638	23	0
159	8	3.229657	550	24	0
159	10	5.653684	730	15	0
159	8	5.011020	396	27	0
159	10	4.843971	470	19	0
159	10	6.741250	183	13	0
159	10	8.900336	214	24	0
159	11	4.487303	317	19	0
159	12	3.369598	268	21	0
159	14	2.467374	447	20	0
159	16	6.144121	310	29	0
159	16	6.184758	276	16	0
159	7	5.335470	73	26	0
159	8	4.875533	308	27	0
159	16	1.538797	309	19	0
159	16	8.089255	134	16	0
159	15	8.463532	605	27	0
159	19	3.086349	511	10	0
159	20	1.157014	290	21	0
159	20	5.957121	162	19	0
159	21	6.198563	412	0	2
166	1	2.000000	194	19	1
166	2	2.992424	269	21	0
166	3	2.957261	421	22	0
166	4	2.252395	776	26	0
166	8	2.662750	107	22	0
166	9	2.948585	399	19	0
166	10	4.471352	502	13	0
166	7	4.398333	457	20	0
166	7	2.174775	187	23	0
166	6	3.551025	579	17	0
166	11	0.556380	251	15	0
166	11	3.910215	208	21	0
166	14	1.269545	99	12	0
166	13	4.865685	169	14	0
166	14	2.857692	364	19	0
166	15	4.198854	202	18	0
166	16	5.633819	597	19	0
166	17	5.183563	435	12	0
166	18	4.712355	359	26	0
166	16	1.875268	635	23	0
166	20	5.266007	116	29	0
166	22	0.744971	136	19	0
166	23	1.101452	150	23	0
166	23	6.264243	252	0	2
