15	3	1501908	0
15	5	2104	0
15	2	590439	0
15	3	1501908	0
15	13	1	0
15	2	164072	0
15	3	1501908	0
15	5	710	0
15	4	3678	0
15	7	992	0
15	9	1	0
15	6	1	0
15	3	682780	0
15	3	144627	0
15	8	1	0
21	7	663	0
21	3	1501908	0
21	6	3634	0
21	4	1	0
21	6	1	0
21	7	14481	0
21	8	343	0
21	2	1156570	0
21	3	1501908	0
21	8	505	0
21	2	498444	0
21	6	525	0
21	4	257465	0
21	3	108364	0
21	7	15578	0
21	3	113370	0
21	6	2388	0
21	3	177710	0
21	4	257465	0
21	3	108364	0
21	8	1	0
12	2	963712	0
12	3	288391	0
12	1	1041179	0
12	9	1	0
12	5	513	0
12	4	719677	0
12	3	1501908	0
12	9	147	0
12	11	272	0
12	2	1156570	0
12	3	1501908	0
12	8	1	0
14	3	1501908	0
14	4	7831	0
14	2	498444	0
14	3	1501908	0
14	4	1472	0
14	2	164072	0
14	3	1501908	0
14	10	2373	0
14	10	5769	0
14	8	3	0
14	6	467	0
14	3	682780	0
14	3	108364	0
14	7	1	0
24	2	963712	0
24	6	5388	0
24	3	197131	0
24	4	719677	0
24	3	1501908	0
24	9	205	0
24	8	14	0
24	5	3187	0
24	5	7313	0
24	8	596	0
24	3	85472	0
24	7	784	0
24	5	185206	0
24	3	1501908	0
24	8	185	0
24	5	73	0
24	12	162	0
24	12	100	0
24	3	108364	0
24	5	2324	0
24	6	141	0
24	2	1156570	0
24	3	108364	0
24	10	1	0
14	2	963712	0
14	3	288391	0
14	1	1041179	0
14	8	1046	0
14	3	3273	0
14	4	719677	0
14	3	1501908	0
14	6	23	0
14	4	1081	0
14	2	1156570	0
14	3	1501908	0
14	3	5784	0
14	3	2990	0
14	6	1	0
22	2	963712	0
22	6	5388	0
22	3	197131	0
22	4	719677	0
22	3	1501908	0
22	8	2060	0
22	5	3187	0
22	9	1694	0
22	3	85472	0
22	9	1771	0
22	5	185206	0
22	3	1501908	0
22	9	10587	0
22	7	6752	0
22	10	167	0
22	10	179	0
22	5	185206	0
22	3	1501908	0
22	6	548	0
22	2	164072	0
22	3	1501908	0
22	5	1	0
22	2	963712	0
22	6	5388	0
22	3	197131	0
22	4	719677	0
22	3	1501908	0
22	8	2060	0
22	5	3187	0
22	9	1694	0
22	3	85472	0
22	9	1771	0
22	5	185206	0
22	3	1501908	0
22	9	10587	0
22	7	446	0
22	10	167	0
22	10	179	0
22	5	185206	0
22	3	1501908	0
22	6	548	0
22	2	164072	0
22	3	1501908	0
22	5	1	0
23	2	963712	0
23	6	5388	0
23	3	197131	0
23	4	719677	0
23	3	1501908	0
23	8	2060	0
23	5	3187	0
23	9	1694	0
23	3	85472	0
23	9	1771	0
23	4	719677	0
23	3	1501908	0
23	7	6752	0
23	3	288391	0
23	9	10587	0
23	10	167	0
23	10	179	0
23	5	185206	0
23	3	1501908	0
23	6	548	0
23	2	164072	0
23	3	1501908	0
23	5	1	0
23	2	963712	0
23	6	5388	0
23	3	197131	0
23	4	719677	0
23	3	1501908	0
23	8	2060	0
23	5	3187	0
23	9	1694	0
23	3	85472	0
23	9	1771	0
23	4	719677	0
23	3	1501908	0
23	7	446	0
23	3	288391	0
23	9	10587	0
23	10	167	0
23	10	179	0
23	5	185206	0
23	3	1501908	0
23	6	548	0
23	2	164072	0
23	3	1501908	0
23	5	1	0
23	2	963712	0
23	3	288391	0
23	4	56531	0
23	4	719677	0
23	3	1501908	0
23	7	2842	0
23	5	3187	0
23	9	701	0
23	3	85472	0
23	5	6300	0
23	5	185206	0
23	3	1501908	0
23	3	36913	0
23	10	70	0
23	9	3082	0
23	9	138	0
23	2	1156570	0
23	3	1501908	0
23	6	513	0
23	4	583	0
23	2	164072	0
23	3	1501908	0
23	7	1	0
23	2	963712	0
23	3	288391	0
23	4	56531	0
23	4	719677	0
23	3	1501908	0
23	7	2842	0
23	5	3187	0
23	9	701	0
23	3	85472	0
23	5	6300	0
23	5	185206	0
23	3	1501908	0
23	3	36913	0
23	10	264	0
23	9	3082	0
23	9	138	0
23	2	1156570	0
23	3	1501908	0
23	6	513	0
23	4	583	0
23	2	164072	0
23	3	1501908	0
23	7	1	0
24	2	963712	0
24	3	288391	0
24	4	56531	0
24	4	719677	0
24	3	1501908	0
24	7	2842	0
24	5	3187	0
24	9	701	0
24	3	85472	0
24	5	6300	0
24	4	719677	0
24	3	1501908	0
24	10	70	0
24	3	288391	0
24	3	36913	0
24	9	3082	0
24	9	138	0
24	2	1156570	0
24	3	1501908	0
24	6	513	0
24	4	583	0
24	2	164072	0
24	3	1501908	0
24	7	1	0
24	2	963712	0
24	3	288391	0
24	4	56531	0
24	4	719677	0
24	3	1501908	0
24	7	2842	0
24	5	3187	0
24	9	701	0
24	3	85472	0
24	5	6300	0
24	4	719677	0
24	3	1501908	0
24	10	264	0
24	3	288391	0
24	3	36913	0
24	9	3082	0
24	9	138	0
24	2	1156570	0
24	3	1501908	0
24	6	513	0
24	4	583	0
24	2	164072	0
24	3	1501908	0
24	7	1	0
22	2	963712	0
22	3	288391	0
22	7	59	0
22	4	719677	0
22	3	1501908	0
22	9	549	0
22	5	3187	0
22	4	17795	0
22	3	85472	0
22	10	179	0
22	5	185206	0
22	3	1501908	0
22	6	211	0
22	8	125	0
22	12	162	0
22	6	14	0
22	5	185206	0
22	3	1501908	0
22	6	141	0
22	3	351650	0
22	3	1501908	0
22	7	1	0
22	2	963712	0
22	3	288391	0
22	7	59	0
22	4	719677	0
22	3	1501908	0
22	9	549	0
22	5	3187	0
22	4	17795	0
22	3	85472	0
22	10	179	0
22	5	185206	0
22	3	1501908	0
22	6	211	0
22	8	864	0
22	12	162	0
22	6	14	0
22	5	185206	0
22	3	1501908	0
22	6	141	0
22	3	351650	0
22	3	1501908	0
22	7	1	0
23	2	963712	0
23	3	288391	0
23	7	59	0
23	4	719677	0
23	3	1501908	0
23	9	549	0
23	5	3187	0
23	4	17795	0
23	3	85472	0
23	10	179	0
23	4	719677	0
23	3	1501908	0
23	8	125	0
23	3	288391	0
23	6	211	0
23	12	162	0
23	6	14	0
23	5	185206	0
23	3	1501908	0
23	6	141	0
23	3	351650	0
23	3	1501908	0
23	7	1	0
23	2	963712	0
23	3	288391	0
23	7	59	0
23	4	719677	0
23	3	1501908	0
23	9	549	0
23	5	3187	0
23	4	17795	0
23	3	85472	0
23	10	179	0
23	4	719677	0
23	3	1501908	0
23	8	864	0
23	3	288391	0
23	6	211	0
23	12	162	0
23	6	14	0
23	5	185206	0
23	3	1501908	0
23	6	141	0
23	3	351650	0
23	3	1501908	0
23	7	1	0
23	2	963712	0
23	3	288391	0
23	7	579	0
23	4	719677	0
23	3	1501908	0
23	6	1336	0
23	5	3187	0
23	7	446	0
23	3	85472	0
23	10	179	0
23	5	185206	0
23	3	1501908	0
23	6	358	0
23	6	3553	0
23	8	14323	0
23	8	138	0
23	7	28026	0
23	3	1501908	0
23	4	102467	0
23	4	14895	0
23	5	34812	0
23	3	1501908	0
23	5	1	0
23	2	963712	0
23	3	288391	0
23	7	579	0
23	4	719677	0
23	3	1501908	0
23	6	1336	0
23	5	3187	0
23	7	446	0
23	3	85472	0
23	10	179	0
23	5	185206	0
23	3	1501908	0
23	6	358	0
23	3	355	0
23	8	14323	0
23	8	138	0
23	7	28026	0
23	3	1501908	0
23	4	102467	0
23	4	14895	0
23	5	34812	0
23	3	1501908	0
23	5	1	0
24	2	963712	0
24	3	288391	0
24	7	579	0
24	4	719677	0
24	3	1501908	0
24	6	1336	0
24	5	3187	0
24	7	446	0
24	3	85472	0
24	10	179	0
24	4	719677	0
24	3	1501908	0
24	6	3553	0
24	3	288391	0
24	6	358	0
24	8	14323	0
24	8	138	0
24	7	28026	0
24	3	1501908	0
24	4	102467	0
24	4	14895	0
24	5	34812	0
24	3	1501908	0
24	5	1	0
24	2	963712	0
24	3	288391	0
24	7	579	0
24	4	719677	0
24	3	1501908	0
24	6	1336	0
24	5	3187	0
24	7	446	0
24	3	85472	0
24	10	179	0
24	4	719677	0
24	3	1501908	0
24	3	355	0
24	3	288391	0
24	6	358	0
24	8	14323	0
24	8	138	0
24	7	28026	0
24	3	1501908	0
24	4	102467	0
24	4	14895	0
24	5	34812	0
24	3	1501908	0
24	5	1	0
22	2	963712	0
22	3	288391	0
22	9	130	0
22	4	719677	0
22	3	1501908	0
22	10	311	0
22	5	3187	0
22	4	6339	0
22	3	85472	0
22	7	41232	0
22	5	185206	0
22	3	1501908	0
22	10	815	0
22	3	24636	0
22	7	1529	0
22	4	2234	0
22	5	185206	0
22	3	1501908	0
22	5	11260	0
22	2	164072	0
22	3	1501908	0
22	10	1	0
22	2	963712	0
22	3	288391	0
22	9	130	0
22	4	719677	0
22	3	1501908	0
22	10	311	0
22	5	3187	0
22	4	6339	0
22	3	85472	0
22	7	41232	0
22	5	185206	0
22	3	1501908	0
22	10	815	0
22	7	235	0
22	7	1529	0
22	4	2234	0
22	5	185206	0
22	3	1501908	0
22	5	11260	0
22	2	164072	0
22	3	1501908	0
22	10	1	0
23	2	963712	0
23	3	288391	0
23	9	130	0
23	4	719677	0
23	3	1501908	0
23	10	311	0
23	5	3187	0
23	4	6339	0
23	3	85472	0
23	7	41232	0
23	4	719677	0
23	3	1501908	0
23	3	24636	0
23	3	288391	0
23	10	815	0
23	7	1529	0
23	4	2234	0
23	5	185206	0
23	3	1501908	0
23	5	11260	0
23	2	164072	0
23	3	1501908	0
23	10	1	0
23	2	963712	0
23	3	288391	0
23	9	130	0
23	4	719677	0
23	3	1501908	0
23	10	311	0
23	5	3187	0
23	4	6339	0
23	3	85472	0
23	7	41232	0
23	4	719677	0
23	3	1501908	0
23	7	235	0
23	3	288391	0
23	10	815	0
23	7	1529	0
23	4	2234	0
23	5	185206	0
23	3	1501908	0
23	5	11260	0
23	2	164072	0
23	3	1501908	0
23	10	1	0
22	2	963712	0
22	3	288391	0
22	8	198	0
22	4	719677	0
22	3	1501908	0
22	7	1985	0
22	5	3187	0
22	4	78	0
22	3	85472	0
22	5	6300	0
22	5	185206	0
22	3	1501908	0
22	11	294	0
22	7	2400	0
22	7	4377	0
22	6	1467	0
22	2	164072	0
22	3	1501908	0
22	5	701	0
22	2	498444	0
22	3	1501908	0
22	8	1	0
22	2	963712	0
22	3	288391	0
22	8	198	0
22	4	719677	0
22	3	1501908	0
22	7	1985	0
22	5	3187	0
22	4	78	0
22	3	85472	0
22	5	6300	0
22	5	185206	0
22	3	1501908	0
22	11	294	0
22	7	1	0
22	7	4377	0
22	6	1467	0
22	2	164072	0
22	3	1501908	0
22	5	701	0
22	2	498444	0
22	3	1501908	0
22	8	1	0
23	2	963712	0
23	3	288391	0
23	8	198	0
23	4	719677	0
23	3	1501908	0
23	7	1985	0
23	5	3187	0
23	4	78	0
23	3	85472	0
23	5	6300	0
23	4	719677	0
23	3	1501908	0
23	7	2400	0
23	3	288391	0
23	11	294	0
23	7	4377	0
23	6	1467	0
23	2	164072	0
23	3	1501908	0
23	5	701	0
23	2	498444	0
23	3	1501908	0
23	8	1	0
23	2	963712	0
23	3	288391	0
23	8	198	0
23	4	719677	0
23	3	1501908	0
23	7	1985	0
23	5	3187	0
23	4	78	0
23	3	85472	0
23	5	6300	0
23	4	719677	0
23	3	1501908	0
23	7	1	0
23	3	288391	0
23	11	294	0
23	7	4377	0
23	6	1467	0
23	2	164072	0
23	3	1501908	0
23	5	701	0
23	2	498444	0
23	3	1501908	0
23	8	1	0
22	2	963712	0
22	3	288391	0
22	4	56531	0
22	4	719677	0
22	3	1501908	0
22	8	1180	0
22	5	3187	0
22	10	216	0
22	5	20196	0
22	3	197131	0
22	5	185206	0
22	3	1501908	0
22	8	1191	0
22	5	369	0
22	8	16439	0
22	9	4	0
22	2	164072	0
22	3	1501908	0
22	12	539	0
22	2	590439	0
22	3	1501908	0
22	6	1	0
22	2	963712	0
22	3	288391	0
22	4	56531	0
22	4	719677	0
22	3	1501908	0
22	8	1180	0
22	5	3187	0
22	10	216	0
22	5	20196	0
22	3	197131	0
22	5	185206	0
22	3	1501908	0
22	8	1191	0
22	9	213	0
22	8	16439	0
22	9	4	0
22	2	164072	0
22	3	1501908	0
22	12	539	0
22	2	590439	0
22	3	1501908	0
22	6	1	0
23	2	963712	0
23	3	288391	0
23	4	56531	0
23	4	719677	0
23	3	1501908	0
23	8	1180	0
23	5	3187	0
23	10	216	0
23	5	20196	0
23	3	197131	0
23	4	719677	0
23	3	1501908	0
23	5	369	0
23	3	288391	0
23	8	1191	0
23	8	16439	0
23	9	4	0
23	2	164072	0
23	3	1501908	0
23	12	539	0
23	2	590439	0
23	3	1501908	0
23	6	1	0
23	2	963712	0
23	3	288391	0
23	4	56531	0
23	4	719677	0
23	3	1501908	0
23	8	1180	0
23	5	3187	0
23	10	216	0
23	5	20196	0
23	3	197131	0
23	4	719677	0
23	3	1501908	0
23	9	213	0
23	3	288391	0
23	8	1191	0
23	8	16439	0
23	9	4	0
23	2	164072	0
23	3	1501908	0
23	12	539	0
23	2	590439	0
23	3	1501908	0
23	6	1	0
22	2	963712	0
22	3	288391	0
22	7	2131	0
22	4	719677	0
22	3	1501908	0
22	3	17299	0
22	5	3187	0
22	6	24476	0
22	3	85472	0
22	10	179	0
22	5	185206	0
22	3	1501908	0
22	5	3389	0
22	4	22415	0
22	6	33418	0
22	6	5	0
22	5	185206	0
22	3	1501908	0
22	9	265	0
22	3	351650	0
22	3	1501908	0
22	5	1	0
22	2	963712	0
22	3	288391	0
22	7	2131	0
22	4	719677	0
22	3	1501908	0
22	3	17299	0
22	5	3187	0
22	6	24476	0
22	3	85472	0
22	10	179	0
22	5	185206	0
22	3	1501908	0
22	5	3389	0
22	7	40	0
22	6	33418	0
22	6	5	0
22	5	185206	0
22	3	1501908	0
22	9	265	0
22	3	351650	0
22	3	1501908	0
22	5	1	0
23	2	963712	0
23	3	288391	0
23	7	2131	0
23	4	719677	0
23	3	1501908	0
23	3	17299	0
23	5	3187	0
23	6	24476	0
23	3	85472	0
23	10	179	0
23	4	719677	0
23	3	1501908	0
23	4	22415	0
23	3	288391	0
23	5	3389	0
23	6	33418	0
23	6	5	0
23	5	185206	0
23	3	1501908	0
23	9	265	0
23	3	351650	0
23	3	1501908	0
23	5	1	0
23	2	963712	0
23	3	288391	0
23	7	2131	0
23	4	719677	0
23	3	1501908	0
23	3	17299	0
23	5	3187	0
23	6	24476	0
23	3	85472	0
23	10	179	0
23	4	719677	0
23	3	1501908	0
23	7	40	0
23	3	288391	0
23	5	3389	0
23	6	33418	0
23	6	5	0
23	5	185206	0
23	3	1501908	0
23	9	265	0
23	3	351650	0
23	3	1501908	0
23	5	1	0
22	2	963712	0
22	6	5388	0
22	3	197131	0
22	4	719677	0
22	3	1501908	0
22	8	590	0
22	5	3187	0
22	7	2038	0
22	3	85472	0
22	5	6300	0
22	5	185206	0
22	3	1501908	0
22	6	1398	0
22	4	40699	0
22	10	1246	0
22	4	4595	0
22	7	18087	0
22	3	56068	0
22	6	3022	0
22	2	1156570	0
22	3	1501908	0
22	8	1	0
22	2	963712	0
22	6	5388	0
22	3	197131	0
22	4	719677	0
22	3	1501908	0
22	8	590	0
22	5	3187	0
22	7	2038	0
22	3	85472	0
22	5	6300	0
22	5	185206	0
22	3	1501908	0
22	6	1398	0
22	10	304	0
22	10	1246	0
22	4	4595	0
22	7	18087	0
22	3	56068	0
22	6	3022	0
22	2	1156570	0
22	3	1501908	0
22	8	1	0
23	2	963712	0
23	6	5388	0
23	3	197131	0
23	4	719677	0
23	3	1501908	0
23	8	590	0
23	5	3187	0
23	7	2038	0
23	3	85472	0
23	5	6300	0
23	4	719677	0
23	3	1501908	0
23	4	40699	0
23	3	288391	0
23	6	1398	0
23	10	1246	0
23	4	4595	0
23	7	18087	0
23	3	56068	0
23	6	3022	0
23	2	1156570	0
23	3	1501908	0
23	8	1	0
23	2	963712	0
23	6	5388	0
23	3	197131	0
23	4	719677	0
23	3	1501908	0
23	8	590	0
23	5	3187	0
23	7	2038	0
23	3	85472	0
23	5	6300	0
23	4	719677	0
23	3	1501908	0
23	10	304	0
23	3	288391	0
23	6	1398	0
23	10	1246	0
23	4	4595	0
23	7	18087	0
23	3	56068	0
23	6	3022	0
23	2	1156570	0
23	3	1501908	0
23	8	1	0
22	2	963712	0
22	6	5388	0
22	3	197131	0
22	4	719677	0
22	3	1501908	0
22	6	1460	0
22	5	3187	0
22	5	486	0
22	3	85472	0
22	5	22	0
22	5	185206	0
22	3	1501908	0
22	8	4795	0
22	6	10336	0
22	7	5989	0
22	10	183	0
22	3	351650	0
22	3	1501908	0
22	8	1142	0
22	2	164072	0
22	3	1501908	0
22	9	1	0
22	2	963712	0
22	6	5388	0
22	3	197131	0
22	4	719677	0
22	3	1501908	0
22	6	1460	0
22	5	3187	0
22	5	486	0
22	3	85472	0
22	5	22	0
22	5	185206	0
22	3	1501908	0
22	8	4795	0
22	14	45	0
22	7	5989	0
22	10	183	0
22	3	351650	0
22	3	1501908	0
22	8	1142	0
22	2	164072	0
22	3	1501908	0
22	9	1	0
23	2	963712	0
23	6	5388	0
23	3	197131	0
23	4	719677	0
23	3	1501908	0
23	6	1460	0
23	5	3187	0
23	5	486	0
23	3	85472	0
23	5	22	0
23	4	719677	0
23	3	1501908	0
23	6	10336	0
23	3	288391	0
23	8	4795	0
23	7	5989	0
23	10	183	0
23	3	351650	0
23	3	1501908	0
23	8	1142	0
23	2	164072	0
23	3	1501908	0
23	9	1	0
23	2	963712	0
23	6	5388	0
23	3	197131	0
23	4	719677	0
23	3	1501908	0
23	6	1460	0
23	5	3187	0
23	5	486	0
23	3	85472	0
23	5	22	0
23	4	719677	0
23	3	1501908	0
23	14	45	0
23	3	288391	0
23	8	4795	0
23	7	5989	0
23	10	183	0
23	3	351650	0
23	3	1501908	0
23	8	1142	0
23	2	164072	0
23	3	1501908	0
23	9	1	0
22	2	963712	0
22	3	288391	0
22	9	204	0
22	4	719677	0
22	3	1501908	0
22	6	3	0
22	5	3187	0
22	6	2416	0
22	3	85472	0
22	7	41232	0
22	5	185206	0
22	3	1501908	0
22	10	311	0
22	8	1017	0
22	8	16439	0
22	7	12	0
22	5	13358	0
22	3	1501908	0
22	6	1850	0
22	2	590439	0
22	3	1501908	0
22	9	1	0
22	2	963712	0
22	3	288391	0
22	9	204	0
22	4	719677	0
22	3	1501908	0
22	6	3	0
22	5	3187	0
22	6	2416	0
22	3	85472	0
22	7	41232	0
22	5	185206	0
22	3	1501908	0
22	10	311	0
22	6	2715	0
22	8	16439	0
22	7	12	0
22	5	13358	0
22	3	1501908	0
22	6	1850	0
22	2	590439	0
22	3	1501908	0
22	9	1	0
23	2	963712	0
23	3	288391	0
23	9	204	0
23	4	719677	0
23	3	1501908	0
23	6	3	0
23	5	3187	0
23	6	2416	0
23	3	85472	0
23	7	41232	0
23	4	719677	0
23	3	1501908	0
23	8	1017	0
23	3	288391	0
23	10	311	0
23	8	16439	0
23	7	12	0
23	5	13358	0
23	3	1501908	0
23	6	1850	0
23	2	590439	0
23	3	1501908	0
23	9	1	0
23	2	963712	0
23	3	288391	0
23	9	204	0
23	4	719677	0
23	3	1501908	0
23	6	3	0
23	5	3187	0
23	6	2416	0
23	3	85472	0
23	7	41232	0
23	4	719677	0
23	3	1501908	0
23	6	2715	0
23	3	288391	0
23	10	311	0
23	8	16439	0
23	7	12	0
23	5	13358	0
23	3	1501908	0
23	6	1850	0
23	2	590439	0
23	3	1501908	0
23	9	1	0
22	2	963712	0
22	3	288391	0
22	5	8763	0
22	4	719677	0
22	3	1501908	0
22	7	40	0
22	5	3187	0
22	6	9207	0
22	3	85472	0
22	5	19775	0
22	5	185206	0
22	3	1501908	0
22	4	4475	0
22	5	4447	0
22	8	16439	0
22	5	662	0
22	4	67488	0
22	3	1501908	0
22	3	859	0
22	2	498444	0
22	3	1501908	0
22	7	1	0
22	2	963712	0
22	3	288391	0
22	5	8763	0
22	4	719677	0
22	3	1501908	0
22	7	40	0
22	5	3187	0
22	6	9207	0
22	3	85472	0
22	5	19775	0
22	5	185206	0
22	3	1501908	0
22	4	4475	0
22	4	25978	0
22	8	16439	0
22	5	662	0
22	4	67488	0
22	3	1501908	0
22	3	859	0
22	2	498444	0
22	3	1501908	0
22	7	1	0
23	2	963712	0
23	3	288391	0
23	5	8763	0
23	4	719677	0
23	3	1501908	0
23	7	40	0
23	5	3187	0
23	6	9207	0
23	3	85472	0
23	5	19775	0
23	4	719677	0
23	3	1501908	0
23	5	4447	0
23	3	288391	0
23	4	4475	0
23	8	16439	0
23	5	662	0
23	4	67488	0
23	3	1501908	0
23	3	859	0
23	2	498444	0
23	3	1501908	0
23	7	1	0
23	2	963712	0
23	3	288391	0
23	5	8763	0
23	4	719677	0
23	3	1501908	0
23	7	40	0
23	5	3187	0
23	6	9207	0
23	3	85472	0
23	5	19775	0
23	4	719677	0
23	3	1501908	0
23	4	25978	0
23	3	288391	0
23	4	4475	0
23	8	16439	0
23	5	662	0
23	4	67488	0
23	3	1501908	0
23	3	859	0
23	2	498444	0
23	3	1501908	0
23	7	1	0
22	2	963712	0
22	3	288391	0
22	7	2131	0
22	4	719677	0
22	3	1501908	0
22	8	588	0
22	5	3187	0
22	9	346	0
22	3	85472	0
22	9	1771	0
22	5	185206	0
22	3	1501908	0
22	7	7577	0
22	8	844	0
22	7	1529	0
22	7	19	0
22	5	185206	0
22	1	1041179	0
22	5	11890	0
22	2	164072	0
22	3	1501908	0
22	4	1	0
22	2	963712	0
22	3	288391	0
22	7	2131	0
22	4	719677	0
22	3	1501908	0
22	8	588	0
22	5	3187	0
22	9	346	0
22	3	85472	0
22	9	1771	0
22	5	185206	0
22	3	1501908	0
22	7	7577	0
22	5	2037	0
22	7	1529	0
22	7	19	0
22	5	185206	0
22	1	1041179	0
22	5	11890	0
22	2	164072	0
22	3	1501908	0
22	4	1	0
23	2	963712	0
23	3	288391	0
23	7	2131	0
23	4	719677	0
23	3	1501908	0
23	8	588	0
23	5	3187	0
23	9	346	0
23	3	85472	0
23	9	1771	0
23	4	719677	0
23	3	1501908	0
23	8	844	0
23	3	288391	0
23	7	7577	0
23	7	1529	0
23	7	19	0
23	5	185206	0
23	1	1041179	0
23	5	11890	0
23	2	164072	0
23	3	1501908	0
23	4	1	0
23	2	963712	0
23	3	288391	0
23	7	2131	0
23	4	719677	0
23	3	1501908	0
23	8	588	0
23	5	3187	0
23	9	346	0
23	3	85472	0
23	9	1771	0
23	4	719677	0
23	3	1501908	0
23	5	2037	0
23	3	288391	0
23	7	7577	0
23	7	1529	0
23	7	19	0
23	5	185206	0
23	1	1041179	0
23	5	11890	0
23	2	164072	0
23	3	1501908	0
23	4	1	0
22	2	963712	0
22	3	288391	0
22	5	8763	0
22	4	719677	0
22	3	1501908	0
22	6	84	0
22	5	3187	0
22	8	34	0
22	3	85472	0
22	8	1788	0
22	2	498444	0
22	3	1501908	0
22	13	109	0
22	10	652	0
22	6	76508	0
22	5	723	0
22	5	185206	0
22	3	1501908	0
22	10	983	0
22	2	590439	0
22	3	1501908	0
22	6	1	0
22	2	963712	0
22	3	288391	0
22	5	8763	0
22	4	719677	0
22	3	1501908	0
22	6	84	0
22	5	3187	0
22	8	34	0
22	3	85472	0
22	8	1788	0
22	2	498444	0
22	3	1501908	0
22	13	109	0
22	4	78	0
22	6	76508	0
22	5	723	0
22	5	185206	0
22	3	1501908	0
22	10	983	0
22	2	590439	0
22	3	1501908	0
22	6	1	0
23	2	963712	0
23	3	288391	0
23	5	8763	0
23	4	719677	0
23	3	1501908	0
23	6	84	0
23	5	3187	0
23	8	34	0
23	3	85472	0
23	8	1788	0
23	4	719677	0
23	3	1501908	0
23	10	652	0
23	3	288391	0
23	13	109	0
23	6	76508	0
23	5	723	0
23	5	185206	0
23	3	1501908	0
23	10	983	0
23	2	590439	0
23	3	1501908	0
23	6	1	0
23	2	963712	0
23	3	288391	0
23	5	8763	0
23	4	719677	0
23	3	1501908	0
23	6	84	0
23	5	3187	0
23	8	34	0
23	3	85472	0
23	8	1788	0
23	4	719677	0
23	3	1501908	0
23	4	78	0
23	3	288391	0
23	13	109	0
23	6	76508	0
23	5	723	0
23	5	185206	0
23	3	1501908	0
23	10	983	0
23	2	590439	0
23	3	1501908	0
23	6	1	0
23	2	963712	0
23	3	288391	0
23	5	8763	0
23	4	719677	0
23	3	1501908	0
23	7	5	0
23	5	3187	0
23	6	21384	0
23	5	20196	0
23	3	197131	0
23	5	185206	0
23	3	1501908	0
23	4	7010	0
23	3	24636	0
23	9	3082	0
23	11	84	0
23	2	1156570	0
23	3	1501908	0
23	9	4207	0
23	2	164072	0
23	3	1501908	0
23	7	1454	0
23	7	1	0
23	2	963712	0
23	3	288391	0
23	5	8763	0
23	4	719677	0
23	3	1501908	0
23	7	5	0
23	5	3187	0
23	6	21384	0
23	5	20196	0
23	3	197131	0
23	5	185206	0
23	3	1501908	0
23	4	7010	0
23	6	253	0
23	9	3082	0
23	11	84	0
23	2	1156570	0
23	3	1501908	0
23	9	4207	0
23	2	164072	0
23	3	1501908	0
23	7	1454	0
23	7	1	0
24	2	963712	0
24	3	288391	0
24	5	8763	0
24	4	719677	0
24	3	1501908	0
24	7	5	0
24	5	3187	0
24	6	21384	0
24	5	20196	0
24	3	197131	0
24	4	719677	0
24	3	1501908	0
24	3	24636	0
24	3	288391	0
24	4	7010	0
24	9	3082	0
24	11	84	0
24	2	1156570	0
24	3	1501908	0
24	9	4207	0
24	2	164072	0
24	3	1501908	0
24	7	1454	0
24	7	1	0
24	2	963712	0
24	3	288391	0
24	5	8763	0
24	4	719677	0
24	3	1501908	0
24	7	5	0
24	5	3187	0
24	6	21384	0
24	5	20196	0
24	3	197131	0
24	4	719677	0
24	3	1501908	0
24	6	253	0
24	3	288391	0
24	4	7010	0
24	9	3082	0
24	11	84	0
24	2	1156570	0
24	3	1501908	0
24	9	4207	0
24	2	164072	0
24	3	1501908	0
24	7	1454	0
24	7	1	0
22	2	963712	0
22	3	288391	0
22	10	448	0
22	4	719677	0
22	3	1501908	0
22	8	41	0
22	5	3187	0
22	7	2195	0
22	3	85472	0
22	5	19775	0
22	5	185206	0
22	3	1501908	0
22	9	3068	0
22	7	2174	0
22	8	16439	0
22	6	1832	0
22	4	257465	0
22	3	1501908	0
22	6	1378	0
22	2	590439	0
22	3	1501908	0
22	11	1	0
22	2	963712	0
22	3	288391	0
22	10	448	0
22	4	719677	0
22	3	1501908	0
22	8	41	0
22	5	3187	0
22	7	2195	0
22	3	85472	0
22	5	19775	0
22	5	185206	0
22	3	1501908	0
22	9	3068	0
22	9	1	0
22	8	16439	0
22	6	1832	0
22	4	257465	0
22	3	1501908	0
22	6	1378	0
22	2	590439	0
22	3	1501908	0
22	11	1	0
23	2	963712	0
23	3	288391	0
23	10	448	0
23	4	719677	0
23	3	1501908	0
23	8	41	0
23	5	3187	0
23	7	2195	0
23	3	85472	0
23	5	19775	0
23	4	719677	0
23	3	1501908	0
23	7	2174	0
23	3	288391	0
23	9	3068	0
23	8	16439	0
23	6	1832	0
23	4	257465	0
23	3	1501908	0
23	6	1378	0
23	2	590439	0
23	3	1501908	0
23	11	1	0
23	2	963712	0
23	3	288391	0
23	10	448	0
23	4	719677	0
23	3	1501908	0
23	8	41	0
23	5	3187	0
23	7	2195	0
23	3	85472	0
23	5	19775	0
23	4	719677	0
23	3	1501908	0
23	9	1	0
23	3	288391	0
23	9	3068	0
23	8	16439	0
23	6	1832	0
23	4	257465	0
23	3	1501908	0
23	6	1378	0
23	2	590439	0
23	3	1501908	0
23	11	1	0
22	2	963712	0
22	3	288391	0
22	4	56531	0
22	4	719677	0
22	3	1501908	0
22	4	28413	0
22	5	3187	0
22	5	531	0
22	3	85472	0
22	7	4831	0
22	5	185206	0
22	3	1501908	0
22	9	3068	0
22	8	1027	0
22	10	167	0
22	5	662	0
22	5	185206	0
22	3	1501908	0
22	4	21325	0
22	2	1156570	0
22	3	1501908	0
22	5	1	0
22	2	963712	0
22	3	288391	0
22	4	56531	0
22	4	719677	0
22	3	1501908	0
22	4	28413	0
22	5	3187	0
22	5	531	0
22	3	85472	0
22	7	4831	0
22	5	185206	0
22	3	1501908	0
22	9	3068	0
22	7	49	0
22	10	167	0
22	5	662	0
22	5	185206	0
22	3	1501908	0
22	4	21325	0
22	2	1156570	0
22	3	1501908	0
22	5	1	0
23	2	963712	0
23	3	288391	0
23	4	56531	0
23	4	719677	0
23	3	1501908	0
23	4	28413	0
23	5	3187	0
23	5	531	0
23	3	85472	0
23	7	4831	0
23	4	719677	0
23	3	1501908	0
23	8	1027	0
23	3	288391	0
23	9	3068	0
23	10	167	0
23	5	662	0
23	5	185206	0
23	3	1501908	0
23	4	21325	0
23	2	1156570	0
23	3	1501908	0
23	5	1	0
23	2	963712	0
23	3	288391	0
23	4	56531	0
23	4	719677	0
23	3	1501908	0
23	4	28413	0
23	5	3187	0
23	5	531	0
23	3	85472	0
23	7	4831	0
23	4	719677	0
23	3	1501908	0
23	7	49	0
23	3	288391	0
23	9	3068	0
23	10	167	0
23	5	662	0
23	5	185206	0
23	3	1501908	0
23	4	21325	0
23	2	1156570	0
23	3	1501908	0
23	5	1	0
22	2	963712	0
22	3	288391	0
22	7	579	0
22	4	719677	0
22	3	1501908	0
22	7	237	0
22	5	3187	0
22	5	910	0
22	5	20196	0
22	3	197131	0
22	5	185206	0
22	3	1501908	0
22	7	4484	0
22	8	186	0
22	8	14323	0
22	5	19	0
22	10	548	0
22	3	1501908	0
22	9	26	0
22	2	498444	0
22	3	1501908	0
22	8	1	0
22	2	963712	0
22	3	288391	0
22	7	579	0
22	4	719677	0
22	3	1501908	0
22	7	237	0
22	5	3187	0
22	5	910	0
22	5	20196	0
22	3	197131	0
22	5	185206	0
22	3	1501908	0
22	7	4484	0
22	6	1	0
22	8	14323	0
22	5	19	0
22	10	548	0
22	3	1501908	0
22	9	26	0
22	2	498444	0
22	3	1501908	0
22	8	1	0
23	2	963712	0
23	3	288391	0
23	7	579	0
23	4	719677	0
23	3	1501908	0
23	7	237	0
23	5	3187	0
23	5	910	0
23	5	20196	0
23	3	197131	0
23	4	719677	0
23	3	1501908	0
23	8	186	0
23	3	288391	0
23	7	4484	0
23	8	14323	0
23	5	19	0
23	10	548	0
23	3	1501908	0
23	9	26	0
23	2	498444	0
23	3	1501908	0
23	8	1	0
23	2	963712	0
23	3	288391	0
23	7	579	0
23	4	719677	0
23	3	1501908	0
23	7	237	0
23	5	3187	0
23	5	910	0
23	5	20196	0
23	3	197131	0
23	4	719677	0
23	3	1501908	0
23	6	1	0
23	3	288391	0
23	7	4484	0
23	8	14323	0
23	5	19	0
23	10	548	0
23	3	1501908	0
23	9	26	0
23	2	498444	0
23	3	1501908	0
23	8	1	0
23	2	963712	0
23	3	288391	0
23	8	198	0
23	4	719677	0
23	3	1501908	0
23	7	3246	0
23	5	3187	0
23	5	2294	0
23	3	85472	0
23	7	4831	0
23	5	185206	0
23	3	1501908	0
23	3	27804	0
23	4	3724	0
23	12	162	0
23	7	1949	0
23	2	498444	0
23	1	1041179	0
23	6	1407	0
23	3	24636	0
23	3	351650	0
23	3	1501908	0
23	12	1	0
23	2	963712	0
23	3	288391	0
23	8	198	0
23	4	719677	0
23	3	1501908	0
23	7	3246	0
23	5	3187	0
23	5	2294	0
23	3	85472	0
23	7	4831	0
23	5	185206	0
23	3	1501908	0
23	3	27804	0
23	9	16	0
23	12	162	0
23	7	1949	0
23	2	498444	0
23	1	1041179	0
23	6	1407	0
23	3	24636	0
23	3	351650	0
23	3	1501908	0
23	12	1	0
24	2	963712	0
24	3	288391	0
24	8	198	0
24	4	719677	0
24	3	1501908	0
24	7	3246	0
24	5	3187	0
24	5	2294	0
24	3	85472	0
24	7	4831	0
24	4	719677	0
24	3	1501908	0
24	4	3724	0
24	3	288391	0
24	3	27804	0
24	12	162	0
24	7	1949	0
24	2	498444	0
24	1	1041179	0
24	6	1407	0
24	3	24636	0
24	3	351650	0
24	3	1501908	0
24	12	1	0
24	2	963712	0
24	3	288391	0
24	8	198	0
24	4	719677	0
24	3	1501908	0
24	7	3246	0
24	5	3187	0
24	5	2294	0
24	3	85472	0
24	7	4831	0
24	4	719677	0
24	3	1501908	0
24	9	16	0
24	3	288391	0
24	3	27804	0
24	12	162	0
24	7	1949	0
24	2	498444	0
24	1	1041179	0
24	6	1407	0
24	3	24636	0
24	3	351650	0
24	3	1501908	0
24	12	1	0
22	2	963712	0
22	3	288391	0
22	7	1508	0
22	4	719677	0
22	3	1501908	0
22	7	47	0
22	5	3187	0
22	6	232	0
22	3	85472	0
22	5	19775	0
22	5	185206	0
22	3	1501908	0
22	8	548	0
22	7	78	0
22	10	3848	0
22	4	2234	0
22	5	185206	0
22	3	1501908	0
22	5	2722	0
22	2	590439	0
22	3	1501908	0
22	9	1	0
22	2	963712	0
22	3	288391	0
22	7	1508	0
22	4	719677	0
22	3	1501908	0
22	7	47	0
22	5	3187	0
22	6	232	0
22	3	85472	0
22	5	19775	0
22	5	185206	0
22	3	1501908	0
22	8	548	0
22	6	1460	0
22	10	3848	0
22	4	2234	0
22	5	185206	0
22	3	1501908	0
22	5	2722	0
22	2	590439	0
22	3	1501908	0
22	9	1	0
23	2	963712	0
23	3	288391	0
23	7	1508	0
23	4	719677	0
23	3	1501908	0
23	7	47	0
23	5	3187	0
23	6	232	0
23	3	85472	0
23	5	19775	0
23	4	719677	0
23	3	1501908	0
23	7	78	0
23	3	288391	0
23	8	548	0
23	10	3848	0
23	4	2234	0
23	5	185206	0
23	3	1501908	0
23	5	2722	0
23	2	590439	0
23	3	1501908	0
23	9	1	0
23	2	963712	0
23	3	288391	0
23	7	1508	0
23	4	719677	0
23	3	1501908	0
23	7	47	0
23	5	3187	0
23	6	232	0
23	3	85472	0
23	5	19775	0
23	4	719677	0
23	3	1501908	0
23	6	1460	0
23	3	288391	0
23	8	548	0
23	10	3848	0
23	4	2234	0
23	5	185206	0
23	3	1501908	0
23	5	2722	0
23	2	590439	0
23	3	1501908	0
23	9	1	0
23	2	963712	0
23	3	288391	0
23	4	56531	0
23	4	719677	0
23	3	1501908	0
23	8	374	0
23	5	3187	0
23	7	147	0
23	3	85472	0
23	7	2964	0
23	5	185206	0
23	3	1501908	0
23	4	33125	0
23	8	201	0
23	6	33418	0
23	6	1485	0
23	3	351650	0
23	3	1501908	0
23	5	3299	0
23	2	354742	0
23	3	1501908	0
23	5	9259	0
23	5	1	0
23	2	963712	0
23	3	288391	0
23	4	56531	0
23	4	719677	0
23	3	1501908	0
23	8	374	0
23	5	3187	0
23	7	147	0
23	3	85472	0
23	7	2964	0
23	5	185206	0
23	3	1501908	0
23	4	33125	0
23	8	864	0
23	6	33418	0
23	6	1485	0
23	3	351650	0
23	3	1501908	0
23	5	3299	0
23	2	354742	0
23	3	1501908	0
23	5	9259	0
23	5	1	0
24	2	963712	0
24	3	288391	0
24	4	56531	0
24	4	719677	0
24	3	1501908	0
24	8	374	0
24	5	3187	0
24	7	147	0
24	3	85472	0
24	7	2964	0
24	4	719677	0
24	3	1501908	0
24	8	201	0
24	3	288391	0
24	4	33125	0
24	6	33418	0
24	6	1485	0
24	3	351650	0
24	3	1501908	0
24	5	3299	0
24	2	354742	0
24	3	1501908	0
24	5	9259	0
24	5	1	0
24	2	963712	0
24	3	288391	0
24	4	56531	0
24	4	719677	0
24	3	1501908	0
24	8	374	0
24	5	3187	0
24	7	147	0
24	3	85472	0
24	7	2964	0
24	4	719677	0
24	3	1501908	0
24	8	864	0
24	3	288391	0
24	4	33125	0
24	6	33418	0
24	6	1485	0
24	3	351650	0
24	3	1501908	0
24	5	3299	0
24	2	354742	0
24	3	1501908	0
24	5	9259	0
24	5	1	0
22	2	963712	0
22	3	288391	0
22	8	198	0
22	4	719677	0
22	3	1501908	0
22	7	30	0
22	5	3187	0
22	12	273	0
22	3	85472	0
22	5	830	0
22	3	351650	0
22	1	1041179	0
22	8	852	0
22	7	43	0
22	8	16439	0
22	4	4369	0
22	3	351650	0
22	3	1501908	0
22	5	628	0
22	2	164072	0
22	3	1501908	0
22	6	1	0
22	2	963712	0
22	3	288391	0
22	8	198	0
22	4	719677	0
22	3	1501908	0
22	7	30	0
22	5	3187	0
22	12	273	0
22	3	85472	0
22	5	830	0
22	3	351650	0
22	1	1041179	0
22	8	852	0
22	7	5265	0
22	8	16439	0
22	4	4369	0
22	3	351650	0
22	3	1501908	0
22	5	628	0
22	2	164072	0
22	3	1501908	0
22	6	1	0
23	2	963712	0
23	3	288391	0
23	8	198	0
23	4	719677	0
23	3	1501908	0
23	7	30	0
23	5	3187	0
23	12	273	0
23	3	85472	0
23	5	830	0
23	4	719677	0
23	3	1501908	0
23	7	43	0
23	3	288391	0
23	8	852	0
23	8	16439	0
23	4	4369	0
23	3	351650	0
23	3	1501908	0
23	5	628	0
23	2	164072	0
23	3	1501908	0
23	6	1	0
23	2	963712	0
23	3	288391	0
23	8	198	0
23	4	719677	0
23	3	1501908	0
23	7	30	0
23	5	3187	0
23	12	273	0
23	3	85472	0
23	5	830	0
23	4	719677	0
23	3	1501908	0
23	7	5265	0
23	3	288391	0
23	8	852	0
23	8	16439	0
23	4	4369	0
23	3	351650	0
23	3	1501908	0
23	5	628	0
23	2	164072	0
23	3	1501908	0
23	6	1	0
23	2	963712	0
23	3	288391	0
23	7	2131	0
23	4	719677	0
23	3	1501908	0
23	3	27021	0
23	5	3187	0
23	9	78	0
23	3	85472	0
23	7	784	0
23	5	185206	0
23	3	1501908	0
23	4	9990	0
23	6	1280	0
23	10	167	0
23	6	251	0
23	6	3872	0
23	3	1501908	0
23	5	5985	0
23	6	40501	0
23	3	1501908	0
23	6	1337	0
23	6	1	0
23	2	963712	0
23	3	288391	0
23	7	2131	0
23	4	719677	0
23	3	1501908	0
23	3	27021	0
23	5	3187	0
23	9	78	0
23	3	85472	0
23	7	784	0
23	5	185206	0
23	3	1501908	0
23	4	9990	0
23	6	800	0
23	10	167	0
23	6	251	0
23	6	3872	0
23	3	1501908	0
23	5	5985	0
23	6	40501	0
23	3	1501908	0
23	6	1337	0
23	6	1	0
24	2	963712	0
24	3	288391	0
24	7	2131	0
24	4	719677	0
24	3	1501908	0
24	3	27021	0
24	5	3187	0
24	9	78	0
24	3	85472	0
24	7	784	0
24	4	719677	0
24	3	1501908	0
24	6	1280	0
24	3	288391	0
24	4	9990	0
24	10	167	0
24	6	251	0
24	6	3872	0
24	3	1501908	0
24	5	5985	0
24	6	40501	0
24	3	1501908	0
24	6	1337	0
24	6	1	0
24	2	963712	0
24	3	288391	0
24	7	2131	0
24	4	719677	0
24	3	1501908	0
24	3	27021	0
24	5	3187	0
24	9	78	0
24	3	85472	0
24	7	784	0
24	4	719677	0
24	3	1501908	0
24	6	800	0
24	3	288391	0
24	4	9990	0
24	10	167	0
24	6	251	0
24	6	3872	0
24	3	1501908	0
24	5	5985	0
24	6	40501	0
24	3	1501908	0
24	6	1337	0
24	6	1	0
22	2	963712	0
22	3	288391	0
22	8	771	0
22	4	719677	0
22	3	1501908	0
22	9	220	0
22	5	3187	0
22	10	70	0
22	3	85472	0
22	7	2964	0
22	5	185206	0
22	3	1501908	0
22	11	4421	0
22	8	1489	0
22	7	5989	0
22	6	1832	0
22	2	354742	0
22	1	1041179	0
22	5	2722	0
22	4	257465	0
22	3	1501908	0
22	8	1	0
22	2	963712	0
22	3	288391	0
22	8	771	0
22	4	719677	0
22	3	1501908	0
22	9	220	0
22	5	3187	0
22	10	70	0
22	3	85472	0
22	7	2964	0
22	5	185206	0
22	3	1501908	0
22	11	4421	0
22	7	344	0
22	7	5989	0
22	6	1832	0
22	2	354742	0
22	1	1041179	0
22	5	2722	0
22	4	257465	0
22	3	1501908	0
22	8	1	0
23	2	963712	0
23	3	288391	0
23	8	771	0
23	4	719677	0
23	3	1501908	0
23	9	220	0
23	5	3187	0
23	10	70	0
23	3	85472	0
23	7	2964	0
23	4	719677	0
23	3	1501908	0
23	8	1489	0
23	3	288391	0
23	11	4421	0
23	7	5989	0
23	6	1832	0
23	2	354742	0
23	1	1041179	0
23	5	2722	0
23	4	257465	0
23	3	1501908	0
23	8	1	0
23	2	963712	0
23	3	288391	0
23	8	771	0
23	4	719677	0
23	3	1501908	0
23	9	220	0
23	5	3187	0
23	10	70	0
23	3	85472	0
23	7	2964	0
23	4	719677	0
23	3	1501908	0
23	7	344	0
23	3	288391	0
23	11	4421	0
23	7	5989	0
23	6	1832	0
23	2	354742	0
23	1	1041179	0
23	5	2722	0
23	4	257465	0
23	3	1501908	0
23	8	1	0
22	2	963712	0
22	3	288391	0
22	4	56531	0
22	4	719677	0
22	3	1501908	0
22	8	154	0
22	5	3187	0
22	9	323	0
22	5	20196	0
22	3	197131	0
22	5	185206	0
22	3	1501908	0
22	7	4167	0
22	4	713	0
22	6	33418	0
22	8	25	0
22	6	3872	0
22	3	1501908	0
22	5	17	0
22	2	498444	0
22	3	1501908	0
22	6	1	0
22	2	963712	0
22	3	288391	0
22	4	56531	0
22	4	719677	0
22	3	1501908	0
22	8	154	0
22	5	3187	0
22	9	323	0
22	5	20196	0
22	3	197131	0
22	5	185206	0
22	3	1501908	0
22	7	4167	0
22	4	766	0
22	6	33418	0
22	8	25	0
22	6	3872	0
22	3	1501908	0
22	5	17	0
22	2	498444	0
22	3	1501908	0
22	6	1	0
23	2	963712	0
23	3	288391	0
23	4	56531	0
23	4	719677	0
23	3	1501908	0
23	8	154	0
23	5	3187	0
23	9	323	0
23	5	20196	0
23	3	197131	0
23	4	719677	0
23	3	1501908	0
23	4	713	0
23	3	288391	0
23	7	4167	0
23	6	33418	0
23	8	25	0
23	6	3872	0
23	3	1501908	0
23	5	17	0
23	2	498444	0
23	3	1501908	0
23	6	1	0
23	2	963712	0
23	3	288391	0
23	4	56531	0
23	4	719677	0
23	3	1501908	0
23	8	154	0
23	5	3187	0
23	9	323	0
23	5	20196	0
23	3	197131	0
23	4	719677	0
23	3	1501908	0
23	4	766	0
23	3	288391	0
23	7	4167	0
23	6	33418	0
23	8	25	0
23	6	3872	0
23	3	1501908	0
23	5	17	0
23	2	498444	0
23	3	1501908	0
23	6	1	0
22	2	963712	0
22	3	288391	0
22	9	130	0
22	4	719677	0
22	3	1501908	0
22	8	65	0
22	5	3187	0
22	6	131	0
22	5	20196	0
22	3	197131	0
22	5	185206	0
22	3	1501908	0
22	3	36913	0
22	7	2280	0
22	7	1529	0
22	7	627	0
22	3	351650	0
22	7	1978	0
22	5	29003	0
22	6	40501	0
22	3	1501908	0
22	6	1	0
22	2	963712	0
22	3	288391	0
22	9	130	0
22	4	719677	0
22	3	1501908	0
22	8	65	0
22	5	3187	0
22	6	131	0
22	5	20196	0
22	3	197131	0
22	5	185206	0
22	3	1501908	0
22	3	36913	0
22	7	2038	0
22	7	1529	0
22	7	627	0
22	3	351650	0
22	7	1978	0
22	5	29003	0
22	6	40501	0
22	3	1501908	0
22	6	1	0
23	2	963712	0
23	3	288391	0
23	9	130	0
23	4	719677	0
23	3	1501908	0
23	8	65	0
23	5	3187	0
23	6	131	0
23	5	20196	0
23	3	197131	0
23	4	719677	0
23	3	1501908	0
23	7	2280	0
23	3	288391	0
23	3	36913	0
23	7	1529	0
23	7	627	0
23	3	351650	0
23	7	1978	0
23	5	29003	0
23	6	40501	0
23	3	1501908	0
23	6	1	0
23	2	963712	0
23	3	288391	0
23	9	130	0
23	4	719677	0
23	3	1501908	0
23	8	65	0
23	5	3187	0
23	6	131	0
23	5	20196	0
23	3	197131	0
23	4	719677	0
23	3	1501908	0
23	7	2038	0
23	3	288391	0
23	3	36913	0
23	7	1529	0
23	7	627	0
23	3	351650	0
23	7	1978	0
23	5	29003	0
23	6	40501	0
23	3	1501908	0
23	6	1	0
22	2	963712	0
22	3	288391	0
22	4	56531	0
22	4	719677	0
22	3	1501908	0
22	9	97	0
22	5	3187	0
22	11	7	0
22	3	85472	0
22	8	771	0
22	2	354742	0
22	3	1501908	0
22	9	3817	0
22	4	10990	0
22	8	14323	0
22	7	1353	0
22	4	103992	0
22	3	1501908	0
22	6	4386	0
22	2	498444	0
22	3	1501908	0
22	7	1	0
22	2	963712	0
22	3	288391	0
22	4	56531	0
22	4	719677	0
22	3	1501908	0
22	9	97	0
22	5	3187	0
22	11	7	0
22	3	85472	0
22	8	771	0
22	2	354742	0
22	3	1501908	0
22	9	3817	0
22	6	239	0
22	8	14323	0
22	7	1353	0
22	4	103992	0
22	3	1501908	0
22	6	4386	0
22	2	498444	0
22	3	1501908	0
22	7	1	0
23	2	963712	0
23	3	288391	0
23	4	56531	0
23	4	719677	0
23	3	1501908	0
23	9	97	0
23	5	3187	0
23	11	7	0
23	3	85472	0
23	8	771	0
23	4	719677	0
23	3	1501908	0
23	4	10990	0
23	3	288391	0
23	9	3817	0
23	8	14323	0
23	7	1353	0
23	4	103992	0
23	3	1501908	0
23	6	4386	0
23	2	498444	0
23	3	1501908	0
23	7	1	0
23	2	963712	0
23	3	288391	0
23	4	56531	0
23	4	719677	0
23	3	1501908	0
23	9	97	0
23	5	3187	0
23	11	7	0
23	3	85472	0
23	8	771	0
23	4	719677	0
23	3	1501908	0
23	6	239	0
23	3	288391	0
23	9	3817	0
23	8	14323	0
23	7	1353	0
23	4	103992	0
23	3	1501908	0
23	6	4386	0
23	2	498444	0
23	3	1501908	0
23	7	1	0
22	2	963712	0
22	3	288391	0
22	8	198	0
22	4	719677	0
22	3	1501908	0
22	6	192	0
22	5	3187	0
22	6	633	0
22	3	85472	0
22	8	771	0
22	2	354742	0
22	3	1501908	0
22	9	115	0
22	4	18081	0
22	8	16439	0
22	7	545	0
22	6	3872	0
22	3	1501908	0
22	5	3807	0
22	7	663	0
22	3	1501908	0
22	8	1	0
22	2	963712	0
22	3	288391	0
22	8	198	0
22	4	719677	0
22	3	1501908	0
22	6	192	0
22	5	3187	0
22	6	633	0
22	3	85472	0
22	8	771	0
22	2	354742	0
22	3	1501908	0
22	9	115	0
22	7	817	0
22	8	16439	0
22	7	545	0
22	6	3872	0
22	3	1501908	0
22	5	3807	0
22	7	663	0
22	3	1501908	0
22	8	1	0
23	2	963712	0
23	3	288391	0
23	8	198	0
23	4	719677	0
23	3	1501908	0
23	6	192	0
23	5	3187	0
23	6	633	0
23	3	85472	0
23	8	771	0
23	4	719677	0
23	3	1501908	0
23	4	18081	0
23	3	288391	0
23	9	115	0
23	8	16439	0
23	7	545	0
23	6	3872	0
23	3	1501908	0
23	5	3807	0
23	7	663	0
23	3	1501908	0
23	8	1	0
23	2	963712	0
23	3	288391	0
23	8	198	0
23	4	719677	0
23	3	1501908	0
23	6	192	0
23	5	3187	0
23	6	633	0
23	3	85472	0
23	8	771	0
23	4	719677	0
23	3	1501908	0
23	7	817	0
23	3	288391	0
23	9	115	0
23	8	16439	0
23	7	545	0
23	6	3872	0
23	3	1501908	0
23	5	3807	0
23	7	663	0
23	3	1501908	0
23	8	1	0
22	2	963712	0
22	3	288391	0
22	7	59	0
22	4	719677	0
22	3	1501908	0
22	8	308	0
22	5	3187	0
22	9	346	0
22	3	85472	0
22	10	179	0
22	5	185206	0
22	3	1501908	0
22	4	3877	0
22	7	4076	0
22	7	992	0
22	10	13	0
22	2	164072	0
22	3	1501908	0
22	10	2373	0
22	5	34812	0
22	3	1501908	0
22	5	1	0
22	2	963712	0
22	3	288391	0
22	7	59	0
22	4	719677	0
22	3	1501908	0
22	8	308	0
22	5	3187	0
22	9	346	0
22	3	85472	0
22	10	179	0
22	5	185206	0
22	3	1501908	0
22	4	3877	0
22	6	673	0
22	7	992	0
22	10	13	0
22	2	164072	0
22	3	1501908	0
22	10	2373	0
22	5	34812	0
22	3	1501908	0
22	5	1	0
23	2	963712	0
23	3	288391	0
23	7	59	0
23	4	719677	0
23	3	1501908	0
23	8	308	0
23	5	3187	0
23	9	346	0
23	3	85472	0
23	10	179	0
23	4	719677	0
23	3	1501908	0
23	7	4076	0
23	3	288391	0
23	4	3877	0
23	7	992	0
23	10	13	0
23	2	164072	0
23	3	1501908	0
23	10	2373	0
23	5	34812	0
23	3	1501908	0
23	5	1	0
23	2	963712	0
23	3	288391	0
23	7	59	0
23	4	719677	0
23	3	1501908	0
23	8	308	0
23	5	3187	0
23	9	346	0
23	3	85472	0
23	10	179	0
23	4	719677	0
23	3	1501908	0
23	6	673	0
23	3	288391	0
23	4	3877	0
23	7	992	0
23	10	13	0
23	2	164072	0
23	3	1501908	0
23	10	2373	0
23	5	34812	0
23	3	1501908	0
23	5	1	0
23	2	963712	0
23	3	288391	0
23	8	771	0
23	4	719677	0
23	3	1501908	0
23	5	14	0
23	5	3187	0
23	9	3684	0
23	3	85472	0
23	5	6300	0
23	5	185206	0
23	3	1501908	0
23	9	8364	0
23	5	979	0
23	10	450	0
23	8	203	0
23	4	67488	0
23	3	1501908	0
23	4	3315	0
23	5	325	0
23	4	4238	0
23	3	1501908	0
23	7	1	0
23	2	963712	0
23	3	288391	0
23	8	771	0
23	4	719677	0
23	3	1501908	0
23	5	14	0
23	5	3187	0
23	9	3684	0
23	3	85472	0
23	5	6300	0
23	5	185206	0
23	3	1501908	0
23	9	8364	0
23	6	1589	0
23	10	450	0
23	8	203	0
23	4	67488	0
23	3	1501908	0
23	4	3315	0
23	5	325	0
23	4	4238	0
23	3	1501908	0
23	7	1	0
24	2	963712	0
24	3	288391	0
24	8	771	0
24	4	719677	0
24	3	1501908	0
24	5	14	0
24	5	3187	0
24	9	3684	0
24	3	85472	0
24	5	6300	0
24	4	719677	0
24	3	1501908	0
24	5	979	0
24	3	288391	0
24	9	8364	0
24	10	450	0
24	8	203	0
24	4	67488	0
24	3	1501908	0
24	4	3315	0
24	5	325	0
24	4	4238	0
24	3	1501908	0
24	7	1	0
24	2	963712	0
24	3	288391	0
24	8	771	0
24	4	719677	0
24	3	1501908	0
24	5	14	0
24	5	3187	0
24	9	3684	0
24	3	85472	0
24	5	6300	0
24	4	719677	0
24	3	1501908	0
24	6	1589	0
24	3	288391	0
24	9	8364	0
24	10	450	0
24	8	203	0
24	4	67488	0
24	3	1501908	0
24	4	3315	0
24	5	325	0
24	4	4238	0
24	3	1501908	0
24	7	1	0
23	2	963712	0
23	3	288391	0
23	7	579	0
23	4	719677	0
23	3	1501908	0
23	8	1	0
23	5	3187	0
23	9	213	0
23	3	85472	0
23	8	771	0
23	2	354742	0
23	3	1501908	0
23	8	111	0
23	6	3853	0
23	7	5989	0
23	7	1949	0
23	2	164072	0
23	3	1501908	0
23	5	3633	0
23	5	3807	0
23	2	498444	0
23	3	1501908	0
23	8	1	0
23	2	963712	0
23	3	288391	0
23	7	579	0
23	4	719677	0
23	3	1501908	0
23	8	1	0
23	5	3187	0
23	9	213	0
23	3	85472	0
23	8	771	0
23	2	354742	0
23	3	1501908	0
23	8	111	0
23	8	1758	0
23	7	5989	0
23	7	1949	0
23	2	164072	0
23	3	1501908	0
23	5	3633	0
23	5	3807	0
23	2	498444	0
23	3	1501908	0
23	8	1	0
24	2	963712	0
24	3	288391	0
24	7	579	0
24	4	719677	0
24	3	1501908	0
24	8	1	0
24	5	3187	0
24	9	213	0
24	3	85472	0
24	8	771	0
24	4	719677	0
24	3	1501908	0
24	6	3853	0
24	3	288391	0
24	8	111	0
24	7	5989	0
24	7	1949	0
24	2	164072	0
24	3	1501908	0
24	5	3633	0
24	5	3807	0
24	2	498444	0
24	3	1501908	0
24	8	1	0
24	2	963712	0
24	3	288391	0
24	7	579	0
24	4	719677	0
24	3	1501908	0
24	8	1	0
24	5	3187	0
24	9	213	0
24	3	85472	0
24	8	771	0
24	4	719677	0
24	3	1501908	0
24	8	1758	0
24	3	288391	0
24	8	111	0
24	7	5989	0
24	7	1949	0
24	2	164072	0
24	3	1501908	0
24	5	3633	0
24	5	3807	0
24	2	498444	0
24	3	1501908	0
24	8	1	0
22	2	963712	0
22	3	288391	0
22	8	771	0
22	4	719677	0
22	3	1501908	0
22	7	1985	0
22	5	3187	0
22	9	1	0
22	3	85472	0
22	7	4831	0
22	5	185206	0
22	3	1501908	0
22	7	4484	0
22	7	76	0
22	10	288	0
22	9	28	0
22	2	498444	0
22	3	1501908	0
22	7	2400	0
22	3	351650	0
22	3	1501908	0
22	6	1	0
22	2	963712	0
22	3	288391	0
22	8	771	0
22	4	719677	0
22	3	1501908	0
22	7	1985	0
22	5	3187	0
22	9	1	0
22	3	85472	0
22	7	4831	0
22	5	185206	0
22	3	1501908	0
22	7	4484	0
22	5	1360	0
22	10	288	0
22	9	28	0
22	2	498444	0
22	3	1501908	0
22	7	2400	0
22	3	351650	0
22	3	1501908	0
22	6	1	0
23	2	963712	0
23	3	288391	0
23	8	771	0
23	4	719677	0
23	3	1501908	0
23	7	1985	0
23	5	3187	0
23	9	1	0
23	3	85472	0
23	7	4831	0
23	4	719677	0
23	3	1501908	0
23	7	76	0
23	3	288391	0
23	7	4484	0
23	10	288	0
23	9	28	0
23	2	498444	0
23	3	1501908	0
23	7	2400	0
23	3	351650	0
23	3	1501908	0
23	6	1	0
23	2	963712	0
23	3	288391	0
23	8	771	0
23	4	719677	0
23	3	1501908	0
23	7	1985	0
23	5	3187	0
23	9	1	0
23	3	85472	0
23	7	4831	0
23	4	719677	0
23	3	1501908	0
23	5	1360	0
23	3	288391	0
23	7	4484	0
23	10	288	0
23	9	28	0
23	2	498444	0
23	3	1501908	0
23	7	2400	0
23	3	351650	0
23	3	1501908	0
23	6	1	0
22	2	963712	0
22	3	288391	0
22	7	59	0
22	4	719677	0
22	3	1501908	0
22	9	36	0
22	5	3187	0
22	3	1792	0
22	3	85472	0
22	7	784	0
22	5	185206	0
22	3	1501908	0
22	10	1928	0
22	4	24906	0
22	10	167	0
22	6	1	0
22	2	164072	0
22	3	1501908	0
22	3	4385	0
22	6	40501	0
22	1	1041179	0
22	4	1	0
22	2	963712	0
22	3	288391	0
22	7	59	0
22	4	719677	0
22	3	1501908	0
22	9	36	0
22	5	3187	0
22	3	1792	0
22	3	85472	0
22	7	784	0
22	5	185206	0
22	3	1501908	0
22	10	1928	0
22	8	636	0
22	10	167	0
22	6	1	0
22	2	164072	0
22	3	1501908	0
22	3	4385	0
22	6	40501	0
22	1	1041179	0
22	4	1	0
23	2	963712	0
23	3	288391	0
23	7	59	0
23	4	719677	0
23	3	1501908	0
23	9	36	0
23	5	3187	0
23	3	1792	0
23	3	85472	0
23	7	784	0
23	4	719677	0
23	3	1501908	0
23	4	24906	0
23	3	288391	0
23	10	1928	0
23	10	167	0
23	6	1	0
23	2	164072	0
23	3	1501908	0
23	3	4385	0
23	6	40501	0
23	1	1041179	0
23	4	1	0
23	2	963712	0
23	3	288391	0
23	7	59	0
23	4	719677	0
23	3	1501908	0
23	9	36	0
23	5	3187	0
23	3	1792	0
23	3	85472	0
23	7	784	0
23	4	719677	0
23	3	1501908	0
23	8	636	0
23	3	288391	0
23	10	1928	0
23	10	167	0
23	6	1	0
23	2	164072	0
23	3	1501908	0
23	3	4385	0
23	6	40501	0
23	1	1041179	0
23	4	1	0
22	2	963712	0
22	6	5388	0
22	3	197131	0
22	4	719677	0
22	3	1501908	0
22	9	1	0
22	5	3187	0
22	4	103	0
22	3	85472	0
22	7	2964	0
22	5	185206	0
22	3	1501908	0
22	13	109	0
22	9	1491	0
22	9	172	0
22	9	138	0
22	2	1156570	0
22	3	1501908	0
22	7	1910	0
22	2	68364	0
22	3	1501908	0
22	7	1	0
22	2	963712	0
22	6	5388	0
22	3	197131	0
22	4	719677	0
22	3	1501908	0
22	9	1	0
22	5	3187	0
22	4	103	0
22	3	85472	0
22	7	2964	0
22	5	185206	0
22	3	1501908	0
22	13	109	0
22	5	4063	0
22	9	172	0
22	9	138	0
22	2	1156570	0
22	3	1501908	0
22	7	1910	0
22	2	68364	0
22	3	1501908	0
22	7	1	0
23	2	963712	0
23	6	5388	0
23	3	197131	0
23	4	719677	0
23	3	1501908	0
23	9	1	0
23	5	3187	0
23	4	103	0
23	3	85472	0
23	7	2964	0
23	4	719677	0
23	3	1501908	0
23	9	1491	0
23	3	288391	0
23	13	109	0
23	9	172	0
23	9	138	0
23	2	1156570	0
23	3	1501908	0
23	7	1910	0
23	2	68364	0
23	3	1501908	0
23	7	1	0
23	2	963712	0
23	6	5388	0
23	3	197131	0
23	4	719677	0
23	3	1501908	0
23	9	1	0
23	5	3187	0
23	4	103	0
23	3	85472	0
23	7	2964	0
23	4	719677	0
23	3	1501908	0
23	5	4063	0
23	3	288391	0
23	13	109	0
23	9	172	0
23	9	138	0
23	2	1156570	0
23	3	1501908	0
23	7	1910	0
23	2	68364	0
23	3	1501908	0
23	7	1	0
22	2	963712	0
22	3	288391	0
22	4	56531	0
22	4	719677	0
22	3	1501908	0
22	9	334	0
22	5	3187	0
22	10	160	0
22	3	85472	0
22	8	1788	0
22	2	498444	0
22	3	1501908	0
22	11	74	0
22	12	706	0
22	7	1529	0
22	8	40	0
22	2	1156570	0
22	3	1501908	0
22	4	7432	0
22	2	498444	0
22	3	1501908	0
22	8	1	0
22	2	963712	0
22	3	288391	0
22	4	56531	0
22	4	719677	0
22	3	1501908	0
22	9	334	0
22	5	3187	0
22	10	160	0
22	3	85472	0
22	8	1788	0
22	2	498444	0
22	3	1501908	0
22	11	74	0
22	8	267	0
22	7	1529	0
22	8	40	0
22	2	1156570	0
22	3	1501908	0
22	4	7432	0
22	2	498444	0
22	3	1501908	0
22	8	1	0
23	2	963712	0
23	3	288391	0
23	4	56531	0
23	4	719677	0
23	3	1501908	0
23	9	334	0
23	5	3187	0
23	10	160	0
23	3	85472	0
23	8	1788	0
23	4	719677	0
23	3	1501908	0
23	12	706	0
23	3	288391	0
23	11	74	0
23	7	1529	0
23	8	40	0
23	2	1156570	0
23	3	1501908	0
23	4	7432	0
23	2	498444	0
23	3	1501908	0
23	8	1	0
23	2	963712	0
23	3	288391	0
23	4	56531	0
23	4	719677	0
23	3	1501908	0
23	9	334	0
23	5	3187	0
23	10	160	0
23	3	85472	0
23	8	1788	0
23	4	719677	0
23	3	1501908	0
23	8	267	0
23	3	288391	0
23	11	74	0
23	7	1529	0
23	8	40	0
23	2	1156570	0
23	3	1501908	0
23	4	7432	0
23	2	498444	0
23	3	1501908	0
23	8	1	0
21	2	963712	0
21	3	288391	0
21	8	771	0
21	4	719677	0
21	3	1501908	0
21	9	904	0
21	5	3187	0
21	8	2060	0
21	3	85472	0
21	5	6300	0
21	5	185206	0
21	3	1501908	0
21	7	73	0
21	5	426	0
21	10	288	0
21	8	4	0
21	5	34812	0
21	3	1501908	0
21	13	289	0
21	2	498444	0
21	6	1	0
21	2	963712	0
21	3	288391	0
21	8	771	0
21	4	719677	0
21	3	1501908	0
21	9	904	0
21	5	3187	0
21	8	2060	0
21	3	85472	0
21	5	6300	0
21	5	185206	0
21	3	1501908	0
21	7	73	0
21	7	2621	0
21	10	288	0
21	8	4	0
21	5	34812	0
21	3	1501908	0
21	13	289	0
21	2	498444	0
21	6	1	0
22	2	963712	0
22	3	288391	0
22	8	771	0
22	4	719677	0
22	3	1501908	0
22	9	904	0
22	5	3187	0
22	8	2060	0
22	3	85472	0
22	5	6300	0
22	4	719677	0
22	3	1501908	0
22	5	426	0
22	3	288391	0
22	7	73	0
22	10	288	0
22	8	4	0
22	5	34812	0
22	3	1501908	0
22	13	289	0
22	2	498444	0
22	6	1	0
22	2	963712	0
22	3	288391	0
22	8	771	0
22	4	719677	0
22	3	1501908	0
22	9	904	0
22	5	3187	0
22	8	2060	0
22	3	85472	0
22	5	6300	0
22	4	719677	0
22	3	1501908	0
22	7	2621	0
22	3	288391	0
22	7	73	0
22	10	288	0
22	8	4	0
22	5	34812	0
22	3	1501908	0
22	13	289	0
22	2	498444	0
22	6	1	0
22	2	963712	0
22	6	5388	0
22	3	197131	0
22	4	719677	0
22	3	1501908	0
22	8	596	0
22	5	3187	0
22	9	346	0
22	3	85472	0
22	5	22	0
22	5	185206	0
22	3	1501908	0
22	10	85	0
22	6	1626	0
22	5	69490	0
22	7	1624	0
22	3	351650	0
22	3	263255	0
22	9	81	0
22	6	3872	0
22	3	1501908	0
22	6	1	0
22	2	963712	0
22	6	5388	0
22	3	197131	0
22	4	719677	0
22	3	1501908	0
22	8	596	0
22	5	3187	0
22	9	346	0
22	3	85472	0
22	5	22	0
22	5	185206	0
22	3	1501908	0
22	10	85	0
22	6	2416	0
22	5	69490	0
22	7	1624	0
22	3	351650	0
22	3	263255	0
22	9	81	0
22	6	3872	0
22	3	1501908	0
22	6	1	0
23	2	963712	0
23	6	5388	0
23	3	197131	0
23	4	719677	0
23	3	1501908	0
23	8	596	0
23	5	3187	0
23	9	346	0
23	3	85472	0
23	5	22	0
23	4	719677	0
23	3	1501908	0
23	6	1626	0
23	3	288391	0
23	10	85	0
23	5	69490	0
23	7	1624	0
23	3	351650	0
23	3	263255	0
23	9	81	0
23	6	3872	0
23	3	1501908	0
23	6	1	0
23	2	963712	0
23	6	5388	0
23	3	197131	0
23	4	719677	0
23	3	1501908	0
23	8	596	0
23	5	3187	0
23	9	346	0
23	3	85472	0
23	5	22	0
23	4	719677	0
23	3	1501908	0
23	6	2416	0
23	3	288391	0
23	10	85	0
23	5	69490	0
23	7	1624	0
23	3	351650	0
23	3	263255	0
23	9	81	0
23	6	3872	0
23	3	1501908	0
23	6	1	0
21	2	963712	0
21	3	288391	0
21	7	59	0
21	4	719677	0
21	3	1501908	0
21	12	311	0
21	5	3187	0
21	9	1643	0
21	3	85472	0
21	9	1771	0
21	5	185206	0
21	3	1501908	0
21	7	4408	0
21	8	883	0
21	8	14323	0
21	8	406	0
21	2	498444	0
21	3	1501908	0
21	7	2066	0
21	3	351650	0
21	6	1	0
21	2	963712	0
21	3	288391	0
21	7	59	0
21	4	719677	0
21	3	1501908	0
21	12	311	0
21	5	3187	0
21	9	1643	0
21	3	85472	0
21	9	1771	0
21	5	185206	0
21	3	1501908	0
21	7	4408	0
21	7	446	0
21	8	14323	0
21	8	406	0
21	2	498444	0
21	3	1501908	0
21	7	2066	0
21	3	351650	0
21	6	1	0
22	2	963712	0
22	3	288391	0
22	7	59	0
22	4	719677	0
22	3	1501908	0
22	12	311	0
22	5	3187	0
22	9	1643	0
22	3	85472	0
22	9	1771	0
22	4	719677	0
22	3	1501908	0
22	8	883	0
22	3	288391	0
22	7	4408	0
22	8	14323	0
22	8	406	0
22	2	498444	0
22	3	1501908	0
22	7	2066	0
22	3	351650	0
22	6	1	0
22	2	963712	0
22	3	288391	0
22	7	59	0
22	4	719677	0
22	3	1501908	0
22	12	311	0
22	5	3187	0
22	9	1643	0
22	3	85472	0
22	9	1771	0
22	4	719677	0
22	3	1501908	0
22	7	446	0
22	3	288391	0
22	7	4408	0
22	8	14323	0
22	8	406	0
22	2	498444	0
22	3	1501908	0
22	7	2066	0
22	3	351650	0
22	6	1	0
21	2	963712	0
21	3	288391	0
21	4	56531	0
21	4	719677	0
21	3	1501908	0
21	6	1	0
21	5	3187	0
21	6	1	0
21	3	85472	0
21	10	179	0
21	5	185206	0
21	3	1501908	0
21	5	3234	0
21	9	985	0
21	10	5769	0
21	8	417	0
21	2	354742	0
21	3	1501908	0
21	9	275	0
21	5	34812	0
21	7	1	0
21	2	963712	0
21	3	288391	0
21	4	56531	0
21	4	719677	0
21	3	1501908	0
21	6	1	0
21	5	3187	0
21	6	1	0
21	3	85472	0
21	10	179	0
21	5	185206	0
21	3	1501908	0
21	5	3234	0
21	9	22	0
21	10	5769	0
21	8	417	0
21	2	354742	0
21	3	1501908	0
21	9	275	0
21	5	34812	0
21	7	1	0
22	2	963712	0
22	3	288391	0
22	4	56531	0
22	4	719677	0
22	3	1501908	0
22	6	1	0
22	5	3187	0
22	6	1	0
22	3	85472	0
22	10	179	0
22	4	719677	0
22	3	1501908	0
22	9	985	0
22	3	288391	0
22	5	3234	0
22	10	5769	0
22	8	417	0
22	2	354742	0
22	3	1501908	0
22	9	275	0
22	5	34812	0
22	7	1	0
22	2	963712	0
22	3	288391	0
22	4	56531	0
22	4	719677	0
22	3	1501908	0
22	6	1	0
22	5	3187	0
22	6	1	0
22	3	85472	0
22	10	179	0
22	4	719677	0
22	3	1501908	0
22	9	22	0
22	3	288391	0
22	5	3234	0
22	10	5769	0
22	8	417	0
22	2	354742	0
22	3	1501908	0
22	9	275	0
22	5	34812	0
22	7	1	0
22	2	963712	0
22	3	288391	0
22	4	56531	0
22	4	719677	0
22	3	1501908	0
22	6	28279	0
22	5	3187	0
22	3	20949	0
22	3	85472	0
22	7	784	0
22	5	185206	0
22	3	1501908	0
22	5	1336	0
22	6	478	0
22	7	5989	0
22	6	5226	0
22	5	185206	0
22	3	1501908	0
22	5	1345	0
22	2	164072	0
22	3	1501908	0
22	8	1	0
22	2	963712	0
22	3	288391	0
22	4	56531	0
22	4	719677	0
22	3	1501908	0
22	6	28279	0
22	5	3187	0
22	3	20949	0
22	3	85472	0
22	7	784	0
22	5	185206	0
22	3	1501908	0
22	5	1336	0
22	5	807	0
22	7	5989	0
22	6	5226	0
22	5	185206	0
22	3	1501908	0
22	5	1345	0
22	2	164072	0
22	3	1501908	0
22	8	1	0
23	2	963712	0
23	3	288391	0
23	4	56531	0
23	4	719677	0
23	3	1501908	0
23	6	28279	0
23	5	3187	0
23	3	20949	0
23	3	85472	0
23	7	784	0
23	4	719677	0
23	3	1501908	0
23	6	478	0
23	3	288391	0
23	5	1336	0
23	7	5989	0
23	6	5226	0
23	5	185206	0
23	3	1501908	0
23	5	1345	0
23	2	164072	0
23	3	1501908	0
23	8	1	0
23	2	963712	0
23	3	288391	0
23	4	56531	0
23	4	719677	0
23	3	1501908	0
23	6	28279	0
23	5	3187	0
23	3	20949	0
23	3	85472	0
23	7	784	0
23	4	719677	0
23	3	1501908	0
23	5	807	0
23	3	288391	0
23	5	1336	0
23	7	5989	0
23	6	5226	0
23	5	185206	0
23	3	1501908	0
23	5	1345	0
23	2	164072	0
23	3	1501908	0
23	8	1	0
11	3	1501908	0
11	5	1675	0
11	2	498444	0
11	3	1501908	0
11	6	4386	0
11	10	50	0
11	7	541	0
11	9	485	0
11	3	682780	0
11	3	108364	0
11	8	1	0
11	3	1501908	0
11	5	1675	0
11	2	498444	0
11	3	1501908	0
11	7	1190	0
11	10	50	0
11	7	541	0
11	9	485	0
11	3	682780	0
11	3	108364	0
11	8	1	0
14	3	1501908	0
14	5	1675	0
14	2	498444	0
14	3	1501908	0
14	6	4386	0
14	2	354742	0
14	3	1501908	0
14	5	101	0
14	10	50	0
14	7	541	0
14	9	485	0
14	3	682780	0
14	3	108364	0
14	8	1	0
14	3	1501908	0
14	5	1675	0
14	2	498444	0
14	3	1501908	0
14	7	1190	0
14	2	354742	0
14	3	1501908	0
14	5	101	0
14	10	50	0
14	7	541	0
14	9	485	0
14	3	682780	0
14	3	108364	0
14	8	1	0
11	3	1501908	0
11	5	1825	0
11	2	498444	0
11	3	1501908	0
11	8	127	0
11	7	217	0
11	6	7	0
11	8	711	0
11	3	682780	0
11	3	108364	0
11	9	1	0
11	3	1501908	0
11	5	1825	0
11	2	498444	0
11	3	1501908	0
11	9	24	0
11	7	217	0
11	6	7	0
11	8	711	0
11	3	682780	0
11	3	108364	0
11	9	1	0
14	3	1501908	0
14	5	1825	0
14	2	498444	0
14	3	1501908	0
14	8	127	0
14	2	590439	0
14	3	1501908	0
14	7	2974	0
14	7	217	0
14	6	7	0
14	8	711	0
14	3	682780	0
14	3	108364	0
14	9	1	0
14	3	1501908	0
14	5	1825	0
14	2	498444	0
14	3	1501908	0
14	9	24	0
14	2	590439	0
14	3	1501908	0
14	7	2974	0
14	7	217	0
14	6	7	0
14	8	711	0
14	3	682780	0
14	3	108364	0
14	9	1	0
11	3	1501908	0
11	5	473	0
11	2	498444	0
11	3	1501908	0
11	8	515	0
11	6	76508	0
11	7	124	0
11	7	10115	0
11	3	682780	0
11	3	108364	0
11	8	1	0
11	3	1501908	0
11	5	473	0
11	2	498444	0
11	3	1501908	0
11	9	478	0
11	6	76508	0
11	7	124	0
11	7	10115	0
11	3	682780	0
11	3	108364	0
11	8	1	0
14	3	1501908	0
14	5	473	0
14	2	498444	0
14	3	1501908	0
14	8	515	0
14	3	351650	0
14	3	1501908	0
14	4	14403	0
14	6	76508	0
14	7	124	0
14	7	10115	0
14	3	682780	0
14	3	108364	0
14	8	1	0
14	3	1501908	0
14	5	473	0
14	2	498444	0
14	3	1501908	0
14	9	478	0
14	3	351650	0
14	3	1501908	0
14	4	14403	0
14	6	76508	0
14	7	124	0
14	7	10115	0
14	3	682780	0
14	3	108364	0
14	8	1	0
11	3	1501908	0
11	9	89	0
11	2	1156570	0
11	3	1501908	0
11	6	10399	0
11	7	4377	0
11	8	6	0
11	6	1	0
11	3	682780	0
11	3	108364	0
11	11	1	0
11	3	1501908	0
11	9	89	0
11	2	1156570	0
11	3	1501908	0
11	7	336	0
11	7	4377	0
11	8	6	0
11	6	1	0
11	3	682780	0
11	3	108364	0
11	11	1	0
14	3	1501908	0
14	9	89	0
14	2	1156570	0
14	3	1501908	0
14	6	10399	0
14	2	590439	0
14	3	1501908	0
14	4	1799	0
14	7	4377	0
14	8	6	0
14	6	1	0
14	3	682780	0
14	3	108364	0
14	11	1	0
14	3	1501908	0
14	9	89	0
14	2	1156570	0
14	3	1501908	0
14	7	336	0
14	2	590439	0
14	3	1501908	0
14	4	1799	0
14	7	4377	0
14	8	6	0
14	6	1	0
14	3	682780	0
14	3	108364	0
14	11	1	0
11	3	1501908	0
11	4	1310	0
11	2	354742	0
11	3	1501908	0
11	8	279	0
11	10	63	0
11	9	23	0
11	7	1	0
11	3	682780	0
11	3	108364	0
11	14	1	0
11	3	1501908	0
11	4	1310	0
11	2	354742	0
11	3	1501908	0
11	9	28	0
11	10	63	0
11	9	23	0
11	7	1	0
11	3	682780	0
11	3	108364	0
11	14	1	0
14	3	1501908	0
14	4	1310	0
14	2	354742	0
14	3	1501908	0
14	8	279	0
14	2	498444	0
14	3	1501908	0
14	4	12644	0
14	10	63	0
14	9	23	0
14	7	1	0
14	3	682780	0
14	3	108364	0
14	14	1	0
14	3	1501908	0
14	4	1310	0
14	2	354742	0
14	3	1501908	0
14	9	28	0
14	2	498444	0
14	3	1501908	0
14	4	12644	0
14	10	63	0
14	9	23	0
14	7	1	0
14	3	682780	0
14	3	108364	0
14	14	1	0
11	3	1501908	0
11	9	1499	0
11	2	354742	0
11	3	1501908	0
11	6	581	0
11	8	576	0
11	8	71	0
11	6	1019	0
11	3	682780	0
11	3	108364	0
11	9	1	0
11	3	1501908	0
11	9	1499	0
11	2	354742	0
11	3	1501908	0
11	7	161	0
11	8	576	0
11	8	71	0
11	6	1019	0
11	3	682780	0
11	3	108364	0
11	9	1	0
14	3	1501908	0
14	9	1499	0
14	2	354742	0
14	3	1501908	0
14	6	581	0
14	2	590439	0
14	3	1501908	0
14	5	5264	0
14	8	576	0
14	8	71	0
14	6	1019	0
14	3	682780	0
14	3	108364	0
14	9	1	0
14	3	1501908	0
14	9	1499	0
14	2	354742	0
14	3	1501908	0
14	7	161	0
14	2	590439	0
14	3	1501908	0
14	5	5264	0
14	8	576	0
14	8	71	0
14	6	1019	0
14	3	682780	0
14	3	108364	0
14	9	1	0
11	3	1501908	0
11	4	10990	0
11	2	498444	0
11	3	1501908	0
11	6	963	0
11	6	33418	0
11	6	55	0
11	7	790	0
11	3	682780	0
11	3	108364	0
11	10	1	0
11	3	1501908	0
11	4	10990	0
11	2	498444	0
11	3	1501908	0
11	7	81	0
11	6	33418	0
11	6	55	0
11	7	790	0
11	3	682780	0
11	3	108364	0
11	10	1	0
14	3	1501908	0
14	4	10990	0
14	2	498444	0
14	3	1501908	0
14	6	963	0
14	6	3872	0
14	3	1501908	0
14	6	4012	0
14	6	33418	0
14	6	55	0
14	7	790	0
14	3	682780	0
14	3	108364	0
14	10	1	0
14	3	1501908	0
14	4	10990	0
14	2	498444	0
14	3	1501908	0
14	7	81	0
14	6	3872	0
14	3	1501908	0
14	6	4012	0
14	6	33418	0
14	6	55	0
14	7	790	0
14	3	682780	0
14	3	108364	0
14	10	1	0
11	3	1501908	0
11	7	1630	0
11	2	354742	0
11	3	1501908	0
11	3	4577	0
11	8	576	0
11	11	7	0
11	7	785	0
11	3	682780	0
11	3	108364	0
11	9	1	0
11	3	1501908	0
11	7	1630	0
11	2	354742	0
11	3	1501908	0
11	5	800	0
11	8	576	0
11	11	7	0
11	7	785	0
11	3	682780	0
11	3	108364	0
11	9	1	0
14	3	1501908	0
14	7	1630	0
14	2	354742	0
14	3	1501908	0
14	3	4577	0
14	3	351650	0
14	3	1501908	0
14	9	291	0
14	8	576	0
14	11	7	0
14	7	785	0
14	3	682780	0
14	3	108364	0
14	9	1	0
14	3	1501908	0
14	7	1630	0
14	2	354742	0
14	3	1501908	0
14	5	800	0
14	3	351650	0
14	3	1501908	0
14	9	291	0
14	8	576	0
14	11	7	0
14	7	785	0
14	3	682780	0
14	3	108364	0
14	9	1	0
11	3	1501908	0
11	11	1023	0
11	2	498444	0
11	3	1501908	0
11	8	112	0
11	6	76508	0
11	8	31	0
11	6	278	0
11	3	682780	0
11	3	108364	0
11	11	1	0
11	3	1501908	0
11	11	1023	0
11	2	498444	0
11	3	1501908	0
11	9	44	0
11	6	76508	0
11	8	31	0
11	6	278	0
11	3	682780	0
11	3	108364	0
11	11	1	0
14	3	1501908	0
14	11	1023	0
14	2	498444	0
14	3	1501908	0
14	8	112	0
14	2	354742	0
14	3	1501908	0
14	7	1885	0
14	6	76508	0
14	8	31	0
14	6	278	0
14	3	682780	0
14	3	108364	0
14	11	1	0
14	3	1501908	0
14	11	1023	0
14	2	498444	0
14	3	1501908	0
14	9	44	0
14	2	354742	0
14	3	1501908	0
14	7	1885	0
14	6	76508	0
14	8	31	0
14	6	278	0
14	3	682780	0
14	3	108364	0
14	11	1	0
11	3	1501908	0
11	5	11275	0
11	5	34812	0
11	3	1501908	0
11	7	6752	0
11	7	4377	0
11	7	38	0
11	7	1653	0
11	3	682780	0
11	3	108364	0
11	10	1	0
11	3	1501908	0
11	5	11275	0
11	5	34812	0
11	3	1501908	0
11	8	530	0
11	7	4377	0
11	7	38	0
11	7	1653	0
11	3	682780	0
11	3	108364	0
11	10	1	0
14	3	1501908	0
14	5	11275	0
14	5	34812	0
14	3	1501908	0
14	7	6752	0
14	4	257465	0
14	3	1501908	0
14	6	2715	0
14	7	4377	0
14	7	38	0
14	7	1653	0
14	3	682780	0
14	3	108364	0
14	10	1	0
14	3	1501908	0
14	5	11275	0
14	5	34812	0
14	3	1501908	0
14	8	530	0
14	4	257465	0
14	3	1501908	0
14	6	2715	0
14	7	4377	0
14	7	38	0
14	7	1653	0
14	3	682780	0
14	3	108364	0
14	10	1	0
11	3	1501908	0
11	11	30	0
11	2	590439	0
11	3	1501908	0
11	4	11926	0
11	6	29	0
11	7	60	0
11	11	926	0
11	3	682780	0
11	3	108364	0
11	8	1	0
11	3	1501908	0
11	11	30	0
11	2	590439	0
11	3	1501908	0
11	5	2287	0
11	6	29	0
11	7	60	0
11	11	926	0
11	3	682780	0
11	3	108364	0
11	8	1	0
14	3	1501908	0
14	11	30	0
14	2	590439	0
14	3	1501908	0
14	4	11926	0
14	2	164072	0
14	3	1501908	0
14	4	4832	0
14	6	29	0
14	7	60	0
14	11	926	0
14	3	682780	0
14	3	108364	0
14	8	1	0
14	3	1501908	0
14	11	30	0
14	2	590439	0
14	3	1501908	0
14	5	2287	0
14	2	164072	0
14	3	1501908	0
14	4	4832	0
14	6	29	0
14	7	60	0
14	11	926	0
14	3	682780	0
14	3	108364	0
14	8	1	0
11	3	1501908	0
11	5	1779	0
11	2	590439	0
11	3	1501908	0
11	10	27	0
11	12	53	0
11	6	31	0
11	8	487	0
11	3	682780	0
11	3	108364	0
11	10	1	0
11	3	1501908	0
11	5	1779	0
11	2	590439	0
11	3	1501908	0
11	11	3	0
11	12	53	0
11	6	31	0
11	8	487	0
11	3	682780	0
11	3	108364	0
11	10	1	0
14	3	1501908	0
14	5	1779	0
14	2	590439	0
14	3	1501908	0
14	10	27	0
14	2	498444	0
14	3	1501908	0
14	4	1278	0
14	12	53	0
14	6	31	0
14	8	487	0
14	3	682780	0
14	3	108364	0
14	10	1	0
14	3	1501908	0
14	5	1779	0
14	2	590439	0
14	3	1501908	0
14	11	3	0
14	2	498444	0
14	3	1501908	0
14	4	1278	0
14	12	53	0
14	6	31	0
14	8	487	0
14	3	682780	0
14	3	108364	0
14	10	1	0
11	3	1501908	0
11	4	7876	0
11	2	498444	0
11	3	1501908	0
11	7	87	0
11	9	172	0
11	11	16	0
11	6	344	0
11	3	682780	0
11	3	108364	0
11	11	1	0
11	3	1501908	0
11	4	7876	0
11	2	498444	0
11	3	1501908	0
11	8	32	0
11	9	172	0
11	11	16	0
11	6	344	0
11	3	682780	0
11	3	108364	0
11	11	1	0
14	3	1501908	0
14	4	7876	0
14	2	498444	0
14	3	1501908	0
14	7	87	0
14	2	354742	0
14	3	1501908	0
14	8	259	0
14	9	172	0
14	11	16	0
14	6	344	0
14	3	682780	0
14	3	108364	0
14	11	1	0
14	3	1501908	0
14	4	7876	0
14	2	498444	0
14	3	1501908	0
14	8	32	0
14	2	354742	0
14	3	1501908	0
14	8	259	0
14	9	172	0
14	11	16	0
14	6	344	0
14	3	682780	0
14	3	108364	0
14	11	1	0
11	3	1501908	0
11	11	117	0
11	2	590439	0
11	3	1501908	0
11	8	1650	0
11	6	342	0
11	9	38	0
11	6	1116	0
11	3	682780	0
11	3	108364	0
11	10	1	0
11	3	1501908	0
11	11	117	0
11	2	590439	0
11	3	1501908	0
11	9	296	0
11	6	342	0
11	9	38	0
11	6	1116	0
11	3	682780	0
11	3	108364	0
11	10	1	0
14	3	1501908	0
14	11	117	0
14	2	590439	0
14	3	1501908	0
14	8	1650	0
14	3	351650	0
14	3	1501908	0
14	12	706	0
14	6	342	0
14	9	38	0
14	6	1116	0
14	3	682780	0
14	3	108364	0
14	10	1	0
14	3	1501908	0
14	11	117	0
14	2	590439	0
14	3	1501908	0
14	9	296	0
14	3	351650	0
14	3	1501908	0
14	12	706	0
14	6	342	0
14	9	38	0
14	6	1116	0
14	3	682780	0
14	3	108364	0
14	10	1	0
11	3	1501908	0
11	4	9026	0
11	2	354742	0
11	3	1501908	0
11	4	227	0
11	10	4303	0
11	10	32	0
11	9	811	0
11	3	682780	0
11	3	108364	0
11	9	1	0
11	3	1501908	0
11	4	9026	0
11	2	354742	0
11	3	1501908	0
11	5	33	0
11	10	4303	0
11	10	32	0
11	9	811	0
11	3	682780	0
11	3	108364	0
11	9	1	0
14	3	1501908	0
14	4	9026	0
14	2	354742	0
14	3	1501908	0
14	4	227	0
14	2	498444	0
14	3	1501908	0
14	3	1	0
14	10	4303	0
14	10	32	0
14	9	811	0
14	3	682780	0
14	3	108364	0
14	9	1	0
14	3	1501908	0
14	4	9026	0
14	2	354742	0
14	3	1501908	0
14	5	33	0
14	2	498444	0
14	3	1501908	0
14	3	1	0
14	10	4303	0
14	10	32	0
14	9	811	0
14	3	682780	0
14	3	108364	0
14	9	1	0
11	3	1501908	0
11	6	755	0
11	2	590439	0
11	3	1501908	0
11	10	2373	0
11	10	50	0
11	7	173	0
11	7	291	0
11	3	682780	0
11	3	108364	0
11	6	1	0
11	3	1501908	0
11	6	755	0
11	2	590439	0
11	3	1501908	0
11	11	349	0
11	10	50	0
11	7	173	0
11	7	291	0
11	3	682780	0
11	3	108364	0
11	6	1	0
14	3	1501908	0
14	6	755	0
14	2	590439	0
14	3	1501908	0
14	10	2373	0
14	2	68364	0
14	3	1501908	0
14	7	33	0
14	10	50	0
14	7	173	0
14	7	291	0
14	3	682780	0
14	3	108364	0
14	6	1	0
14	3	1501908	0
14	6	755	0
14	2	590439	0
14	3	1501908	0
14	11	349	0
14	2	68364	0
14	3	1501908	0
14	7	33	0
14	10	50	0
14	7	173	0
14	7	291	0
14	3	682780	0
14	3	108364	0
14	6	1	0
11	3	1501908	0
11	7	721	0
11	2	498444	0
11	3	1501908	0
11	5	4178	0
11	6	76508	0
11	9	22	0
11	5	913	0
11	3	682780	0
11	3	144627	0
11	12	1	0
11	3	1501908	0
11	7	721	0
11	2	498444	0
11	3	1501908	0
11	6	485	0
11	6	76508	0
11	9	22	0
11	5	913	0
11	3	682780	0
11	3	144627	0
11	12	1	0
14	3	1501908	0
14	7	721	0
14	2	498444	0
14	3	1501908	0
14	5	4178	0
14	2	164072	0
14	3	1501908	0
14	4	964	0
14	6	76508	0
14	9	22	0
14	5	913	0
14	3	682780	0
14	3	144627	0
14	12	1	0
14	3	1501908	0
14	7	721	0
14	2	498444	0
14	3	1501908	0
14	6	485	0
14	2	164072	0
14	3	1501908	0
14	4	964	0
14	6	76508	0
14	9	22	0
14	5	913	0
14	3	682780	0
14	3	144627	0
14	12	1	0
11	3	1501908	0
11	4	3315	0
11	2	354742	0
11	3	1501908	0
11	5	2843	0
11	9	3082	0
11	7	375	0
11	7	154	0
11	3	682780	0
11	3	144627	0
11	11	1	0
11	3	1501908	0
11	4	3315	0
11	2	354742	0
11	3	1501908	0
11	6	854	0
11	9	3082	0
11	7	375	0
11	7	154	0
11	3	682780	0
11	3	144627	0
11	11	1	0
14	3	1501908	0
14	4	3315	0
14	2	354742	0
14	3	1501908	0
14	5	2843	0
14	5	34812	0
14	3	1501908	0
14	5	1574	0
14	9	3082	0
14	7	375	0
14	7	154	0
14	3	682780	0
14	3	144627	0
14	11	1	0
14	3	1501908	0
14	4	3315	0
14	2	354742	0
14	3	1501908	0
14	6	854	0
14	5	34812	0
14	3	1501908	0
14	5	1574	0
14	9	3082	0
14	7	375	0
14	7	154	0
14	3	682780	0
14	3	144627	0
14	11	1	0
11	3	1501908	0
11	6	2460	0
11	2	590439	0
11	3	1501908	0
11	9	159	0
11	8	1390	0
11	9	497	0
11	8	1	0
11	3	682780	0
11	3	144627	0
11	11	1	0
11	3	1501908	0
11	6	2460	0
11	2	590439	0
11	3	1501908	0
11	10	33	0
11	8	1390	0
11	9	497	0
11	8	1	0
11	3	682780	0
11	3	144627	0
11	11	1	0
14	3	1501908	0
14	6	2460	0
14	2	590439	0
14	3	1501908	0
14	9	159	0
14	2	164072	0
14	3	1501908	0
14	7	434	0
14	8	1390	0
14	9	497	0
14	8	1	0
14	3	682780	0
14	3	144627	0
14	11	1	0
14	3	1501908	0
14	6	2460	0
14	2	590439	0
14	3	1501908	0
14	10	33	0
14	2	164072	0
14	3	1501908	0
14	7	434	0
14	8	1390	0
14	9	497	0
14	8	1	0
14	3	682780	0
14	3	144627	0
14	11	1	0
11	3	1501908	0
11	10	464	0
11	2	164072	0
11	3	1501908	0
11	7	312	0
11	9	3082	0
11	8	255	0
11	8	53	0
11	3	682780	0
11	3	144627	0
11	10	1	0
11	3	1501908	0
11	10	464	0
11	2	164072	0
11	3	1501908	0
11	8	13	0
11	9	3082	0
11	8	255	0
11	8	53	0
11	3	682780	0
11	3	144627	0
11	10	1	0
14	3	1501908	0
14	10	464	0
14	2	164072	0
14	3	1501908	0
14	7	312	0
14	2	498444	0
14	3	1501908	0
14	7	120	0
14	9	3082	0
14	8	255	0
14	8	53	0
14	3	682780	0
14	3	144627	0
14	10	1	0
14	3	1501908	0
14	10	464	0
14	2	164072	0
14	3	1501908	0
14	8	13	0
14	2	498444	0
14	3	1501908	0
14	7	120	0
14	9	3082	0
14	8	255	0
14	8	53	0
14	3	682780	0
14	3	144627	0
14	10	1	0
11	3	1501908	0
11	7	2174	0
11	5	185206	0
11	3	1501908	0
11	5	1545	0
11	9	6067	0
11	10	2	0
11	7	1	0
11	3	682780	0
11	3	144627	0
11	10	1	0
11	3	1501908	0
11	7	2174	0
11	5	185206	0
11	3	1501908	0
11	6	94	0
11	9	6067	0
11	10	2	0
11	7	1	0
11	3	682780	0
11	3	144627	0
11	10	1	0
14	3	1501908	0
14	7	2174	0
14	5	185206	0
14	3	1501908	0
14	5	1545	0
14	2	354742	0
14	3	1501908	0
14	5	3936	0
14	9	6067	0
14	10	2	0
14	7	1	0
14	3	682780	0
14	3	144627	0
14	10	1	0
14	3	1501908	0
14	7	2174	0
14	5	185206	0
14	3	1501908	0
14	6	94	0
14	2	354742	0
14	3	1501908	0
14	5	3936	0
14	9	6067	0
14	10	2	0
14	7	1	0
14	3	682780	0
14	3	144627	0
14	10	1	0
11	3	1501908	0
11	5	4240	0
11	2	590439	0
11	3	1501908	0
11	8	203	0
11	7	249	0
11	8	26	0
11	6	1	0
11	3	682780	0
11	3	144627	0
11	8	1	0
11	3	1501908	0
11	5	4240	0
11	2	590439	0
11	3	1501908	0
11	9	24	0
11	7	249	0
11	8	26	0
11	6	1	0
11	3	682780	0
11	3	144627	0
11	8	1	0
14	3	1501908	0
14	5	4240	0
14	2	590439	0
14	3	1501908	0
14	8	203	0
14	2	498444	0
14	3	1501908	0
14	6	4012	0
14	7	249	0
14	8	26	0
14	6	1	0
14	3	682780	0
14	3	144627	0
14	8	1	0
14	3	1501908	0
14	5	4240	0
14	2	590439	0
14	3	1501908	0
14	9	24	0
14	2	498444	0
14	3	1501908	0
14	6	4012	0
14	7	249	0
14	8	26	0
14	6	1	0
14	3	682780	0
14	3	144627	0
14	8	1	0
11	3	1501908	0
11	7	101	0
11	2	354742	0
11	3	1501908	0
11	7	553	0
11	6	76508	0
11	6	35	0
11	7	1	0
11	3	682780	0
11	3	144627	0
11	9	1	0
11	3	1501908	0
11	7	101	0
11	2	354742	0
11	3	1501908	0
11	8	33	0
11	6	76508	0
11	6	35	0
11	7	1	0
11	3	682780	0
11	3	144627	0
11	9	1	0
14	3	1501908	0
14	7	101	0
14	2	354742	0
14	3	1501908	0
14	7	553	0
14	2	498444	0
14	3	1501908	0
14	5	4178	0
14	6	76508	0
14	6	35	0
14	7	1	0
14	3	682780	0
14	3	144627	0
14	9	1	0
14	3	1501908	0
14	7	101	0
14	2	354742	0
14	3	1501908	0
14	8	33	0
14	2	498444	0
14	3	1501908	0
14	5	4178	0
14	6	76508	0
14	6	35	0
14	7	1	0
14	3	682780	0
14	3	144627	0
14	9	1	0
11	3	1501908	0
11	7	86	0
11	2	590439	0
11	3	1501908	0
11	8	3145	0
11	6	44	0
11	7	57	0
11	6	1	0
11	3	682780	0
11	3	144627	0
11	11	1	0
11	3	1501908	0
11	7	86	0
11	2	590439	0
11	3	1501908	0
11	9	138	0
11	6	44	0
11	7	57	0
11	6	1	0
11	3	682780	0
11	3	144627	0
11	11	1	0
14	3	1501908	0
14	7	86	0
14	2	590439	0
14	3	1501908	0
14	8	3145	0
14	2	498444	0
14	3	1501908	0
14	7	595	0
14	6	44	0
14	7	57	0
14	6	1	0
14	3	682780	0
14	3	144627	0
14	11	1	0
14	3	1501908	0
14	7	86	0
14	2	590439	0
14	3	1501908	0
14	9	138	0
14	2	498444	0
14	3	1501908	0
14	7	595	0
14	6	44	0
14	7	57	0
14	6	1	0
14	3	682780	0
14	3	144627	0
14	11	1	0
11	3	1501908	0
11	7	389	0
11	2	590439	0
11	3	1501908	0
11	4	9026	0
11	10	243	0
11	8	45	0
11	6	289	0
11	3	682780	0
11	3	144627	0
11	11	1	0
11	3	1501908	0
11	7	389	0
11	2	590439	0
11	3	1501908	0
11	5	3456	0
11	10	243	0
11	8	45	0
11	6	289	0
11	3	682780	0
11	3	144627	0
11	11	1	0
14	3	1501908	0
14	7	389	0
14	2	590439	0
14	3	1501908	0
14	4	9026	0
14	2	164072	0
14	3	1501908	0
14	7	1170	0
14	10	243	0
14	8	45	0
14	6	289	0
14	3	682780	0
14	3	144627	0
14	11	1	0
14	3	1501908	0
14	7	389	0
14	2	590439	0
14	3	1501908	0
14	5	3456	0
14	2	164072	0
14	3	1501908	0
14	7	1170	0
14	10	243	0
14	8	45	0
14	6	289	0
14	3	682780	0
14	3	144627	0
14	11	1	0
12	3	1501908	0
12	13	220	0
12	2	590439	0
12	3	1501908	0
12	8	683	0
12	6	76508	0
12	6	76	0
12	8	1	0
12	3	682780	0
12	3	144627	0
12	4	2424	0
12	8	1	0
12	3	1501908	0
12	13	220	0
12	2	590439	0
12	3	1501908	0
12	9	93	0
12	6	76508	0
12	6	76	0
12	8	1	0
12	3	682780	0
12	3	144627	0
12	4	2424	0
12	8	1	0
15	3	1501908	0
15	13	220	0
15	2	590439	0
15	3	1501908	0
15	8	683	0
15	4	103992	0
15	3	1501908	0
15	5	4872	0
15	6	76508	0
15	6	76	0
15	8	1	0
15	3	682780	0
15	3	144627	0
15	4	2424	0
15	8	1	0
15	3	1501908	0
15	13	220	0
15	2	590439	0
15	3	1501908	0
15	9	93	0
15	4	103992	0
15	3	1501908	0
15	5	4872	0
15	6	76508	0
15	6	76	0
15	8	1	0
15	3	682780	0
15	3	144627	0
15	4	2424	0
15	8	1	0
11	3	1501908	0
11	4	248	0
11	2	354742	0
11	3	1501908	0
11	5	3580	0
11	6	1482	0
11	8	15	0
11	7	466	0
11	3	682780	0
11	3	144627	0
11	9	1	0
11	3	1501908	0
11	4	248	0
11	2	354742	0
11	3	1501908	0
11	6	609	0
11	6	1482	0
11	8	15	0
11	7	466	0
11	3	682780	0
11	3	144627	0
11	9	1	0
14	3	1501908	0
14	4	248	0
14	2	354742	0
14	3	1501908	0
14	5	3580	0
14	2	498444	0
14	3	1501908	0
14	7	1712	0
14	6	1482	0
14	8	15	0
14	7	466	0
14	3	682780	0
14	3	144627	0
14	9	1	0
14	3	1501908	0
14	4	248	0
14	2	354742	0
14	3	1501908	0
14	6	609	0
14	2	498444	0
14	3	1501908	0
14	7	1712	0
14	6	1482	0
14	8	15	0
14	7	466	0
14	3	682780	0
14	3	144627	0
14	9	1	0
11	3	1501908	0
11	11	298	0
11	5	185206	0
11	3	1501908	0
11	6	1975	0
11	9	98	0
11	9	677	0
11	9	1160	0
11	3	682780	0
11	3	144627	0
11	9	1	0
11	3	1501908	0
11	11	298	0
11	5	185206	0
11	3	1501908	0
11	7	219	0
11	9	98	0
11	9	677	0
11	9	1160	0
11	3	682780	0
11	3	144627	0
11	9	1	0
14	3	1501908	0
14	11	298	0
14	5	185206	0
14	3	1501908	0
14	6	1975	0
14	2	354742	0
14	3	1501908	0
14	2	1	0
14	9	98	0
14	9	677	0
14	9	1160	0
14	3	682780	0
14	3	144627	0
14	9	1	0
14	3	1501908	0
14	11	298	0
14	5	185206	0
14	3	1501908	0
14	7	219	0
14	2	354742	0
14	3	1501908	0
14	2	1	0
14	9	98	0
14	9	677	0
14	9	1160	0
14	3	682780	0
14	3	144627	0
14	9	1	0
11	3	1501908	0
11	5	71	0
11	2	354742	0
11	3	1501908	0
11	4	2298	0
11	11	2	0
11	8	37	0
11	6	1619	0
11	3	682780	0
11	3	144627	0
11	6	1	0
11	3	1501908	0
11	5	71	0
11	2	354742	0
11	3	1501908	0
11	5	291	0
11	11	2	0
11	8	37	0
11	6	1619	0
11	3	682780	0
11	3	144627	0
11	6	1	0
14	3	1501908	0
14	5	71	0
14	2	354742	0
14	3	1501908	0
14	4	2298	0
14	3	351650	0
14	3	1501908	0
14	7	5173	0
14	11	2	0
14	8	37	0
14	6	1619	0
14	3	682780	0
14	3	144627	0
14	6	1	0
14	3	1501908	0
14	5	71	0
14	2	354742	0
14	3	1501908	0
14	5	291	0
14	3	351650	0
14	3	1501908	0
14	7	5173	0
14	11	2	0
14	8	37	0
14	6	1619	0
14	3	682780	0
14	3	144627	0
14	6	1	0
11	3	1501908	0
11	4	2306	0
11	2	498444	0
11	3	1501908	0
11	7	425	0
11	9	3270	0
11	8	521	0
11	6	1	0
11	3	682780	0
11	3	144627	0
11	11	1	0
11	3	1501908	0
11	4	2306	0
11	2	498444	0
11	3	1501908	0
11	8	61	0
11	9	3270	0
11	8	521	0
11	6	1	0
11	3	682780	0
11	3	144627	0
11	11	1	0
14	3	1501908	0
14	4	2306	0
14	2	498444	0
14	3	1501908	0
14	7	425	0
14	2	164072	0
14	3	1501908	0
14	10	331	0
14	9	3270	0
14	8	521	0
14	6	1	0
14	3	682780	0
14	3	144627	0
14	11	1	0
14	3	1501908	0
14	4	2306	0
14	2	498444	0
14	3	1501908	0
14	8	61	0
14	2	164072	0
14	3	1501908	0
14	10	331	0
14	9	3270	0
14	8	521	0
14	6	1	0
14	3	682780	0
14	3	144627	0
14	11	1	0
11	3	1501908	0
11	5	2722	0
11	2	590439	0
11	3	1501908	0
11	5	4447	0
11	10	5769	0
11	6	43	0
11	7	1	0
11	3	682780	0
11	3	144627	0
11	12	1	0
11	3	1501908	0
11	5	2722	0
11	2	590439	0
11	3	1501908	0
11	7	497	0
11	10	5769	0
11	6	43	0
11	7	1	0
11	3	682780	0
11	3	144627	0
11	12	1	0
14	3	1501908	0
14	5	2722	0
14	2	590439	0
14	3	1501908	0
14	5	4447	0
14	3	351650	0
14	3	1501908	0
14	8	844	0
14	10	5769	0
14	6	43	0
14	7	1	0
14	3	682780	0
14	3	144627	0
14	12	1	0
14	3	1501908	0
14	5	2722	0
14	2	590439	0
14	3	1501908	0
14	7	497	0
14	3	351650	0
14	3	1501908	0
14	8	844	0
14	10	5769	0
14	6	43	0
14	7	1	0
14	3	682780	0
14	3	144627	0
14	12	1	0
11	3	1501908	0
11	7	998	0
11	2	498444	0
11	3	1501908	0
11	9	1208	0
11	6	736	0
11	10	9	0
11	8	375	0
11	3	682780	0
11	3	144627	0
11	8	1	0
11	3	1501908	0
11	7	998	0
11	2	498444	0
11	3	1501908	0
11	10	585	0
11	6	736	0
11	10	9	0
11	8	375	0
11	3	682780	0
11	3	144627	0
11	8	1	0
14	3	1501908	0
14	7	998	0
14	2	498444	0
14	3	1501908	0
14	9	1208	0
14	5	34812	0
14	3	1501908	0
14	7	414	0
14	6	736	0
14	10	9	0
14	8	375	0
14	3	682780	0
14	3	144627	0
14	8	1	0
14	3	1501908	0
14	7	998	0
14	2	498444	0
14	3	1501908	0
14	10	585	0
14	5	34812	0
14	3	1501908	0
14	7	414	0
14	6	736	0
14	10	9	0
14	8	375	0
14	3	682780	0
14	3	144627	0
14	8	1	0
19	2	963712	0
19	3	288391	0
19	1	1041179	0
19	5	2412	0
19	5	519	0
19	4	719677	0
19	3	288391	0
19	6	1047	0
19	7	28026	0
19	3	1501908	0
19	9	397	0
19	6	4386	0
19	2	68364	0
19	2	95071	0
19	8	50	0
19	2	113068	0
19	3	1501908	0
19	6	52	0
19	9	1	0
20	2	963712	0
20	3	288391	0
20	1	1041179	0
20	9	14266	0
20	5	674	0
20	4	719677	0
20	3	288391	0
20	5	20196	0
20	2	354742	0
20	3	1501908	0
20	5	1	0
20	2	68364	0
20	3	1501908	0
20	6	73766	0
20	4	28413	0
20	2	113068	0
20	3	1501908	0
20	3	3553	0
20	4	23650	0
20	3	1	0
21	2	963712	0
21	3	288391	0
21	1	1041179	0
21	11	674	0
21	4	1472	0
21	4	719677	0
21	3	288391	0
21	6	1007	0
21	2	164072	0
21	3	1501908	0
21	5	657	0
21	8	807	0
21	2	68364	0
21	1	1041179	0
21	9	372	0
21	4	606	0
21	2	113068	0
21	3	1501908	0
21	7	1158	0
21	4	84804	0
21	10	1	0
18	2	963712	0
18	3	288391	0
18	2	95071	0
18	7	1105	0
18	6	79	0
18	4	719677	0
18	3	288391	0
18	10	1467	0
18	2	498444	0
18	3	1501908	0
18	6	1	0
18	2	68364	0
18	3	1501908	0
18	13	57	0
18	2	113068	0
18	3	1501908	0
18	5	1574	0
18	11	1	0
19	2	963712	0
19	3	288391	0
19	1	1041179	0
19	10	815	0
19	8	683	0
19	4	719677	0
19	3	288391	0
19	4	19633	0
19	2	498444	0
19	3	1501908	0
19	5	5264	0
19	5	647	0
19	2	68364	0
19	3	1501908	0
19	12	97	0
19	2	113068	0
19	3	1501908	0
19	10	1296	0
19	8	1	0
18	2	963712	0
18	3	288391	0
18	1	1041179	0
18	4	17551	0
18	5	722	0
18	4	719677	0
18	3	288391	0
18	4	24707	0
18	2	354742	0
18	3	1501908	0
18	5	5132	0
18	2	68364	0
18	3	1501908	0
18	7	344	0
18	2	113068	0
18	3	1501908	0
18	10	300	0
18	6	1	0
19	2	963712	0
19	3	288391	0
19	1	1041179	0
19	6	3634	0
19	6	472	0
19	4	719677	0
19	3	288391	0
19	4	24707	0
19	2	354742	0
19	3	1501908	0
19	8	279	0
19	2	68364	0
19	3	1501908	0
19	7	48	0
19	2	113068	0
19	3	1501908	0
19	5	3716	0
19	5	3536	0
19	5	1	0
18	2	963712	0
18	3	288391	0
18	1	1041179	0
18	4	5222	0
18	8	235	0
18	4	719677	0
18	3	288391	0
18	3	42251	0
18	2	498444	0
18	3	1501908	0
18	6	663	0
18	2	68364	0
18	3	1501908	0
18	9	147	0
18	2	113068	0
18	3	1501908	0
18	8	1017	0
18	8	1	0
20	2	963712	0
20	3	288391	0
20	1	1041179	0
20	6	1619	0
20	3	4430	0
20	4	719677	0
20	3	288391	0
20	4	13974	0
20	2	498444	0
20	3	1501908	0
20	6	815	0
20	4	22415	0
20	2	68364	0
20	3	1501908	0
20	7	235	0
20	2	113068	0
20	3	1501908	0
20	8	1792	0
20	7	678	0
20	6	1	0
18	2	963712	0
18	3	288391	0
18	1	1041179	0
18	6	12	0
18	10	13	0
18	4	719677	0
18	3	288391	0
18	7	5148	0
18	2	498444	0
18	3	1501908	0
18	7	487	0
18	2	68364	0
18	3	1501908	0
18	9	1	0
18	2	113068	0
18	3	1501908	0
18	10	43	0
18	11	1	0
18	2	963712	0
18	3	288391	0
18	1	1041179	0
18	5	26	0
18	4	9026	0
18	4	719677	0
18	3	288391	0
18	8	519	0
18	4	103992	0
18	3	1501908	0
18	7	1170	0
18	2	68364	0
18	3	1501908	0
18	7	2195	0
18	2	113068	0
18	3	1501908	0
18	8	354	0
18	8	1	0
19	2	963712	0
19	3	288391	0
19	2	95071	0
19	9	242	0
19	9	1491	0
19	4	719677	0
19	3	288391	0
19	5	4851	0
19	2	164072	0
19	3	1501908	0
19	6	12044	0
19	7	4033	0
19	2	68364	0
19	3	1501908	0
19	7	2621	0
19	2	113068	0
19	3	1501908	0
19	13	1491	0
19	10	1	0
19	2	963712	0
19	3	288391	0
19	1	1041179	0
19	7	305	0
19	7	804	0
19	4	719677	0
19	3	288391	0
19	8	213	0
19	2	164072	0
19	3	1501908	0
19	10	2373	0
19	2	68364	0
19	3	1501908	0
19	6	673	0
19	2	113068	0
19	3	1501908	0
19	5	7600	0
19	4	20987	0
19	4	1	0
18	2	963712	0
18	3	288391	0
18	2	95071	0
18	8	58	0
18	5	7313	0
18	4	719677	0
18	3	288391	0
18	5	19775	0
18	4	103992	0
18	3	1501908	0
18	7	3583	0
18	2	68364	0
18	3	1501908	0
18	8	596	0
18	2	113068	0
18	3	1501908	0
18	6	4667	0
18	10	1	0
19	2	963712	0
19	3	288391	0
19	1	1041179	0
19	7	149	0
19	3	24636	0
19	4	719677	0
19	3	288391	0
19	6	524	0
19	5	9330	0
19	3	1501908	0
19	9	1	0
19	2	68364	0
19	3	1501908	0
19	7	3	0
19	2	113068	0
19	3	1501908	0
19	3	3553	0
19	4	20987	0
19	5	1	0
19	2	963712	0
19	3	288391	0
19	2	95071	0
19	3	31056	0
19	3	286	0
19	4	3315	0
19	4	719677	0
19	3	288391	0
19	6	5	0
19	4	4238	0
19	3	1501908	0
19	6	3553	0
19	2	68364	0
19	3	1501908	0
19	10	28	0
19	2	113068	0
19	3	1501908	0
19	5	1574	0
19	8	1	0
18	2	963712	0
18	3	288391	0
18	1	1041179	0
18	5	6373	0
18	7	1162	0
18	4	719677	0
18	3	288391	0
18	9	823	0
18	2	1156570	0
18	3	1501908	0
18	6	10399	0
18	2	68364	0
18	3	1501908	0
18	10	160	0
18	2	113068	0
18	3	1501908	0
18	5	1164	0
18	6	1	0
19	2	963712	0
19	3	288391	0
19	1	1041179	0
19	11	90	0
19	5	657	0
19	4	719677	0
19	3	288391	0
19	9	295	0
19	2	164072	0
19	3	1501908	0
19	7	841	0
19	7	895	0
19	2	68364	0
19	3	1501908	0
19	6	800	0
19	2	113068	0
19	3	1501908	0
19	5	1345	0
19	6	1	0
19	2	963712	0
19	3	288391	0
19	2	95071	0
19	11	165	0
19	6	1940	0
19	4	719677	0
19	3	288391	0
19	5	4851	0
19	2	354742	0
19	3	1501908	0
19	8	1914	0
19	5	792	0
19	2	68364	0
19	3	1501908	0
19	5	2429	0
19	2	113068	0
19	3	1501908	0
19	5	1906	0
19	8	1	0
18	2	963712	0
18	3	288391	0
18	2	95071	0
18	9	139	0
18	8	1489	0
18	4	719677	0
18	3	288391	0
18	4	2655	0
18	2	164072	0
18	3	1501908	0
18	7	434	0
18	2	68364	0
18	3	1501908	0
18	10	24	0
18	2	113068	0
18	3	1501908	0
18	7	234	0
18	6	1	0
18	2	963712	0
18	3	288391	0
18	1	1041179	0
18	7	119	0
18	5	513	0
18	4	719677	0
18	3	288391	0
18	9	367	0
18	3	351650	0
18	3	1501908	0
18	11	939	0
18	2	68364	0
18	3	1501908	0
18	6	405	0
18	2	113068	0
18	3	1501908	0
18	6	1028	0
18	6	1	0
18	2	963712	0
18	3	288391	0
18	1	1041179	0
18	8	281	0
18	4	738	0
18	4	719677	0
18	3	288391	0
18	9	1225	0
18	2	164072	0
18	3	1501908	0
18	12	500	0
18	2	68364	0
18	3	1501908	0
18	6	1926	0
18	2	113068	0
18	3	1501908	0
18	7	1	0
18	8	1	0
18	2	963712	0
18	3	288391	0
18	1	1041179	0
18	13	109	0
18	8	2808	0
18	4	719677	0
18	3	288391	0
18	4	28626	0
18	2	164072	0
18	3	1501908	0
18	7	6752	0
18	2	68364	0
18	3	1501908	0
18	7	2038	0
18	2	113068	0
18	3	1501908	0
18	10	619	0
18	6	1	0
18	2	963712	0
18	3	288391	0
18	1	1041179	0
18	6	4853	0
18	4	3678	0
18	4	719677	0
18	3	288391	0
18	7	350	0
18	2	498444	0
18	3	1501908	0
18	6	4012	0
18	2	68364	0
18	3	1501908	0
18	7	237	0
18	2	113068	0
18	3	1501908	0
18	7	2427	0
18	10	1	0
19	2	963712	0
19	3	288391	0
19	1	1041179	0
19	9	1098	0
19	4	2298	0
19	4	719677	0
19	3	288391	0
19	5	341	0
19	3	351650	0
19	3	1501908	0
19	8	4958	0
19	5	11890	0
19	2	68364	0
19	3	1501908	0
19	6	24476	0
19	2	113068	0
19	3	1501908	0
19	6	18067	0
19	8	1	0
18	2	963712	0
18	3	288391	0
18	1	1041179	0
18	11	769	0
18	7	998	0
18	4	719677	0
18	3	288391	0
18	7	2247	0
18	3	351650	0
18	3	1501908	0
18	9	1208	0
18	2	68364	0
18	3	1501908	0
18	10	311	0
18	2	113068	0
18	3	1501908	0
18	8	299	0
18	11	1	0
18	2	963712	0
18	3	288391	0
18	2	95071	0
18	9	10587	0
18	9	584	0
18	4	719677	0
18	3	288391	0
18	4	28626	0
18	2	164072	0
18	3	1501908	0
18	10	331	0
18	2	68364	0
18	3	1501908	0
18	9	621	0
18	2	113068	0
18	3	1501908	0
18	10	826	0
18	10	1	0
18	2	963712	0
18	3	288391	0
18	1	1041179	0
18	11	1385	0
18	9	823	0
18	4	719677	0
18	3	288391	0
18	9	373	0
18	2	164072	0
18	3	1501908	0
18	6	714	0
18	2	68364	0
18	3	1501908	0
18	12	64	0
18	2	113068	0
18	3	1501908	0
18	9	1936	0
18	13	1	0
18	2	963712	0
18	3	288391	0
18	1	1041179	0
18	6	86	0
18	3	674	0
18	4	719677	0
18	3	288391	0
18	5	2099	0
18	5	13358	0
18	3	1501908	0
18	4	3315	0
18	2	68364	0
18	3	1501908	0
18	5	14	0
18	2	113068	0
18	3	1501908	0
18	3	2285	0
18	8	1	0
18	2	963712	0
18	3	288391	0
18	2	95071	0
18	9	1425	0
18	6	2907	0
18	4	719677	0
18	3	288391	0
18	6	4362	0
18	2	164072	0
18	3	1501908	0
18	5	4178	0
18	2	68364	0
18	3	1501908	0
18	12	465	0
18	2	113068	0
18	3	1501908	0
18	10	926	0
18	9	1	0
20	7	663	0
20	3	1501908	0
20	8	867	0
20	7	1	0
20	6	24476	0
20	5	2082	0
20	1	1041179	0
20	4	2467	0
20	5	11890	0
20	2	498444	0
20	3	1501908	0
20	4	12644	0
20	4	2649	0
20	3	351650	0
20	3	144627	0
20	4	20623	0
20	6	21384	0
20	3	113370	0
20	6	5388	0
20	3	1	0
19	6	3872	0
19	3	1501908	0
19	5	11275	0
19	8	1	0
19	7	14481	0
19	5	3629	0
19	1	1041179	0
19	6	137	0
19	4	56864	0
19	6	4213	0
19	2	498444	0
19	4	635	0
19	11	301	0
19	2	1156570	0
19	3	108364	0
19	9	78	0
19	3	113370	0
19	6	125	0
19	12	1	0
18	5	34812	0
18	3	1501908	0
18	7	534	0
18	6	1	0
18	10	3881	0
18	6	2425	0
18	1	1041179	0
18	8	200	0
18	5	371	0
18	2	590439	0
18	3	1501908	0
18	6	174	0
18	2	1156570	0
18	3	144627	0
18	9	1	0
18	3	113370	0
18	6	2236	0
18	11	1	0
21	6	40501	0
21	3	1501908	0
21	5	6271	0
21	5	44168	0
21	7	1	0
21	6	846	0
21	6	534	0
21	1	1041179	0
21	9	1098	0
21	3	4057	0
21	5	2484	0
21	2	164072	0
21	3	1501908	0
21	6	303	0
21	4	257465	0
21	3	108364	0
21	6	9207	0
21	3	113370	0
21	6	6166	0
21	4	63304	0
21	6	1	0
18	5	9330	0
18	3	1501908	0
18	3	72661	0
18	7	1	0
18	6	9207	0
18	6	3534	0
18	1	1041179	0
18	3	7551	0
18	5	1207	0
18	4	103992	0
18	1	1041179	0
18	4	3315	0
18	3	351650	0
18	3	144627	0
18	3	20949	0
18	3	113370	0
18	5	5627	0
18	6	1	0
18	4	67488	0
18	3	1501908	0
18	5	29003	0
18	8	1	0
18	4	1	0
18	3	42251	0
18	1	1041179	0
18	6	73766	0
18	5	32679	0
18	2	498444	0
18	3	1501908	0
18	4	4334	0
18	3	351650	0
18	3	144627	0
18	8	407	0
18	3	113370	0
18	8	198	0
18	8	1	0
19	2	164072	0
19	3	1501908	0
19	10	2373	0
19	11	1	0
19	7	1	0
19	7	1885	0
19	1	1041179	0
19	9	1098	0
19	4	1285	0
19	4	257465	0
19	5	2780	0
19	10	338	0
19	3	351650	0
19	3	144627	0
19	9	4	0
19	3	113370	0
19	3	85472	0
19	1	1041179	0
19	5	1	0
18	2	498444	0
18	3	1501908	0
18	6	963	0
18	5	1	0
18	7	2842	0
18	9	598	0
18	2	95071	0
18	11	4421	0
18	4	8801	0
18	5	185206	0
18	3	1501908	0
18	11	1	0
18	2	1156570	0
18	3	144627	0
18	6	184	0
18	3	113370	0
18	8	747	0
18	10	1	0
20	4	242206	0
20	6	40501	0
20	3	1501908	0
20	8	299	0
20	9	1	0
20	9	1694	0
20	4	28626	0
20	1	1041179	0
20	9	1310	0
20	4	43931	0
20	2	1156570	0
20	3	1501908	0
20	4	1799	0
20	2	590439	0
20	3	108364	0
20	6	2715	0
20	3	113370	0
20	3	85472	0
20	4	24707	0
20	5	1	0
19	6	40501	0
19	1	1	0
19	2	56438	0
19	7	1	0
19	6	633	0
19	8	1436	0
19	1	1041179	0
19	11	205	0
19	6	5508	0
19	5	185206	0
19	3	1501908	0
19	3	742	0
19	7	59	0
19	2	590439	0
19	3	1501908	0
19	5	1185	0
19	3	113370	0
19	7	372	0
19	10	1	0
19	2	498444	0
19	3	1501908	0
19	5	400	0
19	9	1	0
19	4	17795	0
19	5	20196	0
19	1	1041179	0
19	5	1	0
19	4	14403	0
19	4	257465	0
19	3	1501908	0
19	6	795	0
19	2	590439	0
19	3	108364	0
19	6	28279	0
19	3	113370	0
19	3	85472	0
19	6	2631	0
19	5	1	0
19	7	10288	0
19	3	1501908	0
19	4	970	0
19	8	1	0
19	8	34	0
19	8	1436	0
19	1	1041179	0
19	5	6373	0
19	4	1013	0
19	4	103992	0
19	3	1501908	0
19	4	4334	0
19	3	351650	0
19	3	144627	0
19	8	8739	0
19	3	113370	0
19	7	9566	0
19	1	1041179	0
19	9	1	0
20	2	498444	0
20	3	1501908	0
20	5	1482	0
20	6	1	0
20	6	2491	0
20	6	421	0
20	1	1041179	0
20	5	159	0
20	8	109	0
20	4	103992	0
20	5	13358	0
20	3	1501908	0
20	4	3315	0
20	7	1399	0
20	3	108364	0
20	6	21384	0
20	3	113370	0
20	8	7	0
20	2	498444	0
20	9	1	0
19	2	498444	0
19	3	1501908	0
19	7	6155	0
19	8	1	0
19	11	1417	0
19	7	33	0
19	1	1041179	0
19	4	2659	0
19	5	239	0
19	2	498444	0
19	6	2265	0
19	6	528	0
19	3	351650	0
19	3	1501908	0
19	3	94133	0
19	3	113370	0
19	3	85472	0
19	6	2388	0
19	4	1	0
19	5	34812	0
19	3	1501908	0
19	11	1559	0
19	8	1	0
19	7	229	0
19	9	230	0
19	1	1041179	0
19	11	317	0
19	4	13337	0
19	5	13358	0
19	3	1501908	0
19	4	863	0
19	3	351650	0
19	3	108364	0
19	6	155	0
19	3	113370	0
19	3	288391	0
19	7	8	0
19	6	1	0
18	5	34812	0
18	4	40699	0
18	6	1	0
18	6	21384	0
18	6	4362	0
18	1	1041179	0
18	8	58	0
18	3	1	0
18	3	351650	0
18	3	1501908	0
18	14	283	0
18	2	590439	0
18	3	144627	0
18	5	8040	0
18	3	113370	0
18	6	4818	0
18	7	7577	0
18	11	1	0
19	7	663	0
19	3	1501908	0
19	10	66	0
19	6	1	0
19	9	346	0
19	4	28626	0
19	2	95071	0
19	12	1165	0
19	7	5200	0
19	2	354742	0
19	3	1501908	0
19	4	1	0
19	3	351650	0
19	3	108364	0
19	8	775	0
19	3	113370	0
19	3	288391	0
19	5	10332	0
19	14	1	0
18	5	28007	0
18	6	2206	0
18	6	1	0
18	8	106	0
18	7	1333	0
18	1	1041179	0
18	7	2588	0
18	4	14262	0
18	4	257465	0
18	3	1501908	0
18	6	1354	0
18	2	590439	0
18	3	144627	0
18	7	209	0
18	6	24476	0
18	3	113370	0
18	3	85472	0
18	10	1	0
18	6	40501	0
18	3	1501908	0
18	4	24906	0
18	10	1	0
18	7	284	0
18	9	295	0
18	1	1041179	0
18	8	1791	0
18	6	1940	0
18	5	185206	0
18	11	1	0
18	2	1156570	0
18	3	108364	0
18	9	1	0
18	3	113370	0
18	4	84804	0
18	4	63304	0
18	8	1	0
17	5	34812	0
17	3	1501908	0
17	7	6752	0
17	7	1	0
17	10	304	0
17	6	473	0
17	1	1041179	0
17	8	200	0
17	4	7432	0
17	3	351650	0
17	12	58	0
17	2	1156570	0
17	3	144627	0
17	7	2038	0
17	3	113370	0
17	3	288391	0
17	12	1	0
19	2	354742	0
19	3	1501908	0
19	5	2888	0
19	11	1	0
19	8	8739	0
19	5	2099	0
19	1	1041179	0
19	9	14266	0
19	10	4	0
19	4	257465	0
19	3	1501908	0
19	4	46977	0
19	2	590439	0
19	3	144627	0
19	6	2491	0
19	3	113370	0
19	3	85472	0
19	9	293	0
19	7	1	0
21	6	37573	0
21	3	1501908	0
21	6	2679	0
21	8	1	0
21	7	14481	0
21	6	1726	0
21	1	1041179	0
21	4	288	0
21	3	3383	0
21	4	1	0
21	2	498444	0
21	3	1501908	0
21	5	26214	0
21	2	590439	0
21	3	108364	0
21	5	41864	0
21	11	1417	0
21	3	113370	0
21	3	85472	0
21	2	1	0
21	5	1	0
21	5	34812	0
21	3	1501908	0
21	10	1296	0
21	7	1	0
21	6	2416	0
21	4	17454	0
21	1	1041179	0
21	5	393	0
21	8	201	0
21	2	1156570	0
21	3	1501908	0
21	7	1940	0
21	2	164072	0
21	3	1501908	0
21	7	1304	0
21	2	590439	0
21	3	108364	0
21	4	6339	0
21	3	113370	0
21	3	288391	0
21	9	1	0
20	6	3872	0
20	3	1501908	0
20	6	4012	0
20	9	1	0
20	6	28279	0
20	5	2099	0
20	2	95071	0
20	7	4167	0
20	4	3315	0
20	5	26214	0
20	2	498444	0
20	3	1501908	0
20	6	1354	0
20	3	351650	0
20	3	108364	0
20	8	407	0
20	3	113370	0
20	3	288391	0
20	10	668	0
20	8	1	0
19	2	354742	0
19	3	1501908	0
19	4	5709	0
19	9	1	0
19	8	581	0
19	6	2870	0
19	2	95071	0
19	3	31056	0
19	4	3511	0
19	4	103992	0
19	3	1501908	0
19	4	1	0
19	2	68364	0
19	3	108364	0
19	6	28279	0
19	3	113370	0
19	3	288391	0
19	1	1041179	0
19	8	1	0
19	5	34812	0
19	3	1501908	0
19	5	11275	0
19	7	1	0
19	9	1643	0
19	7	8786	0
19	2	95071	0
19	9	53	0
19	3	4577	0
19	4	257465	0
19	1	1041179	0
19	4	4730	0
19	3	351650	0
19	3	144627	0
19	8	775	0
19	3	113370	0
19	6	25616	0
19	2	1156570	0
19	8	1	0
19	3	351650	0
19	3	1501908	0
19	4	4202	0
19	7	1	0
19	5	1	0
19	6	904	0
19	1	1041179	0
19	6	99	0
19	5	5310	0
19	4	257465	0
19	1	1041179	0
19	3	1466	0
19	4	103992	0
19	3	108364	0
19	5	1	0
19	3	113370	0
19	3	85472	0
19	3	38729	0
19	7	1	0
18	2	498444	0
18	3	1501908	0
18	7	22389	0
18	6	1	0
18	8	581	0
18	8	824	0
18	7	25970	0
18	11	1559	0
18	2	498444	0
18	3	54384	0
18	5	6637	0
18	4	257465	0
18	3	144627	0
18	12	183	0
18	3	113370	0
18	3	288391	0
18	9	1210	0
18	7	1	0
19	5	34812	0
19	3	1501908	0
19	3	21063	0
19	4	1485	0
19	8	1	0
19	8	864	0
19	4	374	0
19	1	1041179	0
19	5	6373	0
19	7	1518	0
19	2	1156570	0
19	3	1501908	0
19	7	7507	0
19	2	590439	0
19	3	108364	0
19	7	48	0
19	3	113370	0
19	7	3844	0
19	13	1	0
20	2	164072	0
20	3	1501908	0
20	5	4178	0
20	7	1	0
20	3	20949	0
20	5	20196	0
20	1	1041179	0
20	9	8364	0
20	4	9026	0
20	2	113068	0
20	1	1041179	0
20	7	4562	0
20	3	351650	0
20	3	108364	0
20	7	2842	0
20	3	113370	0
20	3	288391	0
20	5	185206	0
20	2	1156570	0
20	7	1	0
