22	1	2.46551724137931	243	17	1
22	3	1.58888922797309	204	17	0
22	3	7.47777811686198	235	20	0
22	5	3.01111178927951	359	18	0
22	6	4.63333468967014	239	24	0
22	8	0.544443766276042	283	22	0
22	9	1.30000135633681	317	35	0
22	10	8.9888916015625	156	23	0
22	9	1.4000006781684	228	40	0
22	6	3.47777642144097	286	32	0
22	7	5.35555691189236	235	22	0
22	9	2.93333265516493	241	15	0
22	8	7.64444308810764	150	22	0
22	7	5.97777642144097	165	21	0
22	6	5.06666734483507	179	14	0
22	7	1.91111246744792	118	50	0
22	10	2.88888888888889	244	23	0
22	11	3.75555419921875	308	20	0
22	13	1.71111382378472	207	21	0
22	15	2.67777506510417	287	21	0
22	16	3.78888617621528	274	23	0
22	17	4.43333604600694	344	23	0
22	18	6.44444444444444	227	20	0
22	20	2.32222493489583	287	16	0
22	21	2.70000542534722	335	18	0
22	22	4.74443901909722	148	25	0
22	20	0.611111111111111	268	25	0
22	18	0.133334689670139	145	82	0
22	3	2.73333401150174	178	21	0
22	2	1.03333367241753	168	64	0
22	3	3.43333265516493	154	21	0
22	4	2.91111077202691	264	21	0
22	6	4.67777845594618	242	19	0
22	7	4.04444376627604	316	21	0
22	8	6.65555487738715	229	26	0
22	7	0.266665988498264	206	24	0
22	8	6.5	229	21	0
22	10	3.69999864366319	205	24	0
22	11	3.27777777777778	269	21	0
22	13	3.0111083984375	216	21	0
22	15	2.38888888888889	245	24	0
22	12	2.97777642144097	267	16	0
22	13	3.52222357855903	172	41	0
22	16	4.68889024522569	353	23	0
22	15	1.9888916015625	214	25	0
22	16	7.94444444444444	251	20	0
22	17	8.17777506510417	212	22	0
22	19	1	251	18	0
22	20	4.70000542534722	328	23	0
22	22	4.66666666666667	261	16	0
22	24	0.668418482730263	428	49	0
22	17	1.44444444444444	162	68	0
22	3	2.25555589463976	271	24	0
22	5	0.766665988498264	228	23	0
22	6	5.54444376627604	222	19	0
22	8	1.22222222222222	296	22	0
22	6	6.83333333333333	369	24	0
22	8	6.84444512261285	234	21	0
22	10	2.78888617621528	228	24	0
22	11	4.38888888888889	291	24	0
22	15	0.911112467447917	271	0	2
118	2	2.85555521647135	181	18	1
118	3	5.18888854980469	190	20	0
118	4	4.06666734483507	444	17	0
118	6	0.644443088107639	248	19	0
118	7	1.77777777777778	412	22	0
118	8	4.63333468967014	301	19	0
118	10	0.644443088107639	322	49	0
118	2	3.28888871934679	321	20	0
118	3	5.7999996609158	178	21	0
118	5	0.611111111111111	216	38	0
118	8	0	263	23	0
118	6	1.97777642144097	266	23	0
118	7	3.97777642144097	244	23	0
118	9	2.45555623372396	298	24	0
118	11	2.69999864366319	284	20	0
118	13	1.72222222222222	265	21	0
118	14	2.58888753255208	239	21	0
118	15	6.72222222222222	214	19	0
118	16	4.18889024522569	265	20	0
118	17	4.28888617621528	297	23	0
118	18	5.53333875868056	204	18	0
118	20	2.61111111111111	219	21	0
118	21	4.76666937934028	599	24	0
118	23	2.26785714285715	608	85	0
118	3	4.61111111111111	147	23	0
118	2	0.166666666666667	210	22	0
118	3	5.03333367241753	184	21	0
118	4	2.23333401150174	208	19	0
118	6	1.4000006781684	236	19	0
118	7	1.21111043294271	403	21	0
118	5	3.24444580078125	223	21	0
118	7	2.76666598849826	277	22	0
118	9	0.25555419921875	312	25	0
118	10	8.56666395399306	272	22	0
118	12	3.52222357855903	267	23	0
118	14	3.84444173177083	230	9	0
118	14	1.82222493489583	331	26	0
118	16	2.35555691189236	339	22	0
118	17	3.13333468967014	329	21	0
118	18	5.25556098090278	242	40	0
118	21	5.45555284288194	132	0	2
89	3	0.0888892279730903	203	15	1
89	2	0.399999830457899	185	21	0
89	4	1.14444478352865	346	21	0
89	6	1.25555419921875	257	23	0
89	7	1.63333468967014	400	17	0
89	8	1.34444512261285	329	22	0
89	9	3.02222357855903	315	10	0
89	9	0.844445122612847	215	27	0
89	12	1.19999864366319	279	12	0
89	11	3.11111111111111	245	25	0
89	14	0.0333319769965278	414	21	0
89	15	3.87778049045139	259	24	0
89	17	2.80000135633681	388	22	0
89	19	1.33333333333333	260	18	0
89	20	4.77777777777778	249	23	0
89	23	1.44444444444444	339	14	0
89	24	0.363152754934211	264	79	0
89	4	3.0999993218316	193	23	0
89	2	3.55555555555556	224	40	0
89	6	3.94444444444444	223	22	0
89	7	3.58888753255208	202	8	0
89	7	1.63333468967014	315	23	0
89	8	7.66666666666667	273	28	0
89	11	4.38888888888889	305	21	0
89	13	5.10000271267361	203	22	0
89	15	1.69999864366319	365	21	0
89	16	6.38888888888889	145	0	2
124	1	2.1551724137931	102	399	1
124	4	2	398	21	0
124	6	0.333333333333333	314	18	0
124	7	1	413	40	0
124	8	9.34444512261285	346	22	0
124	10	4.82222493489583	230	23	0
124	12	3.15555826822917	415	26	0
124	14	3.53333197699653	424	23	0
124	15	6.04444715711806	270	22	0
124	16	4.9888916015625	568	70	0
124	3	4.5999993218316	289	18	0
124	4	2.2999996609158	307	38	0
124	1	2.70344859156115	198	23	0
124	3	6.32222154405382	188	24	0
124	6	1.17777845594618	336	22	0
124	7	3.47777642144097	356	24	0
124	8	9.5999993218316	288	24	0
124	10	5.9888916015625	396	24	0
124	13	0.766669379340278	254	29	0
124	14	5.21111382378472	300	21	0
124	15	7.03333197699653	405	22	0
124	16	5.86666531032986	266	23	0
124	18	1.73333062065972	266	20	0
124	20	0.788886176215278	267	18	0
124	21	1.57777235243056	205	8	0
124	20	5.28888617621528	160	22	0
124	23	1.35333333333333	205	10	0
124	22	3.07777235243056	195	84	0
124	3	0.611111111111111	248	16	0
124	1	2.35172429578058	244	38	0
124	4	1.64444478352865	345	19	0
124	6	2.16666666666667	253	20	0
124	7	2.69999864366319	277	10	0
124	7	0.366665310329861	254	23	0
124	8	8.35555691189236	323	19	0
124	8	2.86666531032986	482	40	0
124	3	8.5999993218316	276	22	0
124	3	0.0666673448350694	213	41	0
124	6	4.52222357855903	336	18	0
124	6	0.233334011501736	244	22	0
124	7	4.32222154405382	216	14	0
124	7	1.35555691189236	311	27	0
124	8	9.15555487738715	281	25	0
124	11	0.911112467447917	219	21	0
124	13	1.89999728732639	276	24	0
124	14	6.75555419921875	236	10	0
124	14	5.43333604600694	220	21	0
124	15	7.84444173177083	326	23	0
124	16	7.5	268	21	0
124	18	2.45555284288194	201	22	0
124	20	3.28888617621528	525	13	0
124	19	4.66666666666667	438	17	0
124	21	2	197	17	0
124	22	2.13332790798611	341	17	0
124	23	3.94533854166667	340	35	0
124	19	2.95555284288194	302	0	2
9	6	0.666666666666667	165	33	1
9	2	4.5	216	9	0
9	2	2.34444427490234	240	21	0
9	4	0.377777099609375	118	429	0
9	5	3.01111178927951	247	23	0
9	7	1.44444444444444	355	20	0
9	8	1.51111178927951	208	24	0
9	9	3.16666666666667	191	12	0
9	9	0.222222222222222	376	40	0
9	11	1.27777777777778	238	24	0
9	13	2.73333062065972	345	22	0
9	15	1.78888617621528	293	25	0
9	16	6.33333333333333	404	15	0
9	16	9.69999864366319	164	23	0
9	17	7.71111382378472	251	24	0
9	19	1.74443901909722	239	20	0
9	20	5.05555555555556	459	16	0
9	22	0.955552842881944	299	17	0
9	23	2.74211040296053	223	19	0
9	22	0.788886176215278	229	17	0
9	23	2.32105777138158	160	29	0
9	19	2.38888888888889	193	76	0
9	4	3.24444410536024	256	22	0
9	6	2.13333468967014	198	22	0
9	7	1.73333401150174	238	23	0
9	8	7.93333265516493	220	19	0
9	10	0.522223578559028	169	26	0
9	11	4.22222222222222	250	23	0
9	13	4.63333468967014	156	26	0
9	15	5.95555284288194	190	13	0
9	15	3.25555419921875	113	25	0
9	16	9.42222086588542	210	24	0
9	17	8.56666395399306	206	25	0
9	20	0.855550130208333	220	0	2
108	2	0.733333163791233	245	20	1
108	3	4.2000003390842	261	21	0
108	4	3.0999993218316	418	18	0
108	6	0.722222222222222	253	20	0
108	6	6.98888821072049	192	21	0
108	8	0.0555555555555556	208	10	0
108	7	4.21111043294271	186	23	0
108	9	3.17777506510417	297	22	0
108	11	2.17777506510417	267	23	0
108	14	0.122219509548611	349	24	0
108	15	4.33333333333333	328	22	0
108	16	7.0111083984375	259	21	0
108	18	3.38888888888889	489	25	0
108	20	4.06666395399306	307	21	0
108	22	3.40606319543088	371	79	0
108	3	7.22222222222222	203	18	0
108	3	1.96666632758247	201	24	0
108	4	4.68889024522569	204	23	0
108	6	3.36666531032986	225	22	0
108	7	3.54444376627604	184	11	0
108	7	1.35555691189236	268	23	0
108	6	1.14444308810764	435	22	0
108	3	9.57777743869358	552	21	0
108	5	2.24444580078125	326	25	0
108	7	0.955556233723958	537	20	0
108	8	4.23333401150174	261	20	0
108	9	4.39999728732639	638	25	0
108	7	5.80000135633681	217	37	0
108	10	2.19999864366319	249	22	0
108	12	3.76666937934028	291	24	0
108	15	0.122219509548611	292	15	0
108	14	4.44444444444444	330	24	0
108	15	7.4888916015625	322	23	0
108	17	3.36666531032986	218	23	0
108	19	1.72222222222222	286	25	0
108	17	3.15555826822917	227	21	0
108	16	4.32222493489583	238	24	0
108	18	5.07777913411458	168	25	0
108	20	5.0111083984375	253	19	0
108	22	1.21060088186554	301	78	0
108	6	7.75555419921875	218	39	0
108	2	3.75555589463976	253	14	0
108	1	2.2793100291285	186	38	0
108	4	2.58888922797309	230	22	0
108	6	0.711110432942708	238	21	0
108	7	2.30000135633681	1000	24	0
108	9	0.211110432942708	321	21	0
108	10	1.9888916015625	205	22	0
108	12	2.63333468967014	225	20	0
108	14	0.544447157118056	278	22	0
108	15	3.9888916015625	316	24	0
108	14	2.08888753255208	288	27	0
108	16	1.06666395399306	156	42	0
108	19	0.411105685763889	177	42	0
108	22	3.56515410452179	65	0	2
127	3	6.12222290039062	150	28	1
127	2	0.0777774386935764	352	590	0
127	3	7.54444376627604	39	21	0
127	5	2.87777709960938	267	18	0
127	6	6.28888956705729	278	21	0
127	7	5.26666598849826	238	11	0
127	7	2.63333468967014	344	23	0
127	8	8.21111043294271	202	13	0
127	8	5.02222357855903	370	17	0
127	7	5.5999993218316	76	658	0
127	9	1.5111083984375	216	19	0
127	10	4.95555284288194	214	21	0
127	12	0.922220865885417	332	19	0
127	13	4.43333604600694	312	21	0
127	14	2.84444173177083	391	21	0
127	15	6.24444580078125	445	18	0
127	16	5.15555826822917	259	23	0
127	19	0	234	20	0
127	20	1.12221950954861	256	19	0
127	21	2.87778049045139	305	43	0
127	23	5.54642595563617	317	37	0
127	22	0.466661241319444	327	81	0
127	3	4.5999993218316	340	23	0
127	5	1.95555623372396	259	22	0
127	6	7.88888888888889	297	19	0
127	7	5.57777913411458	232	23	0
127	9	1.89999728732639	221	34	0
127	8	0.688890245225694	238	16	0
127	8	5.19999864366319	123	25	0
127	7	2.42222086588542	253	40	0
127	9	3.64444308810764	249	25	0
127	12	3.39999728732639	307	17	0
127	13	4.37778049045139	110	23	0
127	11	2	211	43	0
127	14	5.91111246744792	592	47	0
127	8	8.97777642144097	249	23	0
127	8	1.86666531032986	379	551	0
127	3	7.67777845594618	41	26	0
127	2	1.28888871934679	211	41	0
127	5	3.32222154405382	251	22	0
127	7	0.699998643663194	308	20	0
127	8	2.81110975477431	330	25	0
127	10	1.65555826822917	279	17	0
127	9	1.57777913411458	280	23	0
127	8	3.47777642144097	162	27	0
127	10	7.05555555555556	225	25	0
127	13	6.88888888888889	183	0	2
166	2	1.42222256130642	390	22	1
166	4	3.71111043294271	300	17	0
166	5	3.92222086588542	249	21	0
166	7	1.32222154405382	308	17	0
166	8	1.36666531032986	156	473	0
166	9	2.5	55	10	0
166	9	0	219	23	0
166	10	5.54444376627604	263	20	0
166	12	0.166666666666667	415	23	0
166	14	2.52222357855903	363	20	0
166	16	0.166666666666667	187	17	0
166	15	1.83333333333333	214	22	0
166	16	5.60000271267361	192	21	0
166	17	6.08888753255208	260	21	0
166	19	1.16666666666667	239	23	0
166	21	0.177775065104167	219	22	0
166	23	2.76071166992188	206	19	0
166	22	0.0333387586805556	232	73	0
166	8	1.33333333333333	190	35	0
166	5	0.299999660915799	175	25	0
166	2	2.03333367241753	206	43	0
166	6	2.36666531032986	253	21	0
166	7	2.65555487738715	494	21	0
166	9	2.41111246744792	203	41	0
166	12	3.56666395399306	284	22	0
166	14	0.811109754774306	151	30	0
166	11	1.44444444444444	329	33	0
166	15	0.555555555555556	212	19	0
166	16	0.166666666666667	191	18	0
166	15	1.72222222222222	112	46	0
166	18	0.588887532552083	158	45	0
166	23	8.07499476841519	68	0	2
79	1	2.69310313257678	266	662	1
79	5	3.84444512261285	307	23	0
79	7	1.15555487738715	369	21	0
79	8	4.75555419921875	449	21	0
79	10	4.02222357855903	229	20	0
79	11	4.14444308810764	239	21	0
79	13	1.60000271267361	421	24	0
79	15	2.73333062065972	345	25	0
79	16	5.07777913411458	388	21	0
79	19	2.36666531032986	273	20	0
79	20	3.45555284288194	273	22	0
79	19	3.46666802300347	267	23	0
79	22	0.755560980902778	384	22	0
79	23	5.26666666666666	308	22	0
79	21	3.84444173177083	296	42	0
79	17	0.533331976996528	294	71	0
79	3	3.73333401150174	286	23	0
79	5	0.722222222222222	230	39	0
79	7	3.93333265516493	425	25	0
79	6	0.0666673448350694	288	41	0
79	8	3.58888753255208	279	22	0
79	10	3.25555419921875	503	40	0
79	7	1	436	22	0
79	6	1.31110975477431	109	735	0
79	10	0.788886176215278	57	24	0
79	11	4.63333468967014	265	26	0
79	14	4.92222086588542	278	42	0
79	17	1.28888617621528	195	22	0
79	16	2.97777642144097	166	25	0
79	15	3.82222493489583	252	19	0
79	13	3.96666802300347	174	37	0
79	11	2.45555284288194	250	39	0
79	8	2.66666666666667	258	24	0
79	6	6.18889024522569	387	18	0
79	6	0.411112467447917	137	36	0
79	10	1.28888617621528	248	24	0
79	12	1.31110975477431	116	48	0
79	16	0.655558268229167	222	40	0
79	18	1.82222493489583	179	42	0
79	23	0.900828043619782	182	0	2
140	1	2.37241363525391	260	20	1
140	3	1.04444376627604	443	20	0
140	4	4.94444444444444	300	18	0
140	6	1.36666531032986	213	21	0
140	7	1.86666531032986	380	21	0
140	8	3.58888753255208	500	10	0
140	8	1.55555555555556	98	21	0
140	10	0.611111111111111	197	25	0
140	7	5.68889024522569	288	21	0
140	9	3.12222290039062	269	21	0
140	11	0.74444580078125	283	24	0
140	13	2	402	23	0
140	13	11.8666653103299	392	20	0
140	14	4.21111382378472	337	18	0
140	15	5.85555691189236	284	21	0
140	16	5.26666937934028	297	25	0
140	19	0.0111083984375	259	17	0
140	19	5.45555284288194	195	21	0
140	21	3.21111382378472	322	16	0
140	22	5.05466145833333	212	23	0
140	21	0.022216796875	231	82	0
140	3	1.87777709960938	179	21	0
140	2	0.0222218831380208	321	21	0
140	3	2.74444410536024	482	16	0
140	2	5.07777743869358	323	20	0
140	4	1.08888922797309	264	20	0
140	6	0.0111117892795139	285	24	0
140	7	0.266665988498264	318	20	0
140	6	2.52222357855903	214	19	0
140	7	1.34444512261285	247	18	0
140	8	1.91111246744792	260	20	0
140	10	0.822221544053819	377	21	0
140	11	1.62221950954861	293	25	0
140	13	3.94444444444444	321	21	0
140	11	5.46666802300347	203	362	0
140	14	0.111111111111111	108	21	0
140	15	3.04444715711806	317	22	0
140	16	4.19999864366319	273	26	0
140	19	1.43333604600694	298	24	0
140	21	1.57777235243056	331	20	0
140	22	3.74266927083333	220	26	0
140	19	6.5	378	0	2
159	3	1.26666598849826	256	18	1
159	4	4.11111111111111	350	18	0
159	6	2.01111178927951	296	17	0
159	7	1.15555487738715	263	19	0
159	8	2.05555555555556	220	42	0
159	6	0.0777791341145833	203	12	0
159	5	0.644444783528646	290	22	0
159	7	1.92222086588542	196	21	0
159	8	4.07777913411458	325	22	0
159	7	2.44444444444444	252	18	0
159	8	2.54444376627604	197	22	0
159	9	3.76666598849826	317	37	0
159	11	3.18889024522569	231	24	0
159	10	3.17777845594618	266	23	0
159	11	2.41111246744792	252	22	0
159	13	1.34444173177083	275	22	0
159	14	5.89999728732639	321	23	0
159	15	6.08888753255208	325	26	0
159	16	6.96666802300347	416	23	0
159	19	2.022216796875	244	14	0
159	19	7.25556098090278	225	22	0
159	21	0.798671875	491	15	0
159	21	5.35333333333333	425	81	0
159	4	1.98888821072049	163	21	0
159	2	3.47777811686198	205	15	0
159	3	4.28888956705729	209	23	0
159	5	3.05555555555556	271	20	0
159	6	6.69999864366319	250	19	0
159	8	0.488888210720486	202	18	0
159	7	0.0111117892795139	187	38	0
159	9	0.577779134114583	203	23	0
159	10	5.62221950954861	261	24	0
159	12	0.122219509548611	213	53	0
159	3	0.477778116861979	358	22	0
159	4	4.28888956705729	197	21	0
159	6	3.54444376627604	210	21	0
159	7	5.30000135633681	239	20	0
159	9	0.0999993218315972	192	19	0
159	10	3.93333265516493	219	25	0
159	12	0.877780490451389	240	9	0
159	11	4.58888753255208	200	21	0
159	13	4.5111083984375	225	21	0
159	14	6.32222493489583	252	24	0
159	15	6.76666937934028	351	23	0
159	16	7.67777506510417	274	25	0
159	19	5.10000271267361	331	24	0
159	20	4.62221950954861	289	17	0
159	21	3.98799479166667	409	84	0
159	3	2.2999996609158	245	21	0
159	5	0.688888549804688	197	21	0
159	6	5	190	20	0
159	7	4.58888753255208	290	19	0
159	8	6.03333197699653	254	19	0
159	10	2.57777913411458	220	25	0
159	11	5.77777777777778	307	23	0
159	14	2.12221950954861	233	22	0
159	15	2.96666802300347	360	0	2
134	2	3.7999996609158	272	13	1
134	2	0.877777947319878	292	23	0
134	4	1.7000003390842	306	21	0
134	6	0.955556233723958	391	13	0
134	5	2.51111178927951	207	24	0
134	7	2.77777777777778	373	16	0
134	8	2.07777913411458	281	14	0
134	7	3.38888888888889	218	40	0
134	9	3.9888916015625	317	25	0
134	12	0.0222235785590278	537	20	0
134	13	3.67777506510417	175	20	0
134	15	1.76666937934028	474	25	0
134	16	5.64444308810764	283	24	0
134	17	4.84444173177083	249	21	0
134	16	6.58888753255208	734	38	0
134	17	9.23333062065972	397	12	0
134	17	6.43333604600694	194	25	0
134	20	2.29999457465278	546	21	0
134	21	3.88888888888889	249	16	0
134	23	2.0803056196733	349	12	0
134	23	5.24090391216857	270	89	0
134	3	0.344445122612847	189	13	0
134	2	1.78888871934679	264	20	0
134	3	4.96666632758247	224	20	0
134	4	4.84444512261285	437	21	0
134	6	3.65555487738715	221	18	0
134	7	1.37777709960938	80	376	0
134	6	4.06666734483507	202	22	0
134	7	5.85555691189236	211	14	0
134	7	1.73333401150174	502	17	0
134	8	2.17777845594618	533	23	0
134	9	2.14444308810764	519	23	0
134	11	1.87778049045139	298	21	0
134	10	0.855556911892361	302	24	0
134	12	0.955552842881944	284	20	0
134	11	0.688890245225694	235	39	0
134	14	2.83333333333333	247	18	0
134	15	5.55555555555556	284	20	0
134	16	6.14444308810764	293	44	0
134	10	5.42222086588542	210	23	0
134	8	7.41111246744792	191	25	0
134	7	2.4000006781684	249	30	0
134	5	0.777777777777778	320	19	0
134	6	5.06666734483507	288	0	2
54	1	1.69999984215046	424	23	1
54	4	2.47777811686198	357	21	0
54	6	2.43333265516493	273	20	0
54	7	1.84444512261285	412	20	0
54	8	4.13333468967014	321	20	0
54	9	3.44444444444444	450	23	0
54	11	3.88888888888889	494	21	0
54	13	3.04444715711806	256	19	0
54	15	0.855556911892361	275	19	0
54	16	3.24444580078125	268	24	0
54	17	4.63333468967014	311	21	0
54	19	2.58888753255208	278	19	0
54	21	2.45555284288194	344	21	0
54	23	3.65733072916667	373	75	0
54	3	3.75555589463976	357	25	0
54	6	0.688890245225694	241	21	0
54	7	0.688890245225694	217	19	0
54	8	2.52222357855903	309	20	0
54	9	3.04444376627604	467	17	0
54	10	4.85555691189236	182	23	0
54	13	0.311109754774306	281	19	0
54	14	2.15555826822917	188	24	0
54	16	6.44444444444444	214	23	0
54	17	5.96666802300347	189	20	0
54	20	1.5	319	20	0
54	22	2.71111382378472	207	19	0
54	20	3.22222222222222	355	15	0
54	19	2.25555419921875	425	39	0
54	23	0.553333333333333	143	62	0
54	9	0.366665310329861	214	22	0
54	7	4.81110975477431	325	25	0
54	10	0.411112467447917	185	41	0
54	13	1.41111246744792	292	58	0
54	5	1.02222188313802	196	26	0
54	2	2.16666666666667	239	16	0
54	3	3.56666734483507	189	24	0
54	6	0.666666666666667	194	23	0
54	7	2.04444376627604	239	17	0
54	8	2.44444444444444	203	21	0
54	10	0.0333319769965278	299	23	0
54	12	1.74444580078125	281	23	0
54	14	3.07777913411458	193	22	0
54	16	2.85555691189236	250	27	0
54	19	0.4888916015625	182	0	2
86	1	2.97241395095299	144	326	1
86	3	2.62222290039062	47	21	0
86	4	1.02222188313802	224	20	0
86	6	0.0222235785590278	440	23	0
86	7	1.47777642144097	368	21	0
86	8	2.94444444444444	201	10	0
86	8	0.833333333333333	168	23	0
86	9	2.72222222222222	524	24	0
86	12	0.566663953993056	416	13	0
86	11	2.75555419921875	61	27	0
86	15	1.89999728732639	449	20	0
86	16	1.04444715711806	290	25	0
86	14	1.92222086588542	205	18	0
86	15	3.55555555555556	259	39	0
86	16	6.05555555555556	239	22	0
86	17	3.92222086588542	295	34	0
86	16	4.58888753255208	156	26	0
86	19	0.299994574652778	289	21	0
86	20	5.03333875868056	243	20	0
86	23	0.489249936995978	320	17	0
86	23	6.00537109375001	313	82	0
86	3	4.66666666666667	322	20	0
86	2	2.66666666666667	175	24	0
86	5	0.677778455946181	294	21	0
86	6	4.31110975477431	267	23	0
86	4	3.73333401150174	117	538	0
86	6	5.35555691189236	318	17	0
86	7	2.84444512261285	309	22	0
86	6	2.02222357855903	211	21	0
86	7	3.11111111111111	508	23	0
86	9	2.53333197699653	587	51	0
86	3	0.933332655164931	284	66	0
86	10	5.34444173177083	233	22	0
86	12	1.66666666666667	304	20	0
86	13	6.18889024522569	211	20	0
86	15	2.84444173177083	273	22	0
86	16	4.54444715711806	174	57	0
86	7	5.23333401150174	250	55	0
86	15	0.0555555555555556	153	48	0
86	7	4.75555419921875	222	26	0
86	6	0.344445122612847	244	34	0
86	3	3.12222290039062	95	55	0
86	15	7.53333197699653	236	25	0
86	17	2.55555555555556	264	33	0
86	16	0.633334689670139	281	24	0
86	15	0.311109754774306	193	25	0
86	12	1.57777913411458	259	44	0
86	17	4.97777642144097	240	25	0
86	20	4.07777235243056	246	23	0
86	23	2.27419354838711	264	77	0
86	4	0.577777438693576	342	22	0
86	6	3.9000006781684	205	22	0
86	7	5.37777709960938	250	22	0
86	9	3.5999993218316	299	22	0
86	11	2.4888916015625	221	31	0
86	7	3.68889024522569	288	18	0
86	8	2.75555419921875	213	22	0
86	9	3.98888821072049	287	39	0
86	13	0.322224934895833	291	21	0
86	14	1.72222222222222	234	20	0
86	15	6.30000135633681	239	21	0
86	16	6.94444444444444	215	59	0
86	6	2.14444308810764	477	20	0
86	7	3.34444512261285	216	61	0
86	18	2.06666395399306	177	41	0
86	23	0.543013377856193	110	0	2
57	2	1.57777743869358	397	22	1
57	4	1.5999993218316	444	21	0
57	6	1.62222290039062	220	25	0
57	3	6.88888888888889	237	16	0
57	3	2.44444444444444	150	20	0
57	4	4.45555623372396	364	23	0
57	6	4.32222154405382	314	31	0
57	4	3.47777811686198	240	39	0
57	7	5.61111111111111	336	25	0
57	9	2.64444308810764	162	32	0
57	7	4.69999864366319	534	27	0
57	10	3.21111382378472	109	413	0
57	2	3.83333333333333	213	12	0
57	2	1.52222188313802	245	41	0
57	6	0.599999321831597	242	25	0
57	7	4.91111246744792	202	24	0
57	9	1.18889024522569	383	24	0
57	8	3.85555691189236	79	27	0
57	10	6.23333062065972	231	21	0
57	11	4.4888916015625	321	24	0
57	13	3.87778049045139	273	22	0
57	15	0.24444580078125	296	22	0
57	16	1.95555284288194	162	14	0
57	15	6	269	21	0
57	16	5.76666937934028	259	22	0
57	17	7.28888617621528	376	21	0
57	19	1.94444444444444	237	20	0
57	21	1.34444173177083	284	23	0
57	18	5.45555284288194	238	22	0
57	17	5.58889431423611	202	21	0
57	19	0.833333333333333	250	21	0
57	21	0.933336046006944	218	19	0
57	23	0.708333333333329	655	81	0
57	3	2.57777743869358	185	15	0
57	2	1.63333299424913	325	22	0
57	4	0.0222218831380208	240	17	0
57	5	0.922220865885417	442	18	0
57	6	3.61111111111111	199	20	0
57	7	2.16666666666667	405	27	0
57	8	9.36666531032986	192	17	0
57	8	5.4000006781684	266	21	0
57	9	3.52222357855903	463	52	0
57	3	1.28888956705729	230	15	0
57	1	2.77586206896552	848	20	0
57	3	6.17777845594618	483	14	0
57	3	2.26666598849826	187	21	0
57	4	3.73333401150174	238	20	0
57	6	2.85555691189236	288	22	0
57	7	3.19999864366319	759	1316	0
57	4	3.13333299424913	44	24	0
57	6	5.93333265516493	78	52	0
57	10	0.155558268229167	321	34	0
57	11	1.96666802300347	117	39	0
57	9	1.16666666666667	193	24	0
57	8	1.5	259	26	0
57	10	2.67777506510417	261	22	0
57	11	4.28888617621528	333	22	0
57	10	6.08888753255208	233	26	0
57	13	2.14444308810764	468	20	0
57	12	0.777777777777778	363	19	0
57	10	9.05555555555556	129	41	0
57	14	2.41111246744792	196	19	0
57	15	3.36666531032986	187	25	0
57	17	1.10000271267361	203	10	0
57	16	7.21111382378472	338	22	0
57	18	0.833333333333333	217	22	0
57	20	2.24443901909722	312	17	0
57	22	0.333333333333333	250	17	0
57	23	1.42708587646484	629	85	0
57	3	4.4000006781684	207	16	0
57	2	3.24444410536024	182	25	0
57	4	4.04444376627604	253	23	0
57	6	3.98888821072049	233	19	0
57	7	4.08888753255208	897	676	0
57	6	8.16666666666667	101	21	0
57	8	1.83333333333333	474	24	0
57	9	3.10000271267361	511	19	0
57	8	4.92222086588542	192	25	0
57	10	7.87778049045139	219	23	0
57	12	2.33333333333333	241	21	0
57	13	8.41111246744792	249	21	0
57	15	3.81110975477431	254	58	0
57	5	3.64444308810764	278	26	0
57	7	3.45555623372396	307	27	0
57	9	2.96666802300347	187	0	2
25	2	2.18888854980469	210	19	1
25	3	4.2000003390842	326	22	0
25	4	4.21111043294271	380	17	0
25	6	1.9000006781684	320	19	0
25	6	10.9666680230035	359	17	0
25	7	5.62222290039062	426	22	0
25	9	3.56666395399306	339	23	0
25	11	2.41111246744792	360	19	0
25	13	1.03333197699653	287	26	0
25	10	2.77777777777778	263	19	0
25	9	0.566667344835069	152	21	0
25	10	5.68889024522569	187	22	0
25	12	3.31110975477431	244	20	0
25	15	0.922220865885417	327	26	0
25	16	4.97777642144097	386	7	0
25	16	1.13333468967014	161	16	0
25	15	7.9888916015625	184	23	0
25	17	1.95555284288194	228	23	0
25	19	0.0777723524305556	227	22	0
25	21	0.933336046006944	268	22	0
25	23	4.44705619064033	298	17	0
25	22	3.07777235243056	447	74	0
25	6	2.16666666666667	152	39	0
25	3	2.35555521647135	273	25	0
25	5	1.35555691189236	240	23	0
25	6	7.98888821072049	193	22	0
25	8	0.122222900390625	429	10	0
25	7	4.34444512261285	309	23	0
25	6	3.95555623372396	291	457	0
25	8	0.0777791341145833	201	12	0
25	7	3.28888956705729	142	22	0
25	9	2.56666395399306	380	22	0
25	11	2.65555826822917	256	25	0
25	13	3.38888888888889	229	25	0
25	16	0.455552842881944	206	22	0
25	17	1.97777642144097	211	22	0
25	18	5.5111083984375	162	24	0
25	22	0.788886176215278	274	20	0
25	23	4.97549019607844	140	26	0
25	20	4.77777777777778	177	16	0
25	22	1.35555013020833	368	70	0
25	6	10.1444430881076	212	22	0
25	6	1.01111178927951	249	15	0
25	5	0.477776421440972	166	27	0
25	7	1.57777913411458	555	22	0
25	9	2.04444715711806	236	38	0
25	12	2.81110975477431	191	22	0
25	14	2.34444173177083	169	21	0
25	15	8.18889024522569	243	22	0
25	16	7.24444580078125	215	21	0
25	18	3.21111382378472	224	21	0
25	20	1.23333062065972	200	22	0
25	22	3.45555284288194	306	20	0
25	23	7.28333596622244	270	0	2
150	2	0.688888549804688	228	16	1
150	3	2.11111111111111	320	20	0
150	4	1.24444410536024	273	17	0
150	5	2.69999864366319	362	17	0
150	6	3.42222086588542	344	24	0
150	7	3.87777709960938	353	15	0
150	8	3.08888753255208	218	22	0
150	9	2.63333468967014	481	21	0
150	11	0.622219509548611	249	20	0
150	12	3.57777913411458	327	14	0
150	11	4.72222222222222	201	24	0
150	14	0.377780490451389	386	18	0
150	15	3.32222493489583	347	20	0
150	16	2.86666531032986	218	15	0
150	16	7.89999728732639	229	22	0
150	17	6.21111382378472	355	22	0
150	19	0.766669379340278	320	23	0
150	20	7.39999728732639	418	21	0
150	19	3.20000542534722	269	31	0
150	21	2.5	437	13	0
150	22	3.20454545454546	753	89	0
150	4	0.677778455946181	145	24	0
150	2	1.67777760823568	373	22	0
150	3	7.98888821072049	366	23	0
150	2	2.37777794731988	177	27	0
150	4	2.4000006781684	309	18	0
150	6	1.0999993218316	455	22	0
150	7	0.188890245225694	534	39	0
150	3	4.23333401150174	232	50	0
150	8	1.5999993218316	208	20	0
150	7	1.26666598849826	212	27	0
150	9	3.55555555555556	195	10	0
150	9	1.54444715711806	290	32	0
150	6	5.36666531032986	301	24	0
150	8	1.77777777777778	126	26	0
150	11	0.844441731770833	198	13	0
150	10	4.06666395399306	273	18	0
150	9	2.21111382378472	164	25	0
150	12	2.56666395399306	245	11	0
150	11	4.61111111111111	191	27	0
150	14	1.23333062065972	375	15	0
150	13	5.38888888888889	159	23	0
150	15	5	247	21	0
150	16	6.34444173177083	307	21	0
150	17	6.39999728732639	409	25	0
150	19	2.477783203125	216	22	0
150	20	8.78888617621528	329	23	0
150	22	4.13788396661933	218	27	0
150	20	6.58889431423611	167	66	0
150	10	0.444444444444444	201	36	0
150	7	0.0999993218315972	223	22	0
150	6	2.42222086588542	296	25	0
150	7	5.35555691189236	258	25	0
150	9	3.27777777777778	267	26	0
150	12	1.18889024522569	210	23	0
150	13	7.88888888888889	208	26	0
150	16	2.87778049045139	266	14	0
150	15	6.9888916015625	325	23	0
150	16	9.61111111111111	166	36	0
150	19	1.53333875868056	216	26	0
150	20	12.1444498697917	134	0	2
156	2	0.944444444444444	246	21	1
156	4	0.188888549804688	429	22	0
156	6	0.344445122612847	314	19	0
156	4	3.46666632758247	214	40	0
156	7	2.88888888888889	298	23	0
156	8	5.53333197699653	231	10	0
156	8	3.62222290039062	145	26	0
156	10	2.14444308810764	309	25	0
156	11	5.24444580078125	230	22	0
156	13	5.24444580078125	446	60	0
156	3	5.27777777777778	261	24	0
156	6	1.07777913411458	237	23	0
156	6	12.8333333333333	277	15	0
156	6	8.67777845594618	317	24	0
156	7	5.41111246744792	185	12	0
156	7	2.48888821072049	219	25	0
156	6	6.08888753255208	247	18	0
156	6	11.4444444444444	161	20	0
156	7	5.34444512261285	298	23	0
156	9	0.0333319769965278	184	21	0
156	10	2.5111083984375	168	40	0
156	12	2.32222493489583	258	23	0
156	14	0.544447157118056	259	11	0
156	13	6.39999728732639	171	23	0
156	15	0.622219509548611	279	18	0
156	15	7.92222086588542	215	19	0
156	16	6.27777777777778	263	37	0
156	15	2.10000271267361	170	24	0
156	16	7.84444173177083	292	23	0
156	19	1.64444986979167	191	23	0
156	16	5.81111653645833	260	26	0
156	19	0.666666666666667	270	17	0
156	19	7.95555284288194	449	19	0
156	21	2.29242683179451	829	517	0
156	1	1.25517272949219	277	648	0
156	1	1.13103432490908	419	9	0
156	1	0.365516925680226	312	14	0
156	2	1.6000001695421	297	26	0
156	4	1.06666734483507	345	24	0
156	2	3.38888888888889	214	11	0
156	2	0.299999660915799	244	43	0
156	6	2.94444444444444	331	19	0
156	5	0.155554877387153	235	22	0
156	6	5.77777777777778	200	20	0
156	7	1.64444308810764	351	37	0
156	6	4.0999993218316	296	16	0
156	6	8.5999993218316	189	22	0
156	7	3.53333197699653	355	17	0
156	8	3.66666666666667	205	22	0
156	10	0.422220865885417	401	21	0
156	10	6.93333604600694	215	21	0
156	12	0.466668023003472	323	20	0
156	13	3.31110975477431	225	20	0
156	14	3.14444308810764	528	21	0
156	15	6.43333604600694	577	19	0
156	16	5.74443901909722	254	22	0
156	19	0.455552842881944	378	21	0
156	20	1.53333875868056	123	1145	0
156	3	3.37777709960938	215	22	0
156	5	0.988888210720486	281	19	0
156	6	3.38888888888889	410	19	0
156	6	10.5333319769965	385	18	0
156	7	3.19999864366319	710	17	0
156	8	2.06666734483507	237	17	0
156	7	2.4000006781684	226	21	0
156	8	4.98888821072049	222	18	0
156	9	0.355556911892361	266	20	0
156	8	3.64444308810764	155	37	0
156	6	1.61111111111111	356	39	0
156	7	4.30000135633681	273	14	0
156	7	1.34444512261285	211	22	0
156	8	5.12222290039062	193	21	0
156	10	1.19999864366319	453	21	0
156	11	0.855556911892361	299	22	0
156	13	1.16666666666667	348	13	0
156	13	4.18889024522569	368	20	0
156	14	3.92222086588542	207	17	0
156	13	6.18889024522569	260	23	0
156	15	1.62221950954861	508	23	0
156	16	1.61111111111111	201	23	0
156	14	7.28888617621528	308	22	0
156	16	0.233330620659722	203	40	0
156	13	5.15555826822917	229	45	0
156	8	8.78888617621528	213	25	0
156	7	1.73333401150174	222	23	0
156	6	3.43333265516493	301	25	0
156	7	4.71111043294271	368	21	0
156	8	5.23333401150174	195	23	0
156	10	2.14444308810764	213	25	0
156	12	0.233330620659722	218	43	0
156	15	0.711113823784722	228	25	0
156	16	3.73333062065972	232	101	0
156	19	1.5111083984375	60	24	0
156	19	1.24443901909722	151	57	0
156	20	2.79999457465278	391	22	0
156	21	5.02878270004735	309	0	2
153	2	6.01111178927951	194	8	1
153	2	4.03333367241753	147	429	0
153	3	3.47777811686198	200	22	0
153	6	0.555555555555556	372	19	0
153	6	8.06666734483507	625	13	0
153	6	4.9000006781684	217	21	0
153	7	3.19999864366319	346	19	0
153	8	3.85555691189236	236	22	0
153	9	1.18889024522569	484	20	0
153	10	4.39999728732639	244	20	0
153	12	0.0222235785590278	266	18	0
153	13	1.27777777777778	180	19	0
153	11	2.71111382378472	224	26	0
153	9	0.777777777777778	36	28	0
153	13	2.08888753255208	240	22	0
153	15	0.366665310329861	279	10	0
153	14	2.36666531032986	198	19	0
153	15	5.60000271267361	307	25	0
153	17	0.811109754774306	445	22	0
153	18	3.58889431423611	575	21	0
153	17	3.39999728732639	217	26	0
153	19	3.45555284288194	305	18	0
153	20	7.21111382378472	214	18	0
153	20	0.333333333333333	322	21	0
153	20	9.18888346354167	206	22	0
153	22	1.53333875868056	330	18	0
153	23	4.55150997277463	314	18	0
153	22	0.600002712673611	239	83	0
153	4	0.366667005750868	182	23	0
153	2	2.31111145019531	546	13	0
153	2	6.54444376627604	204	21	0
153	4	4.64444478352865	222	17	0
153	6	0.622222900390625	306	21	0
153	7	1.46666802300347	262	18	0
153	6	4.83333333333333	297	21	0
153	7	2.5	660	22	0
153	8	5.22222222222222	363	15	0
153	9	0.0333319769965278	427	15	0
153	10	0.677775065104167	226	16	0
153	9	1.05555555555556	446	26	0
153	7	1.47777642144097	180	26	0
153	5	1.61111111111111	234	17	0
153	6	2.28888956705729	183	23	0
153	7	1.74444580078125	211	24	0
153	9	0.722222222222222	328	21	0
153	11	1	244	21	0
153	13	1.37778049045139	369	26	0
153	15	2.03333197699653	233	12	0
153	14	3.52222357855903	189	19	0
153	15	7.06666395399306	225	22	0
153	16	5.89999728732639	462	18	0
153	16	0.0777791341145833	239	20	0
153	17	1.96666802300347	270	21	0
153	18	3.36667209201389	229	29	0
153	16	4.64444308810764	222	24	0
153	15	6.25555419921875	380	23	0
153	17	0.111111111111111	427	22	0
153	18	1.95555284288194	257	18	0
153	19	3.82222493489583	290	20	0
153	20	8.70000542534722	322	22	0
153	22	0.222222222222222	292	20	0
153	23	3.91514633641099	540	63	0
153	13	0.266669379340278	150	46	0
153	6	8.9000006781684	260	20	0
153	8	1.72222222222222	161	33	0
153	6	0.766665988498264	303	23	0
153	4	1.54444376627604	246	22	0
153	6	3.19999864366319	248	21	0
153	7	2.86666531032986	317	21	0
153	8	7.46666802300347	530	20	0
153	10	1.75555419921875	400	19	0
153	11	3.25555419921875	331	20	0
153	13	2.35555691189236	239	24	0
153	15	4.43333604600694	282	27	0
153	17	3.12221950954861	326	49	0
153	23	3.51212380149148	79	0	2
92	2	0.844444274902344	496	22	1
92	4	0.488888210720486	300	16	0
92	3	4.23333401150174	298	20	0
92	4	3.5	221	18	0
92	6	2.45555623372396	373	18	0
92	7	0.977776421440972	210	17	0
92	6	3.93333265516493	296	21	0
92	7	4.35555691189236	260	13	0
92	8	1.74444580078125	134	19	0
92	7	0.466668023003472	187	25	0
92	8	9.57777913411458	203	20	0
92	9	3.97777642144097	196	13	0
92	9	0.811109754774306	197	26	0
92	12	1.47777642144097	451	16	0
92	13	5.23333062065972	361	22	0
92	14	4.47777642144097	320	21	0
92	15	5.62221950954861	342	21	0
92	14	5.69999864366319	227	25	0
92	16	2.38888888888889	269	21	0
92	18	2.55555555555556	212	18	0
92	20	0.299994574652778	198	22	0
92	22	2.75909608783145	294	14	0
92	21	2.5	166	73	0
92	4	0.0444437662760417	181	23	0
92	2	3	277	36	0
92	5	0	320	19	0
92	6	3.22222222222222	337	21	0
92	7	3.45555623372396	273	19	0
92	8	3.41111246744792	222	23	0
92	9	2.81110975477431	551	21	0
92	11	2.63333468967014	305	20	0
92	13	5.42222086588542	267	24	0
92	14	5.67777506510417	218	25	0
92	13	4.27777777777778	304	25	0
92	14	7.69999864366319	323	18	0
92	15	5.95555284288194	288	20	0
92	14	6.30000135633681	277	21	0
92	15	8.30000135633681	449	21	0
92	17	3.81110975477431	233	24	0
92	20	0.533338758680556	238	18	0
92	18	3.0111083984375	146	26	0
92	22	1.15757057883523	303	7	0
92	21	3.83333333333333	229	85	0
92	3	4.47777811686198	246	21	0
92	4	3.53333367241753	482	18	0
92	6	1.91111246744792	340	20	0
92	7	2.03333197699653	344	23	0
92	6	1.69999864366319	257	48	0
92	2	1.87777794731988	225	16	0
92	3	1.93333265516493	270	26	0
92	5	2.38888888888889	269	21	0
92	6	7.92222086588542	160	41	0
92	3	1.07777743869358	340	41	0
92	6	0.666666666666667	219	25	0
92	7	5.54444376627604	325	14	0
92	8	2.93333265516493	166	22	0
92	9	1.58888753255208	281	36	0
92	7	4.71111043294271	209	39	0
92	9	1.32222493489583	327	20	0
92	10	5.5	218	24	0
92	13	4.89999728732639	283	20	0
92	14	3.52222357855903	285	14	0
92	13	8.87778049045139	51	24	0
92	15	6.45555284288194	316	21	0
92	17	1.57777913411458	154	38	0
92	13	4.87778049045139	307	24	0
92	14	6.0111083984375	208	21	0
92	15	6.30000135633681	270	21	0
92	17	1.34444173177083	180	21	0
92	19	4.03333875868056	251	22	0
92	22	1.23182077118845	250	15	0
92	21	0.9888916015625	186	47	0
92	15	5.34444173177083	333	70	0
92	3	7.54444376627604	341	18	0
92	3	0.666666666666667	190	27	0
92	6	0.199998643663194	292	16	0
92	6	5.94444444444444	185	18	0
92	7	4.05555555555556	248	17	0
92	8	3.96666802300347	219	22	0
92	9	1.96666802300347	368	25	0
92	12	0.9888916015625	384	23	0
92	14	0.0777791341145833	252	22	0
92	15	2.55555555555556	247	40	0
92	18	2.73333062065972	65	0	2
76	2	3.18888854980469	321	24	1
76	4	0.577777438693576	235	18	0
76	5	2.06666734483507	234	18	0
76	6	4.11111111111111	191	18	0
76	7	3.14444308810764	392	19	0
76	8	4.14444308810764	359	16	0
76	9	3.87777709960938	249	17	0
76	10	3.61111111111111	213	22	0
76	13	0.388888888888889	244	23	0
76	14	3.28888617621528	87	305	0
76	15	1.85555691189236	225	21	0
76	14	1.66666666666667	218	27	0
76	15	7.36666531032986	474	19	0
76	16	5.74444580078125	227	21	0
76	17	8.36666531032986	234	22	0
76	19	4.72222222222222	255	19	0
76	20	2.60000271267361	512	19	0
76	19	7.16666666666667	268	38	0
76	22	2.84643118722099	178	10	0
76	22	0.607142857142865	357	80	0
76	3	4.75555589463976	213	20	0
76	2	3.5999993218316	209	27	0
76	5	2.22222222222222	228	21	0
76	6	6.44444444444444	186	19	0
76	7	4.97777642144097	314	19	0
76	9	1.38888888888889	560	25	0
76	7	2.86666531032986	272	22	0
76	6	2.96666802300347	153	285	0
76	5	2.23333401150174	95	32	0
76	8	2.64444308810764	438	19	0
76	9	3.82222154405382	284	20	0
76	11	1.76666937934028	241	23	0
76	13	2	288	23	0
76	14	3.75555419921875	352	22	0
76	15	6.89999728732639	305	23	0
76	17	1.14444308810764	300	22	0
76	17	9.83333333333333	202	24	0
76	19	4.5111083984375	337	17	0
76	19	9.73333062065972	277	8	0
76	19	8.12221950954861	295	25	0
76	22	1.66785975864956	859	0	2
38	3	2.74444410536024	53	390	1
38	3	3.68888854980469	234	21	0
38	4	4.88888888888889	258	19	0
38	6	2.16666666666667	345	20	0
38	7	5.98888821072049	178	17	0
38	7	1.33333333333333	208	14	0
38	6	1.16666666666667	159	16	0
38	4	4.73333401150174	353	19	0
38	6	2.02222357855903	209	19	0
38	7	3.92222086588542	513	21	0
38	9	0.722222222222222	362	19	0
38	10	3.92222086588542	318	49	0
38	3	1.06666734483507	201	21	0
38	4	2.28888956705729	133	46	0
38	10	7.92222086588542	353	22	0
38	12	2.03333197699653	227	9	0
38	11	4.96666802300347	248	25	0
38	14	2.04444715711806	245	19	0
38	15	3.93333604600694	451	16	0
38	14	3.84444173177083	172	24	0
38	16	5.24444580078125	248	19	0
38	17	6.47777642144097	317	22	0
38	19	1.95555284288194	229	19	0
38	20	5.39999728732639	234	19	0
38	19	2.08888753255208	304	25	0
38	21	1.83333333333333	315	21	0
38	23	1.71052631578947	242	9	0
38	22	3.58889431423611	377	15	0
38	23	3.90000513980263	219	64	0
38	12	2.42222086588542	177	50	0
38	5	2.54444376627604	269	18	0
38	6	3.82222154405382	175	18	0
38	8	0.300001356336806	397	13	0
38	7	3.87777709960938	296	21	0
38	9	1.67777845594618	542	465	0
38	10	7.74444580078125	180	21	0
38	12	0.74444580078125	257	21	0
38	13	4.62221950954861	220	22	0
38	11	3.52222357855903	238	19	0
38	13	0.444444444444444	183	24	0
38	14	3.24444580078125	209	26	0
38	16	6.08888753255208	515	0	2
111	3	3.67777845594618	424	18	1
111	5	0.888888888888889	262	22	0
111	3	2.42222256130642	219	14	0
111	2	2.74444410536024	202	26	0
111	5	1.84444512261285	244	21	0
111	6	5.13333468967014	278	20	0
111	7	4.5	365	19	0
111	8	3.24444580078125	274	26	0
111	9	3.78888617621528	645	25	0
111	11	2.69999864366319	259	21	0
111	13	4.15555826822917	348	22	0
111	14	4.65555826822917	418	20	0
111	15	7.42222086588542	391	19	0
111	16	6.43333604600694	292	22	0
111	18	3.37778049045139	209	19	0
111	20	0	300	19	0
111	18	3.34444173177083	491	20	0
111	19	6.11111111111111	194	23	0
111	22	1.961328125	441	23	0
111	19	3.88888888888889	198	23	0
111	17	2.55555555555556	175	15	0
111	18	2.43333604600694	196	69	0
111	4	3.75555589463976	156	24	0
111	2	3.7999996609158	245	17	0
111	4	0.266665988498264	260	21	0
111	6	0.444444444444444	198	673	0
111	6	7.66666666666667	104	20	0
111	7	5.17777845594618	359	15	0
111	8	3.74444580078125	263	21	0
111	9	1.92222086588542	463	18	0
111	10	4.24444580078125	315	24	0
111	12	3.72222222222222	409	18	0
111	13	5.18889024522569	201	24	0
111	15	1.54444715711806	426	20	0
111	16	1.10000271267361	201	23	0
111	17	4.42222086588542	186	20	0
111	19	3.9888916015625	332	33	0
111	16	3.14444308810764	244	18	0
111	17	1.68889024522569	175	42	0
111	22	3.86	142	69	0
111	8	11.1666666666667	242	22	0
111	8	2.25555419921875	273	15	0
111	7	3.48888821072049	150	41	0
111	9	3.10000271267361	124	0	2
143	2	3.44444444444444	247	521	1
143	3	3.65555487738715	182	18	0
143	5	0.966666327582465	321	17	0
143	4	1.11111111111111	221	23	0
143	6	3.63333468967014	524	20	0
143	7	1.57777913411458	321	18	0
143	8	1.18889024522569	389	14	0
143	7	4.43333265516493	154	17	0
143	8	4.74444580078125	255	22	0
143	9	3.41111246744792	602	24	0
143	12	0	302	22	0
143	13	5.46666802300347	436	26	0
143	14	6.30000135633681	319	23	0
143	15	4.18889024522569	261	1850	0
143	3	3.45555623372396	137	21	0
143	2	1.48888905843099	244	21	0
143	4	2	276	19	0
143	6	0.822221544053819	307	20	0
143	6	9.52222357855903	390	11	0
143	6	6.51111178927951	222	25	0
143	8	0.588887532552083	31	1186	0
143	9	3.76666937934028	452	18	0
143	10	6.04444715711806	234	18	0
143	10	0.577779134114583	197	44	0
143	12	3.74444580078125	313	19	0
143	13	6.62221950954861	251	23	0
143	14	6.9888916015625	569	26	0
143	15	6.68889024522569	340	21	0
143	16	7.65555826822917	226	267	0
143	20	0.555555555555556	77	486	0
143	5	0.744444105360243	300	19	0
143	6	4.06666734483507	199	23	0
143	7	5.62222290039062	305	21	0
143	8	8.95555623372396	209	21	0
143	10	3.17777506510417	258	26	0
143	13	1.88888888888889	260	41	0
143	14	12.2333306206597	243	23	0
143	16	2.32222493489583	182	20	0
143	17	2.84444173177083	202	27	0
143	21	3.23333062065972	251	23	0
143	22	7.86070905412947	351	0	2
121	4	3.36666700575087	254	19	1
121	6	3.14444308810764	215	21	0
121	4	3.77777777777778	284	22	0
121	6	2.4000006781684	196	22	0
121	7	5.56666734483507	204	10	0
121	7	2.71111043294271	457	23	0
121	8	8.52222357855903	275	10	0
121	8	6.48888821072049	184	23	0
121	10	1.24444580078125	441	22	0
121	11	0	239	19	0
121	10	4.62221950954861	267	22	0
121	11	3.58888753255208	231	23	0
121	13	4	242	22	0
121	15	1.43333604600694	252	22	0
121	16	7.55555555555556	321	21	0
121	17	8.61111111111111	295	24	0
121	20	1.13332790798611	288	19	0
121	20	9.12221950954861	416	22	0
121	22	2.31111653645833	486	17	0
121	23	5.18421052631579	694	92	0
121	3	4.4000006781684	156	21	0
121	2	1.14444478352865	264	24	0
121	4	1.46666632758247	293	19	0
121	5	3.52222357855903	383	12	0
121	5	1.31110975477431	312	25	0
121	7	1.44444444444444	291	18	0
121	6	4.0999993218316	302	21	0
121	7	4.23333401150174	450	26	0
121	9	2.06666395399306	465	18	0
121	8	6.4000006781684	184	23	0
121	10	3.85555691189236	299	24	0
121	12	0.655558268229167	366	22	0
121	14	0.25555419921875	194	23	0
121	12	2.14444308810764	122	40	0
121	15	3.5	236	23	0
121	17	0.75555419921875	315	68	0
121	3	4.86666700575087	289	24	0
121	6	0.277777777777778	265	23	0
121	7	3.11111111111111	385	20	0
121	6	4.47777642144097	242	23	0
121	7	5.08888753255208	300	25	0
121	9	3.08888753255208	513	25	0
121	11	1.18889024522569	281	13	0
121	10	8.92222086588542	377	25	0
121	13	0.74444580078125	273	18	0
121	11	2.87778049045139	249	21	0
121	13	2.22222222222222	177	26	0
121	10	7.95555284288194	285	875	0
121	3	6.65555487738715	211	23	0
121	6	0.877777099609375	446	22	0
121	7	2.15555487738715	394	23	0
121	8	5.84444512261285	54	205	0
121	8	6.15555487738715	183	21	0
121	9	3.78888617621528	382	23	0
121	11	0.600002712673611	201	22	0
121	13	2.16666666666667	285	21	0
121	14	3.73333062065972	232	37	0
121	17	1.31110975477431	214	21	0
121	17	8.42222764756944	241	25	0
121	20	3.93333604600694	247	17	0
121	20	10.0888943142361	160	24	0
121	23	0.636847245065789	301	16	0
121	23	5.82631321957237	261	82	0
121	6	1.26666598849826	262	20	0
121	6	8.33333333333333	197	20	0
121	8	1.24444580078125	234	25	0
121	10	1.93333604600694	255	43	0
121	13	3.41111246744792	190	39	0
121	16	5.07777913411458	200	0	2
15	2	2.68888854980469	340	21	1
15	4	0	386	22	0
15	6	0.933332655164931	357	22	0
15	7	1.73333401150174	256	15	0
15	8	0.699998643663194	411	22	0
15	10	1.57777913411458	358	10	0
15	9	3.28888956705729	171	27	0
15	12	0.111111111111111	322	22	0
15	13	4.84444173177083	291	21	0
15	14	6.4888916015625	320	23	0
15	15	8.73333062065972	274	23	0
15	16	6.23333062065972	287	22	0
15	18	2.36667209201389	232	18	0
15	19	6.58889431423611	359	22	0
15	22	0.713333333333333	338	33	0
15	19	3.522216796875	227	18	0
15	18	1.41110568576389	242	40	0
15	22	3.18799479166667	257	11	0
15	22	0.713333333333333	236	79	0
15	5	2.51111178927951	265	22	0
15	6	6.48888821072049	186	23	0
15	8	1.34444512261285	266	19	0
15	9	2.54444376627604	197	21	0
15	10	6.21111382378472	245	27	0
15	13	2.80000135633681	162	0	2
12	3	0.166666666666667	193	11	1
12	2	1.78888871934679	72	655	0
12	5	1.38888888888889	239	18	0
12	6	4.05555555555556	251	20	0
12	7	5.16666666666667	287	19	0
12	8	5.74444580078125	211	23	0
12	10	1.06666395399306	476	19	0
12	11	2.46666802300347	386	22	0
12	13	1.65555826822917	225	19	0
12	14	5.0111083984375	588	25	0
12	15	6.76666937934028	229	18	0
12	14	10.8777804904514	292	23	0
12	15	9.25555419921875	316	21	0
12	16	7.81110975477431	193	23	0
12	15	8.88888888888889	169	24	0
12	17	1.19999864366319	240	343	0
12	19	4.53333875868056	125	11	0
12	20	1.10000271267361	164	22	0
12	22	2.05555555555556	330	20	0
12	23	5.118671875	257	8	0
12	23	6.95333333333333	106	85	0
12	3	3.36666700575087	297	23	0
12	5	3.44444444444444	180	22	0
12	6	7.75555419921875	174	21	0
12	8	3.69999864366319	263	23	0
12	10	0.555555555555556	264	38	0
12	12	2.94444444444444	184	23	0
12	14	5.15555826822917	265	27	0
12	16	0.866665310329861	229	23	0
12	17	2.81110975477431	303	14	0
12	16	8.69999864366319	182	27	0
12	15	6.15555826822917	242	69	0
12	5	0.799999660915799	183	21	0
12	3	4.03333367241753	192	26	0
12	6	6.9000006781684	188	23	0
12	8	4.87777709960938	234	21	0
12	10	0.444444444444444	299	36	0
12	7	3.18889024522569	312	13	0
12	7	0.422220865885417	92	0	2
70	3	2.97777811686198	296	15	1
70	2	3.63333299424913	249	604	0
70	5	0.488888210720486	320	24	0
70	6	6.43333265516493	508	17	0
70	7	4.32222154405382	374	23	0
70	8	7.66666666666667	286	17	0
70	10	1.07777913411458	421	21	0
70	11	4.22222222222222	274	38	0
70	13	7.0111083984375	263	23	0
70	15	4.87778049045139	216	13	0
70	15	1.85555691189236	93	26	0
70	13	0.766669379340278	313	20	0
70	13	8.17777506510417	155	24	0
70	12	3.95555284288194	296	18	0
70	11	3.95555284288194	148	38	0
70	15	4.16666666666667	332	51	0
70	16	7.07777913411458	77	22	0
70	16	7.28888617621528	234	190	0
70	18	3.27777777777778	89	58	0
70	20	3.27777777777778	221	20	0
70	22	0.533338758680556	220	24	0
70	23	6.00270534206081	283	11	0
70	23	1.8189136402027	230	20	0
70	21	1.9888916015625	357	20	0
70	20	1.83333333333333	184	16	0
70	20	6.06666395399306	132	24	0
70	23	4.59729993665541	194	85	0
70	4	3.15555487738715	165	25	0
70	3	1.65555487738715	201	21	0
70	3	9.32222154405382	159	24	0
70	6	2.31110975477431	251	23	0
70	7	4.86666531032986	272	22	0
70	8	7.66666666666667	268	21	0
70	10	3.19999864366319	283	35	0
70	7	3.44444444444444	265	17	0
70	8	2.80000135633681	159	39	0
70	11	0.800001356336806	245	23	0
70	13	3.67777506510417	239	0	2
44	3	1.43333265516493	270	20	1
44	5	0.400000678168403	237	17	0
44	6	2.64444308810764	281	21	0
44	7	4.22222222222222	309	22	0
44	9	3.22222222222222	307	21	0
44	8	3.37777709960938	188	27	0
44	11	1.36666531032986	265	23	0
44	13	0.644443088107639	253	23	0
44	14	1.0111083984375	237	16	0
44	14	5.96666802300347	280	22	0
44	15	1.9888916015625	215	19	0
44	16	1.08888753255208	189	23	0
44	16	10.7777777777778	223	23	0
44	19	3.18888346354167	225	20	0
44	20	1.56666395399306	185	22	0
44	22	3.66129294774867	339	11	0
44	22	0.50000000000001	253	83	0
44	3	3.0999993218316	205	23	0
44	6	1.04444376627604	204	23	0
44	8	1.06666734483507	331	11	0
44	7	5.80000135633681	438	9	0
44	7	3.5999993218316	102	24	0
44	9	2.56666734483507	316	0	2
41	2	5.2999996609158	281	20	1
41	4	1.11111111111111	247	20	0
41	5	3.96666802300347	298	24	0
41	7	2.17777845594618	398	19	0
41	8	2.82222154405382	231	23	0
41	10	1.27777777777778	346	25	0
41	12	1.81110975477431	253	13	0
41	11	2.91111246744792	206	24	0
41	14	1.76666937934028	206	22	0
41	15	5.76666937934028	320	23	0
41	16	9.93333604600694	197	28	0
41	15	1.63333468967014	139	39	0
41	17	3.54444715711806	261	22	0
41	18	5.27777777777778	234	29	0
41	16	3.0111083984375	213	43	0
41	19	3.22222222222222	285	21	0
41	21	1.5	225	22	0
41	23	4.41071428571429	500	13	0
41	23	8.23570905412947	196	76	0
41	4	2.68888854980469	208	22	0
41	2	4.77777777777778	200	39	0
41	6	1.22222222222222	209	22	0
41	7	1.16666666666667	204	22	0
41	8	4.23333401150174	105	22	0
41	7	0.0555555555555556	357	23	0
41	8	4.53333197699653	239	23	0
41	10	2.92222086588542	445	24	0
41	12	3.61111111111111	338	20	0
41	14	3.68889024522569	212	50	0
41	7	3.69999864366319	329	21	0
41	6	4.42222086588542	161	442	0
41	5	2.93333265516493	251	27	0
41	7	5.84444512261285	288	24	0
41	10	2.76666937934028	200	24	0
41	13	1.55555555555556	346	18	0
41	15	0.455552842881944	210	29	0
41	17	4.47777642144097	216	21	0
41	18	7.96666802300347	359	16	0
41	18	3.22222222222222	120	40	0
41	20	4.13332790798611	192	20	0
41	22	2.46666124131944	156	21	0
41	23	5.36428833007813	194	80	0
41	4	3.58888922797309	180	23	0
41	2	4.71111043294271	245	24	0
41	5	1.08888922797309	360	19	0
41	6	3.35555691189236	363	20	0
41	7	1.83333333333333	283	17	0
41	8	1.63333468967014	200	24	0
41	10	1.16666666666667	270	23	0
41	12	2.56666395399306	289	11	0
41	11	4.45555284288194	462	42	0
41	7	5.94444444444444	667	0	2
102	3	0	305	14	1
102	2	0.388888888888889	326	23	0
102	4	0.0111117892795139	242	20	0
102	5	3.04444376627604	402	20	0
102	6	7.42222086588542	263	18	0
102	7	5.46666802300347	316	16	0
102	8	4.22222222222222	275	22	0
102	9	2.38888888888889	512	22	0
102	11	2.24444580078125	253	19	0
102	13	0.377780490451389	333	20	0
102	13	7.21111382378472	225	23	0
102	15	5.60000271267361	265	20	0
102	16	2.32222493489583	170	26	0
102	15	3.03333197699653	230	37	0
102	17	0.177775065104167	287	22	0
102	18	2.93333604600694	139	43	0
102	19	0.411105685763889	40	356	0
102	20	2.11111111111111	167	161	0
102	23	0.24285452706474	102	554	0
102	6	1	193	26	0
102	3	5.04444376627604	406	22	0
102	5	2.07777913411458	279	20	0
102	6	8.22222222222222	508	18	0
102	7	4.62222290039062	313	20	0
102	8	5.18889024522569	219	23	0
102	10	1.35555691189236	246	9	0
102	9	3.16666666666667	276	20	0
102	10	6.21111382378472	305	20	0
102	12	2.18889024522569	231	17	0
102	13	4.60000271267361	260	21	0
102	15	0.522223578559028	378	19	0
102	13	5.97777642144097	193	23	0
102	15	6.75555419921875	207	25	0
102	17	0.199998643663194	378	22	0
102	19	0.788886176215278	231	19	0
102	21	1.35555013020833	301	27	0
102	17	5.34444173177083	444	63	0
102	8	10.5333319769965	199	36	0
102	6	6.73333401150174	264	21	0
102	7	4.5999993218316	384	36	0
102	5	3.61111111111111	236	41	0
102	8	3.17777845594618	197	24	0
102	10	0.211113823784722	416	27	0
102	8	1.24444580078125	211	44	0
102	11	3.86666531032986	211	0	2
73	2	1.35555521647135	395	19	1
73	3	4.61111111111111	302	15	0
73	2	3.56666734483507	189	318	0
73	6	0.588887532552083	229	21	0
73	7	3.42222086588542	248	18	0
73	8	4.72222222222222	189	17	0
73	9	3.83333333333333	92	53	0
73	2	2.21111128065321	259	17	0
73	3	4.05555555555556	208	20	0
73	5	3.51111178927951	215	22	0
73	7	2.06666734483507	234	21	0
73	8	3.97777642144097	370	21	0
73	10	2.07777913411458	251	23	0
73	12	0.0888875325520833	331	20	0
73	13	4.31110975477431	237	22	0
73	15	1.36666531032986	329	26	0
73	16	6.54444715711806	405	572	0
73	17	0.377780490451389	325	23	0
73	18	5.41111246744792	307	19	0
73	20	3.35555013020833	229	18	0
73	19	1.477783203125	366	21	0
73	21	1.5	70	39	0
73	17	4.67777506510417	191	32	0
73	21	2.74443901909722	337	21	0
73	23	3.16316303453947	241	21	0
73	22	0.455552842881944	281	13	0
73	22	3.96666124131944	184	76	0
73	4	2.85555521647135	227	22	0
73	6	1.75555419921875	217	20	0
73	7	4.11111111111111	171	24	0
73	4	4.87777709960938	201	23	0
73	7	1.21111043294271	187	23	0
73	8	5.4000006781684	295	19	0
73	10	3	209	26	0
73	12	3.97777642144097	258	22	0
73	13	7.65555826822917	189	34	0
73	12	0.155558268229167	191	13	0
73	12	3.52222357855903	149	496	0
73	7	2.17777845594618	269	19	0
73	6	1.23333401150174	268	22	0
73	8	0.888888888888889	246	16	0
73	7	2.33333333333333	171	25	0
73	10	3.46666802300347	183	43	0
73	15	5.34444173177083	227	23	0
73	16	7.38888888888889	195	23	0
73	18	1.37778049045139	199	22	0
73	20	1.21111382378472	188	20	0
73	22	1.25556098090278	376	76	0
73	6	0.444444444444444	156	26	0
73	2	3	239	19	0
73	4	0.0333336724175347	204	20	0
73	5	2.83333333333333	185	24	0
73	8	1.0999993218316	249	23	0
73	9	3.62222290039062	277	26	0
73	12	0.388888888888889	227	23	0
73	13	7.02222357855903	187	22	0
73	15	4.02222357855903	185	28	0
73	16	10.1666666666667	194	0	2
47	2	2.06666649712457	195	9	1
47	2	0.222222222222222	508	23	0
47	3	8.5999993218316	216	20	0
47	5	2.57777913411458	301	15	0
47	6	2.81110975477431	135	641	0
47	9	1.96666802300347	298	21	0
47	10	5.91111246744792	457	20	0
47	12	0.566663953993056	248	22	0
47	13	5.69999864366319	274	22	0
47	14	3.13333468967014	282	20	0
47	13	6.06666395399306	186	24	0
47	14	5.93333604600694	247	24	0
47	15	6.82222493489583	335	0	2
63	3	1.63333299424913	286	17	1
63	4	2.36666700575087	221	22	0
63	6	1.51111178927951	454	20	0
63	7	2	664	581	0
63	9	4.04444376627604	161	16	0
63	10	3.22222222222222	459	25	0
63	12	2.24444580078125	270	18	0
63	13	2.62221950954861	189	18	0
63	14	3.28888617621528	337	18	0
63	15	5.18889024522569	186	21	0
63	16	4.73333062065972	418	21	0
63	17	2.83333333333333	328	20	0
63	19	4.39999728732639	487	11	0
63	19	1.38888888888889	170	27	0
63	22	1.05555555555556	515	12	0
63	21	2.5111083984375	211	23	0
63	23	1.18266927083333	313	15	0
63	23	5.278671875	271	20	0
63	22	6.08889431423611	128	76	0
63	4	1.62222290039062	167	22	0
63	2	2.35555521647135	177	26	0
63	5	1.15555487738715	253	21	0
63	6	7.58888753255208	271	20	0
63	7	5.94444444444444	189	24	0
63	9	4.36666531032986	508	22	0
63	8	0.544443766276042	198	27	0
63	5	3.47777642144097	230	41	0
63	10	2.72222222222222	206	24	0
63	13	2.4888916015625	271	17	0
63	14	2.9888916015625	172	20	0
63	15	7.33333333333333	239	24	0
63	16	7.77777777777778	94	0	2
28	3	2.07777743869358	230	23	1
28	4	4.15555487738715	305	19	0
28	6	2.62222290039062	218	22	0
28	7	4.30000135633681	459	24	0
28	9	3.11111111111111	592	22	0
28	11	2.72222222222222	258	21	0
28	13	3.13333468967014	322	17	0
28	13	8.56666395399306	354	22	0
28	14	5.28888617621528	328	21	0
28	15	6.76666937934028	323	22	0
28	16	6.57777913411458	211	22	0
28	19	2.06666395399306	251	18	0
28	20	0.855550130208333	169	20	0
28	22	2.98570905412947	453	74	0
28	5	3.61111111111111	238	22	0
28	6	6.34444512261285	166	22	0
28	8	1.47777642144097	230	23	0
28	10	3.30000135633681	215	26	0
28	13	0.699998643663194	232	19	0
28	13	8.87778049045139	285	35	0
28	9	3.74444580078125	409	26	0
28	7	2.24444580078125	260	24	0
28	9	0.855556911892361	129	23	0
28	11	4.89999728732639	188	23	0
28	13	7.33333333333333	193	23	0
28	14	6.85555691189236	251	0	2
