21	3	6.45555623372396	232	23	1
21	6	1.47777642144097	170	20	0
21	7	2.41111246744792	196	19	0
21	8	2.48888821072049	165	22	0
21	10	1.15555826822917	225	26	0
21	11	3.12221950954861	214	23	0
21	13	2.92222086588542	104	39	0
21	15	5.24444580078125	227	27	0
21	17	1.47777642144097	328	11	0
21	16	7.60000271267361	162	23	0
21	17	8.14444308810764	158	24	0
21	19	2.76666937934028	171	30	0
21	21	4.85555013020833	170	18	0
21	22	5.21111382378472	210	90	0
21	5	0.74444580078125	142	32	0
21	3	5.5999993218316	274	44	0
21	8	4.24444580078125	334	22	0
21	7	2.24444580078125	248	29	0
21	10	7.5111083984375	215	38	0
21	13	1.9888916015625	161	27	0
21	15	6.5111083984375	149	24	0
21	17	3.56666395399306	373	34	0
21	19	1.5111083984375	161	27	0
21	22	0.111111111111111	155	0	2
117	1	1.71034451188712	181	22	1
117	3	1.87777709960938	175	20	0
117	4	2.26666598849826	194	22	0
117	5	3.84444512261285	260	29	0
117	3	0.355555216471354	190	25	0
117	4	3.37777709960938	269	22	0
117	6	1.36666531032986	115	251	0
117	5	0.722222222222222	173	28	0
117	7	5.58888753255208	503	26	0
117	10	0.388888888888889	463	19	0
117	8	4.0999993218316	215	23	0
117	10	3.88888888888889	231	27	0
117	12	1.60000271267361	244	28	0
117	15	2.23333062065972	218	23	0
117	16	2.25555419921875	200	26	0
117	17	3.18889024522569	231	27	0
117	16	1.71111382378472	220	26	0
117	17	3.88888888888889	78	27	0
117	18	6.13332790798611	174	22	0
117	20	3.91110568576389	155	81	0
117	7	2.74444580078125	253	15	0
117	8	1.78888956705729	407	19	0
117	7	0.144443088107639	105	25	0
117	9	0.633334689670139	177	22	0
117	10	4.24444580078125	226	27	0
117	12	3.44444444444444	220	25	0
117	15	5.04444715711806	228	22	0
117	16	2.9888916015625	173	22	0
117	15	4.80000135633681	125	28	0
117	17	2.23333062065972	196	37	0
117	19	0.9888916015625	170	35	0
117	21	2.36667209201389	191	23	0
117	22	3.12221950954861	249	0	2
88	8	5.30000135633681	160	39	1
88	4	3.97777811686198	131	24	0
88	2	3.35555521647135	195	23	0
88	5	2.83333333333333	193	23	0
88	7	1.04444376627604	129	515	0
88	8	5.01111178927951	368	250	0
88	8	1.24444580078125	277	22	0
88	9	2.4000006781684	139	23	0
88	10	7.91111246744792	157	24	0
88	12	3.47777642144097	327	27	0
88	14	7.57777913411458	181	19	0
88	14	3.5111083984375	220	32	0
88	16	2.62221950954861	241	34	0
88	18	3.15555826822917	231	19	0
88	19	4.32222493489583	134	25	0
88	22	0.711113823784722	118	78	0
88	8	4.92222086588542	118	39	0
88	5	2.37777709960938	159	41	0
88	8	1.12222290039062	184	26	0
88	10	4.87778049045139	195	27	0
88	13	2.06666395399306	279	22	0
88	11	5.10000271267361	162	36	0
88	9	1.94444444444444	96	36	0
88	4	4.38888888888889	198	17	0
88	6	0.922220865885417	226	40	0
88	8	1.15555487738715	279	32	0
88	5	0.599999321831597	286	16	0
88	4	1.96666632758247	121	29	0
88	6	7.69999864366319	261	280	0
88	7	5.61111111111111	329	19	0
88	8	4.62222290039062	173	11	0
88	8	2.25555419921875	143	17	0
88	7	2.17777845594618	218	19	0
88	8	2.22222222222222	354	36	0
88	6	5.43333265516493	164	29	0
88	8	7.06666734483507	221	20	0
88	10	3.5	233	25	0
88	12	1.12221950954861	368	24	0
88	14	0.555555555555556	207	26	0
88	15	4.36666531032986	173	23	0
88	16	6.83333333333333	157	35	0
88	19	4.87778049045139	294	27	0
88	22	4.28888617621528	86	0	2
8	2	1.75555589463976	168	25	1
8	3	3.81111145019531	168	24	0
8	6	0.155554877387153	347	21	0
8	4	3.16666666666667	94	31	0
8	7	4.88888888888889	259	27	0
8	8	9.65555487738715	141	28	0
8	10	6.66666666666667	168	28	0
8	13	1.67777506510417	198	23	0
8	14	2.41111246744792	166	23	0
8	15	5	169	23	0
8	16	2.41111246744792	323	36	0
8	17	0.733330620659722	91	23	0
8	19	0.622219509548611	176	24	0
8	21	0.0777723524305556	179	11	0
8	21	2.73333062065972	156	77	0
8	10	7.05555555555556	273	39	0
8	13	1.34444173177083	209	24	0
8	14	0.711113823784722	316	43	0
8	11	0.0222235785590278	129	28	0
8	8	9.75555419921875	139	40	0
8	6	4.73333401150174	224	70	0
8	16	0.611111111111111	151	25	0
8	17	4.9888916015625	160	21	0
8	19	3.32222493489583	256	0	2
107	3	5.58888922797309	174	26	1
107	6	0.900000678168403	442	27	0
107	3	7.74444410536024	232	24	0
107	6	3.63333468967014	250	20	0
107	7	1.75555419921875	131	12	0
107	6	7.87777709960938	234	23	0
107	8	4.34444512261285	331	26	0
107	10	0.0444471571180556	224	20	0
107	11	3.02222357855903	188	24	0
107	13	3.55555555555556	201	324	0
107	14	3.57777913411458	143	12	0
107	14	5.87778049045139	148	21	0
107	15	2.54444715711806	224	15	0
107	14	5.86666531032986	193	21	0
107	15	4.80000135633681	110	23	0
107	16	7.0111083984375	239	486	0
107	19	3.73333062065972	197	64	0
107	9	2.4888916015625	108	44	0
107	4	3.31111145019531	220	200	0
107	3	9.34444512261285	204	42	0
107	7	1.30000135633681	184	23	0
107	8	3.66666666666667	184	20	0
107	9	5.22222222222222	361	38	0
107	7	1.44444444444444	251	17	0
107	6	6.51111178927951	154	26	0
107	8	2.72222222222222	85	27	0
107	10	1.77777777777778	160	23	0
107	12	3.11111111111111	187	26	0
107	14	5.61111111111111	208	15	0
107	15	2.14444308810764	242	23	0
107	16	0.611111111111111	117	24	0
107	17	1.12221950954861	200	122	0
107	8	0.433332655164931	142	24	0
107	6	4.25555419921875	306	39	0
107	8	4.68889024522569	624	57	0
107	16	6.27777777777778	189	24	0
107	18	5.85555691189236	146	23	0
107	20	2.477783203125	194	23	0
107	18	6.87778049045139	146	25	0
107	21	1.89999728732639	231	63	0
107	10	2.92222086588542	225	24	0
107	12	1.5	203	0	2
130	4	3.62222290039062	148	20	1
130	3	4.61111111111111	151	25	0
130	6	0.544443766276042	223	21	0
130	6	8.52222357855903	385	301	0
130	2	3.46666632758247	146	37	0
130	5	3.57777913411458	144	31	0
130	7	5.14444308810764	281	24	0
130	8	7.19999864366319	278	10	0
130	8	4.30000135633681	161	29	0
130	10	2.54444715711806	610	18	0
130	10	7.38888888888889	128	21	0
130	12	1.61111111111111	406	45	0
130	8	1.51111178927951	145	42	0
130	4	3.0999993218316	192	20	0
130	3	5	179	31	0
130	6	1.61111111111111	163	39	0
130	8	0.422220865885417	401	16	0
130	8	4.27777777777778	326	12	0
130	8	6.48888821072049	351	24	0
130	7	1.23333401150174	181	40	0
130	10	4.04444715711806	195	28	0
130	13	0.800001356336806	182	26	0
130	14	1.32222493489583	128	21	0
130	15	3.71111382378472	570	27	0
130	16	7.74444580078125	158	22	0
130	18	1.68888346354167	134	22	0
130	20	4.06666395399306	141	31	0
130	23	1.38888888888889	326	18	0
130	22	0.299994574652778	58	26	0
130	24	5.50356619698662	183	0	2
165	3	3.58888922797309	249	24	1
165	6	1.98888821072049	139	26	0
165	7	5.78888956705729	539	21	0
165	9	2.41111246744792	148	20	0
165	10	4.26666598849826	111	24	0
165	12	2.5	285	25	0
165	14	2.87778049045139	361	22	0
165	15	4.81110975477431	213	16	0
165	16	3.57777913411458	157	22	0
165	15	1.18889024522569	291	23	0
165	16	5.06666395399306	163	26	0
165	17	6.5	116	28	0
165	20	1.41111246744792	312	22	0
165	18	3.85555691189236	98	25	0
165	16	7.41111246744792	185	19	0
165	17	3.74444580078125	89	44	0
165	20	3.69999864366319	144	24	0
165	23	1.51785714285715	206	72	0
165	13	1.84444173177083	259	25	0
165	10	7.78888617621528	265	25	0
165	13	0.0777791341145833	225	40	0
165	8	0.222222222222222	480	84	0
165	17	6.85555691189236	466	25	0
165	19	1.74444580078125	67	78	0
165	6	0.766665988498264	163	23	0
165	7	0.677778455946181	83	21	0
165	8	1.86666531032986	208	23	0
165	10	1.53333197699653	172	39	0
165	13	4.54444715711806	224	33	0
165	15	4.66666666666667	180	23	0
165	17	0.25555419921875	198	26	0
165	20	0.188890245225694	144	88	0
165	6	1.91111246744792	207	72	0
165	18	3.43333604600694	336	37	0
165	16	2.67777506510417	140	0	2
139	4	0.477778116861979	343	20	1
139	2	5.28888956705729	77	28	0
139	6	2.42222086588542	357	28	0
139	2	5.97777811686198	200	42	0
139	6	4.15555487738715	175	29	0
139	2	3.33333333333333	362	44	0
139	7	5.25555419921875	436	11	0
139	8	1.86666531032986	120	25	0
139	10	2.41111246744792	259	19	0
139	11	2.12221950954861	328	23	0
139	10	1.72222222222222	223	27	0
139	12	3.71111382378472	172	25	0
139	14	0.699998643663194	213	26	0
139	15	3.71111382378472	175	26	0
139	16	5.83333333333333	468	18	0
139	17	0.588894314236111	124	24	0
139	19	5.11111111111111	171	24	0
139	22	0.692005208333333	426	50	0
139	15	9.94444444444444	241	48	0
139	13	7.26666937934028	116	25	0
139	11	4.77777777777778	347	0	2
162	3	0.799999660915799	167	26	1
162	5	2.56666734483507	188	26	0
162	7	4.55555555555556	294	14	0
162	8	2.31110975477431	114	24	0
162	10	1.95555623372396	268	36	0
162	11	2.81110975477431	193	22	0
162	13	2.04444715711806	246	21	0
162	14	0.0111083984375	119	20	0
162	15	4.12221950954861	183	22	0
162	16	7.21111382378472	159	20	0
162	17	3.14444308810764	186	43	0
162	20	1.81111653645833	181	23	0
162	20	9.15555826822917	141	21	0
162	22	2.15333333333333	199	27	0
162	20	2.58889431423611	204	20	0
162	19	0.611111111111111	94	78	0
162	7	0.333333333333333	186	23	0
162	8	2.42222086588542	235	27	0
162	5	3.81110975477431	191	25	0
162	8	1	163	25	0
162	10	6.82222493489583	248	35	0
162	13	1.27777777777778	213	22	0
162	14	3.37778049045139	192	20	0
162	16	0.177775065104167	338	27	0
162	13	0.711113823784722	260	0	2
133	4	1.03333367241753	154	25	1
133	6	4.34444512261285	198	38	0
133	8	5.98888821072049	178	708	0
133	6	7.34444512261285	86	26	0
133	5	2.14444308810764	223	24	0
133	7	4.30000135633681	227	24	0
133	8	4.37777709960938	277	25	0
133	6	4.26666598849826	191	21	0
133	4	3.88888888888889	222	27	0
133	7	2.45555623372396	240	23	0
133	8	7.33333333333333	414	21	0
133	10	2.06666395399306	269	9	0
133	10	4.14444308810764	199	19	0
133	11	1.31110975477431	159	40	0
133	8	3.91111246744792	207	43	0
133	11	2.52222357855903	227	26	0
133	13	5.08888753255208	289	24	0
133	15	3.52222357855903	166	24	0
133	16	6.76666937934028	307	23	0
133	17	5.12221950954861	204	24	0
133	19	3.38888888888889	179	22	0
133	20	5.86667209201389	113	25	0
133	23	2.43029785156251	191	92	0
133	6	5.55555555555556	180	11	0
133	6	3.51111178927951	188	21	0
133	5	0.688890245225694	110	42	0
133	8	6.16666666666667	103	70	0
133	20	4.79999457465278	237	27	0
133	17	5.62221950954861	295	57	0
133	8	8.80000135633681	186	26	0
133	7	4.05555555555556	340	23	0
133	6	3.44444444444444	251	25	0
133	8	6.0999993218316	209	0	2
53	2	2.65555572509766	75	17	1
53	4	0.177778455946181	120	19	0
53	5	2.61111111111111	155	8	0
53	6	1.34444512261285	338	20	0
53	4	2.78888956705729	493	15	0
53	3	5.04444376627604	200	13	0
53	3	2.05555555555556	53	320	0
53	2	0.577777438693576	366	20	0
53	3	5.22222222222222	73	28	0
53	6	2.55555555555556	146	25	0
53	8	0.300001356336806	293	25	0
53	10	1.33333333333333	194	21	0
53	12	0.688890245225694	214	10	0
53	11	3.72222222222222	123	27	0
53	14	0.611111111111111	203	20	0
53	15	3.04444715711806	160	21	0
53	16	4.12221950954861	258	22	0
53	17	3.19999864366319	118	19	0
53	19	1.74444580078125	206	21	0
53	21	0.477776421440972	230	19	0
53	22	3.62221950954861	162	24	0
53	20	1.04444715711806	172	56	0
53	14	3.60000271267361	166	25	0
53	12	1.22222222222222	224	20	0
53	10	1.21111043294271	176	23	0
53	8	0.488888210720486	249	20	0
53	6	5.84444512261285	194	19	0
53	5	2.92222086588542	173	81	0
53	19	3.05555555555556	456	0	2
85	3	3.05555555555556	112	25	1
85	6	0.466668023003472	235	18	0
85	6	5.38888888888889	244	22	0
85	8	1.21111043294271	299	22	0
85	9	2.53333197699653	173	19	0
85	10	5.68889024522569	168	25	0
85	13	2.23333062065972	303	39	0
85	15	2.73333062065972	166	24	0
85	16	3.14444308810764	361	23	0
85	15	4.78888617621528	120	23	0
85	16	6.05555555555556	202	25	0
85	18	1.39999728732639	213	71	0
85	7	4.35555691189236	381	20	0
85	8	3.67777845594618	184	21	0
85	10	1.84444173177083	227	27	0
85	12	3.14444308810764	184	27	0
85	14	2.26666937934028	128	24	0
85	15	8.27777777777778	163	31	0
85	17	3.14444308810764	180	31	0
85	20	1.477783203125	247	27	0
85	23	0.63979019657259	163	48	0
85	18	3.89999728732639	207	0	2
56	6	7	127	45	1
56	3	2.05555555555556	237	24	0
56	5	2.31110975477431	156	23	0
56	7	1.04444376627604	159	23	0
56	8	4.75555419921875	231	30	0
56	10	4.82222493489583	222	24	0
56	12	1.75555419921875	198	22	0
56	14	0.155558268229167	231	30	0
56	15	3.36666531032986	159	23	0
56	16	3.4888916015625	165	23	0
56	17	4.41110568576389	459	23	0
56	19	4.93333604600694	287	24	0
56	17	2.4888916015625	229	22	0
56	19	3.35555013020833	234	23	0
56	21	2.88888888888889	118	86	0
56	6	2.78888956705729	207	23	0
56	4	3.97777811686198	112	45	0
56	8	4.68889024522569	157	25	0
56	10	5.5	244	25	0
56	12	2.80000135633681	207	24	0
56	14	0.777777777777778	344	0	2
24	3	4.23333401150174	212	24	1
24	6	0.444444444444444	214	26	0
24	3	6.5999993218316	118	43	0
24	6	8.17777845594618	170	26	0
24	8	1.78888956705729	402	305	0
24	7	0.166666666666667	150	19	0
24	6	5.81110975477431	153	25	0
24	8	2.61111111111111	244	22	0
24	10	3.78888617621528	266	22	0
24	11	3.95555284288194	214	25	0
24	13	8.36666531032986	327	23	0
24	15	0.866665310329861	107	23	0
24	16	2.61111111111111	136	26	0
24	18	3.14444986979167	170	23	0
24	21	1.67777506510417	336	22	0
24	19	2.33333333333333	80	85	0
24	6	5.25555419921875	311	33	0
24	3	7.51111178927951	185	43	0
24	7	1.74444580078125	238	18	0
24	8	1.53333197699653	250	25	0
24	6	4.62222290039062	377	24	0
24	4	4.35555691189236	223	28	0
24	7	5.66666666666667	170	29	0
24	10	5	177	25	0
24	12	3.14444308810764	165	41	0
24	14	3.33333333333333	142	23	0
24	15	4.15555826822917	100	23	0
24	17	1.88888888888889	291	61	0
24	10	0.911112467447917	248	47	0
24	14	1.06666395399306	112	24	0
24	13	4.28888617621528	265	33	0
24	10	7.22222222222222	252	42	0
24	13	10.0666639539931	110	40	0
24	17	0.24444580078125	308	83	0
24	5	0.488888210720486	267	21	0
24	6	2.85555691189236	204	77	0
24	17	5.28888617621528	244	42	0
24	22	1.39510330499388	152	0	2
149	2	1.53333367241753	84	15	1
149	2	3.36666700575087	176	21	0
149	3	6.01111178927951	110	14	0
149	4	2.65555487738715	81	11	0
149	5	2.86666531032986	218	18	0
149	6	4.16666666666667	326	16	0
149	5	3.57777913411458	92	510	0
149	10	1.27777777777778	52	369	0
149	2	3.25555589463976	144	15	0
149	3	2.95555623372396	94	23	0
149	4	4.33333333333333	219	20	0
149	6	2.96666802300347	381	15	0
149	6	6.87777709960938	251	20	0
149	8	0.944444444444444	176	258	0
149	8	3.14444308810764	456	24	0
149	8	7.62222290039062	137	53	0
149	5	3.44444444444444	342	26	0
149	7	1.07777913411458	249	24	0
149	8	4.0999993218316	252	21	0
149	9	0.622219509548611	137	45	0
149	4	3.64444478352865	205	23	0
149	3	0.622222900390625	340	24	0
149	4	4.58888922797309	230	253	0
149	4	3.01111178927951	421	17	0
149	6	0.511111789279514	254	31	0
149	3	5.88888888888889	166	26	0
149	6	3.11111111111111	276	22	0
149	7	1.95555623372396	170	22	0
149	8	5.01111178927951	207	21	0
149	9	1.69999864366319	173	38	0
149	12	0.877780490451389	325	23	0
149	13	3.85555691189236	315	39	0
149	10	3.04444715711806	185	20	0
149	11	3.88888888888889	71	25	0
149	15	0.933336046006944	231	59	0
149	6	9.52222357855903	115	35	0
149	4	1.12222290039062	224	27	0
149	6	5.12222290039062	130	23	0
149	8	0.566667344835069	292	276	0
149	10	3.66666666666667	97	23	0
149	12	2.47777642144097	164	26	0
149	15	4.64444308810764	235	22	0
149	16	7.36666531032986	387	21	0
149	17	4.16666666666667	161	24	0
149	16	6.11111111111111	308	25	0
149	17	4.4888916015625	211	28	0
149	20	2.88888888888889	257	20	0
149	20	11.1222195095486	224	91	0
149	6	5.85555691189236	119	25	0
149	3	6.87777709960938	250	39	0
149	6	1.63333468967014	470	105	0
149	20	12.3444417317708	168	24	0
149	19	3.03333875868056	222	42	0
149	15	4.55555555555556	232	60	0
149	8	6.25555419921875	48	0	2
152	2	6.0999993218316	193	24	1
152	4	4.45555623372396	190	25	0
152	6	4.14444308810764	323	23	0
152	4	2.55555555555556	276	23	0
152	6	2.77777777777778	149	26	0
152	8	0.355556911892361	242	20	0
152	8	4.32222154405382	600	26	0
152	9	1.12221950954861	173	24	0
152	11	1.91111246744792	256	24	0
152	13	4.55555555555556	268	25	0
152	14	6.4888916015625	190	25	0
152	16	4.37778049045139	461	23	0
152	18	3.76666937934028	150	23	0
152	20	2.21111382378472	278	14	0
152	19	8.73333062065972	110	24	0
152	21	1.61111111111111	160	18	0
152	22	2.61060864997633	60	74	0
152	10	2.44444444444444	116	41	0
152	6	6.06666734483507	289	26	0
152	8	2.18889024522569	179	25	0
152	10	2.52222357855903	159	41	0
152	13	6.65555826822917	301	22	0
152	14	1.74444580078125	120	58	0
152	8	7.61111111111111	228	23	0
152	7	3.26666598849826	141	25	0
152	5	3.42222086588542	165	33	0
152	8	1.93333265516493	178	27	0
152	10	3.87778049045139	351	27	0
152	8	2.12222290039062	135	30	0
152	6	2.14444308810764	128	40	0
152	8	8.61111111111111	166	25	0
152	11	1.26666937934028	207	25	0
152	13	2.71111382378472	280	22	0
152	11	3.04444715711806	271	21	0
152	12	2.95555284288194	171	44	0
152	15	0.788886176215278	425	26	0
152	13	7.25555419921875	164	29	0
152	15	1.9888916015625	270	31	0
152	13	2.18889024522569	225	50	0
152	18	0.211113823784722	278	90	0
152	5	1.81110975477431	229	15	0
152	6	1.62222290039062	79	76	0
152	17	3.67777506510417	453	14	0
152	18	3.29999457465278	112	0	2
91	3	4.91111077202691	178	25	1
91	5	2.81110975477431	136	24	0
91	7	1.02222357855903	418	22	0
91	8	4.5999993218316	204	26	0
91	10	0.188890245225694	170	22	0
91	11	2.87778049045139	356	17	0
91	10	4.47777642144097	255	22	0
91	12	1.75555419921875	216	38	0
91	8	3.4000006781684	273	51	0
91	13	6.76666937934028	183	28	0
91	15	1.73333062065972	173	26	0
91	17	0.922220865885417	233	30	0
91	15	7.97777642144097	106	27	0
91	18	2.72222222222222	141	28	0
91	21	1.977783203125	242	26	0
91	16	3.66666666666667	133	44	0
91	13	8.13333468967014	183	63	0
91	4	3	280	75	0
91	15	2.69999864366319	267	22	0
91	14	2.33333333333333	152	26	0
91	11	1.97777642144097	263	38	0
91	15	6.41111246744792	170	63	0
91	6	7.0999993218316	155	21	0
91	8	0.233334011501736	171	21	0
91	8	8.5	318	62	0
91	15	8.26666937934028	486	23	0
91	18	0.188890245225694	149	27	0
91	20	2.0111083984375	207	24	0
91	22	4.1272675485322	100	0	2
75	3	1.0999993218316	165	22	1
75	4	4.37777709960938	236	22	0
75	6	5.18889024522569	184	24	0
75	7	5.87777709960938	580	25	0
75	5	3.48888821072049	164	25	0
75	3	2.68888854980469	234	21	0
75	4	3.68888854980469	166	241	0
75	7	0.844445122612847	216	16	0
75	7	4.88888888888889	289	18	0
75	8	3.73333401150174	154	23	0
75	9	5.97777642144097	403	22	0
75	8	3.33333333333333	160	25	0
75	10	3.43333604600694	250	20	0
75	12	1.65555826822917	208	23	0
75	13	5.96666802300347	396	669	0
75	7	3.06666734483507	296	22	0
75	8	5.04444376627604	192	21	0
75	9	5.82222493489583	182	27	0
75	13	0.122219509548611	209	28	0
75	14	7.41111246744792	182	24	0
75	15	8.28888617621528	279	25	0
75	17	3.10000271267361	173	40	0
75	19	2.03333875868056	327	22	0
75	17	5.04444715711806	167	28	0
75	19	2.23333062065972	314	25	0
75	20	2.82222493489583	294	18	0
75	22	1.76429094587054	172	97	0
75	6	2.65555487738715	233	81	0
75	19	0.700005425347222	135	22	0
75	17	9.72222222222222	96	24	0
75	19	4.11111111111111	136	85	0
75	4	3.66666666666667	198	24	0
75	6	3.86666531032986	158	22	0
75	8	1.71111043294271	422	20	0
75	9	1.82222154405382	375	27	0
75	11	4.74444580078125	137	51	0
75	16	0.155558268229167	185	21	0
75	17	1.67777506510417	190	30	0
75	18	2.12221950954861	60	63	0
75	11	0.144443088107639	258	21	0
75	9	2.88888888888889	323	44	0
75	13	3.82222493489583	140	25	0
75	14	7.80000135633681	180	39	0
75	11	2.12221950954861	225	42	0
75	14	8.47777642144097	173	24	0
75	16	2.47777642144097	234	27	0
75	17	10.0333387586806	109	0	2
37	4	4.72222222222222	168	16	1
37	4	0.333333333333333	129	26	0
37	6	3.66666666666667	241	23	0
37	8	4.21111043294271	197	580	0
37	10	2.27777777777778	345	18	0
37	10	7.06666395399306	161	30	0
37	12	2.58888753255208	265	40	0
37	9	0.655554877387153	226	23	0
37	7	3.32222154405382	423	15	0
37	8	1.08888753255208	124	28	0
37	10	1.38888888888889	146	37	0
37	12	1.53333197699653	159	25	0
37	15	0.0444471571180556	241	24	0
37	12	0.788886176215278	311	14	0
37	13	0.733330620659722	139	25	0
37	15	3.06666395399306	219	24	0
37	16	6.06666395399306	179	19	0
37	17	5.06666395399306	328	26	0
37	19	3.36666531032986	141	24	0
37	20	8.95555284288194	173	24	0
37	23	0.226318359375	250	80	0
37	7	1.74444580078125	134	20	0
37	6	0.211110432942708	426	26	0
37	3	5.11111111111111	144	79	0
37	20	3.28888617621528	301	0	2
104	3	4	255	31	1
104	6	5.18889024522569	177	24	0
104	8	2.21111043294271	700	250	0
104	9	3.81110975477431	409	17	0
104	8	9.15555487738715	265	17	0
104	8	4.32222154405382	166	23	0
104	9	3.83333333333333	169	20	0
104	11	1	189	21	0
104	12	1.93333604600694	302	21	0
104	11	0.677775065104167	171	27	0
104	8	3.93333265516493	283	19	0
104	7	5.01111178927951	179	25	0
104	6	4.45555623372396	167	27	0
104	3	3.65555487738715	311	13	0
104	2	2.91111077202691	461	17	0
104	3	4.28888956705729	184	26	0
104	6	2.68889024522569	199	19	0
104	7	1.77777777777778	230	20	0
104	6	3.54444376627604	310	24	0
104	4	1.32222154405382	400	27	0
104	6	6	179	23	0
104	8	0.699998643663194	165	28	0
104	5	1.55555555555556	259	37	0
104	8	1.45555623372396	325	26	0
104	9	4.30000135633681	328	26	0
104	8	3.02222357855903	293	24	0
104	9	3.14444308810764	271	26	0
104	8	0.811109754774306	276	24	0
104	9	4.23333062065972	170	26	0
104	12	0.0444471571180556	205	26	0
104	13	6.35555691189236	256	22	0
104	15	0.111111111111111	172	20	0
104	16	2.82222493489583	217	23	0
104	17	3.83333333333333	202	21	0
104	18	3.94444444444444	251	14	0
104	19	3.20000542534722	83	23	0
104	21	2.83333333333333	254	80	0
104	7	2.98888821072049	214	22	0
104	6	4.15555487738715	262	23	0
104	7	4.98888821072049	151	20	0
104	8	6.37777709960938	219	37	0
104	11	5.94444444444444	213	20	0
104	10	3.56666395399306	155	23	0
104	12	2.71111382378472	152	26	0
104	14	3.37778049045139	175	33	0
104	16	4.96666802300347	293	27	0
104	18	2.96666802300347	123	0	2
114	3	4.58888922797309	171	24	1
114	6	0.933332655164931	170	21	0
114	7	2.03333197699653	250	25	0
114	6	1.26666598849826	166	27	0
114	3	0.733334011501736	289	13	0
114	3	4.61111111111111	134	40	0
114	7	1.65555487738715	178	23	0
114	8	3.78888956705729	481	26	0
114	10	0.24444580078125	238	33	0
114	12	0.522223578559028	719	58	0
114	6	4.81110975477431	385	27	0
114	8	6.23333401150174	187	26	0
114	10	1.13333468967014	226	22	0
114	11	2.18889024522569	193	24	0
114	13	3.44444444444444	255	22	0
114	15	1.30000135633681	178	24	0
114	16	0.611111111111111	276	14	0
114	16	4.12221950954861	128	18	0
114	15	8.82222493489583	140	14	0
114	15	4.80000135633681	301	24	0
114	16	5.45555284288194	171	22	0
114	17	5.022216796875	178	22	0
114	19	2.08889431423611	251	35	0
114	22	1.77777777777778	183	17	0
114	20	6.5111083984375	230	90	0
114	6	4.11111111111111	290	0	2
146	3	1.75555589463976	197	22	1
146	5	1.11111111111111	147	23	0
146	6	8.58888753255208	242	20	0
146	8	1.30000135633681	302	23	0
146	8	10.9333326551649	293	28	0
146	6	9.72222222222222	171	16	0
146	6	5.54444376627604	509	20	0
146	7	4.14444308810764	238	24	0
146	8	9.31110975477431	197	19	0
146	10	2.0111083984375	215	26	0
146	12	1.95555284288194	286	32	0
146	14	2.13333468967014	241	14	0
146	15	2.43333604600694	314	42	0
146	11	1.44444444444444	167	30	0
146	8	9.58888753255208	134	23	0
146	8	0.544443766276042	219	43	0
146	10	5.74444580078125	160	25	0
146	13	1.4888916015625	207	26	0
146	15	2.23333062065972	271	16	0
146	15	6.47777642144097	303	24	0
146	16	3.63333468967014	194	23	0
146	17	2.34444173177083	337	22	0
146	18	0.477783203125	380	24	0
146	16	5.95555284288194	134	69	0
146	8	3.21111043294271	312	23	0
146	10	0.344441731770833	268	34	0
146	12	2.19999864366319	248	19	0
146	13	2.86666531032986	134	25	0
146	15	3.43333604600694	234	31	0
146	17	3.07777235243056	229	26	0
146	19	3.27777777777778	102	26	0
146	23	0.0714285714285795	118	89	0
146	5	0.688888549804688	165	23	0
146	6	4.84444512261285	134	0	2
120	1	2.69310313257678	121	28	1
120	4	1.04444376627604	345	23	0
120	6	3.03333197699653	207	22	0
120	7	4.58888753255208	250	20	0
120	8	4.22222222222222	490	21	0
120	6	8.13333468967014	247	26	0
120	8	4.74444580078125	231	25	0
120	10	2.54444715711806	240	37	0
120	12	1.85555691189236	238	23	0
120	14	0.577779134114583	196	21	0
120	15	3.08888753255208	210	19	0
120	16	1.37778049045139	280	72	0
120	6	3.45555623372396	159	65	0
120	15	3.56666395399306	148	24	0
120	16	6.26666937934028	150	29	0
120	19	1.45555284288194	520	68	0
120	10	5.93333604600694	171	27	0
120	8	1.86666531032986	240	38	0
120	10	3.02222357855903	180	40	0
120	12	2.72222222222222	251	52	0
120	19	1.88888888888889	541	50	0
120	12	2.31110975477431	218	0	2
18	3	3.2999996609158	229	25	1
18	5	2.73333401150174	150	27	0
18	7	3.03333197699653	260	26	0
18	9	2.82222154405382	181	22	0
18	10	6.0111083984375	166	26	0
18	12	2.88888888888889	218	25	0
18	14	3.47777642144097	245	22	0
18	15	6.57777913411458	192	17	0
18	16	3.71111382378472	364	17	0
18	15	6.83333333333333	103	21	0
18	16	7.77777777777778	147	22	0
18	17	4.66666666666667	342	29	0
18	19	3.05555555555556	163	23	0
18	21	0.166666666666667	215	19	0
18	22	3.42222764756944	69	80	0
18	7	2.01111178927951	254	0	2
34	5	2.92222256130642	163	27	1
34	3	2.23333401150174	270	21	0
34	4	4.5999993218316	201	20	0
34	4	0.5	349	22	0
34	6	2.55555555555556	197	27	0
34	8	0.866665310329861	508	22	0
34	8	9.78888956705729	184	16	0
34	9	4.74444580078125	200	22	0
34	11	4.65555826822917	235	199	0
34	12	2.35555691189236	263	18	0
34	13	3.93333604600694	190	14	0
34	13	9.0111083984375	242	23	0
34	15	4.78888617621528	254	19	0
34	16	2.03333197699653	203	19	0
34	15	3.74444580078125	507	39	0
34	13	5.28888617621528	162	21	0
34	12	1.68889024522569	197	12	0
34	13	0.611111111111111	131	37	0
34	16	6.61111111111111	327	11	0
34	17	0.533331976996528	292	23	0
34	18	0.733330620659722	130	24	0
34	20	4.35555013020833	192	25	0
34	21	1.88888888888889	192	21	0
34	20	6.82222493489583	122	93	0
34	5	0.211110432942708	176	16	0
34	6	0.811109754774305	264	90	0
34	20	5.56666395399306	245	25	0
34	17	7.92222086588542	149	0	2
59	3	5.5999993218316	81	25	1
59	6	1.34444512261285	150	24	0
59	7	4.82222154405382	166	35	0
59	3	5.88888888888889	187	21	0
59	5	3.92222086588542	171	25	0
59	8	0.0999993218315972	237	22	0
59	8	8.68889024522569	256	17	0
59	8	5.58888753255208	154	17	0
59	8	0.344445122612847	254	18	0
59	8	5.07777913411458	264	24	0
59	10	3.13333468967014	378	34	0
59	7	1.43333265516493	183	19	0
59	8	2.80000135633681	108	34	0
59	10	5.60000271267361	240	23	0
59	13	2.19999864366319	252	22	0
59	13	11.2222222222222	155	24	0
59	14	7.30000135633681	147	38	0
59	11	2.66666666666667	165	45	0
59	15	3.69999864366319	220	24	0
59	16	4.77777777777778	166	31	0
59	19	1.61111111111111	233	24	0
59	20	2.08889431423611	181	17	0
59	22	0.0969645182291736	167	81	0
59	7	2.27777777777778	208	21	0
59	6	3.32222154405382	206	25	0
59	8	2.05555555555556	383	0	2
11	2	3.06666649712457	115	18	1
11	2	1.72222222222222	337	16	0
11	3	3.01111178927951	234	40	0
11	6	5.64444308810764	186	26	0
11	8	3.98888821072049	214	243	0
11	7	2.71111043294271	329	20	0
11	6	4.53333197699653	111	40	0
11	8	9.71111043294271	122	23	0
11	11	0.24444580078125	214	27	0
11	13	0.955552842881944	190	25	0
11	14	5.63333468967014	178	22	0
11	15	4.33333333333333	202	24	0
11	16	3.95555284288194	166	22	0
11	17	0.944444444444444	172	21	0
11	19	3.27777777777778	178	26	0
11	21	2.24443901909722	193	23	0
11	23	5.05466145833333	231	0	2
98	2	2.58888922797309	169	24	1
98	4	3.04444376627604	161	22	0
98	7	1	276	26	0
98	8	8.83333333333333	172	21	0
98	10	3.33333333333333	214	32	0
98	13	0.411112467447917	239	22	0
98	14	0.877780490451389	97	47	0
98	10	3.9888916015625	243	26	0
98	8	2.92222086588542	163	23	0
98	6	3.5	174	23	0
98	4	1.68888854980469	166	28	0
98	8	0.666666666666667	188	44	0
98	9	3.45555623372396	195	26	0
98	11	4.13333468967014	282	25	0
98	13	5.94444444444444	340	18	0
98	15	0.155558268229167	172	26	0
98	11	4.16666666666667	235	15	0
98	11	1.24444580078125	363	25	0
98	13	3.24444580078125	279	25	0
98	15	3.25555419921875	197	24	0
98	16	7.34444173177083	233	22	0
98	17	3.83333333333333	199	20	0
98	18	3.60000271267361	128	23	0
98	20	2.78888617621528	169	25	0
98	22	0.911105685763889	334	31	0
98	18	1.14444308810764	299	26	0
98	20	3.36667209201389	170	22	0
98	21	5.76666937934028	156	26	0
98	23	5.60000271267361	211	30	0
98	20	1.46666124131944	241	77	0
98	8	3.44444444444444	216	24	0
98	6	3.69999864366319	181	25	0
98	8	7.01111178927951	85	37	0
98	11	1.27777777777778	198	0	2
43	2	2.92222256130642	173	22	1
43	4	2.74444410536024	242	32	0
43	6	4.4000006781684	375	21	0
43	8	0.111111111111111	189	29	0
43	5	0.0444437662760417	267	25	0
43	7	1.97777642144097	588	21	0
43	8	2.81110975477431	301	24	0
43	10	2.19999864366319	229	23	0
43	12	1.5	246	22	0
43	13	5.64444308810764	258	19	0
43	14	2.47777642144097	173	19	0
43	15	1.73333062065972	153	25	0
43	16	5.58888753255208	194	21	0
43	17	3.93333604600694	104	23	0
43	19	6.53333875868056	249	26	0
43	22	3.88709677419356	148	85	0
43	5	3.91111246744792	284	75	0
43	19	6.92222764756944	234	25	0
43	16	8.87778049045139	280	0	2
40	4	3.64444478352865	201	26	1
40	7	0.166666666666667	53	25	0
40	8	3.31110975477431	393	20	0
40	9	3.44444444444444	138	18	0
40	11	0.777777777777778	229	25	0
40	13	1.19999864366319	267	22	0
40	14	2.73333062065972	41	21	0
40	15	0.4888916015625	305	19	0
40	15	5.97777642144097	134	16	0
40	16	1.03333197699653	227	18	0
40	17	0.633334689670139	246	74	0
40	6	6.76666598849826	321	22	0
40	8	0.0111117892795139	146	70	0
40	17	3.86666531032986	447	23	0
40	19	0.455552842881944	161	24	0
40	21	3.29999457465278	240	27	0
40	17	5.88888888888889	158	0	2
72	2	0.966666327582465	160	27	1
72	4	3.35555521647135	204	22	0
72	6	1.95555623372396	213	23	0
72	7	4.07777913411458	248	18	0
72	8	3.03333197699653	158	19	0
72	10	0.333333333333333	220	23	0
72	11	5.5	205	23	0
72	10	4.0999993218316	381	17	0
72	11	1.83333333333333	106	25	0
72	13	3.11111111111111	208	23	0
72	14	2.08888753255208	243	26	0
72	11	5.44444444444444	131	40	0
72	8	0.74444580078125	137	36	0
72	4	3	129	22	0
72	2	1.56666649712457	154	234	0
72	7	3.56666734483507	314	18	0
72	8	1.78888956705729	177	22	0
72	10	1.66666666666667	179	39	0
72	12	0.666666666666667	248	23	0
72	13	7.91111246744792	185	20	0
72	14	5.5111083984375	487	23	0
72	13	3.11111111111111	119	26	0
72	10	7.5111083984375	349	14	0
72	11	2.53333197699653	197	25	0
72	13	4.21111382378472	253	14	0
72	13	1.31110975477431	135	27	0
72	14	3.86666531032986	272	27	0
72	12	1.46666802300347	146	48	0
72	15	7.34444173177083	295	22	0
72	16	4.55555555555556	139	34	0
72	19	0.633334689670139	255	109	0
72	6	0.377777099609375	117	81	0
72	19	4.9888916015625	207	22	0
72	18	0.577779134114583	171	70	0
72	7	0.0666673448350694	206	21	0
72	5	0.711110432942708	193	70	0
72	17	0.444444444444444	261	16	0
72	17	3.92222086588542	202	22	0
72	16	1.92222086588542	167	25	0
72	15	2.39999728732639	123	65	0
72	5	3.12222290039062	270	20	0
72	4	1.23333401150174	92	39	0
72	8	2.96666802300347	261	24	0
72	10	3.36666531032986	174	26	0
72	13	4.86666531032986	181	23	0
72	14	5.02222357855903	121	0	2
50	5	0.633334689670139	222	24	1
50	3	4.91111077202691	158	27	0
50	5	2.04444376627604	318	23	0
50	7	3.21111043294271	411	17	0
50	8	3.17777845594618	263	42	0
50	3	8.76666598849826	216	27	0
50	6	6.9000006781684	225	14	0
50	6	3.15555487738715	149	28	0
50	8	4.69999864366319	188	21	0
50	10	1.85555691189236	187	24	0
50	11	2.06666395399306	219	28	0
50	13	4.02222357855903	141	26	0
50	15	5.71111382378472	277	26	0
50	16	5.38888888888889	183	23	0
50	17	5.75555419921875	293	38	0
50	20	2.07777235243056	259	25	0
50	23	1.63978232106856	210	94	0
50	6	3.71111043294271	194	20	0
50	5	3.96666802300347	163	110	0
50	20	5.34444173177083	113	0	2
66	1	1.79310344827586	177	25	1
66	4	3.71111043294271	173	23	0
66	6	4.97777642144097	201	22	0
66	8	0.366665310329861	262	23	0
66	9	2.34444512261285	281	21	0
66	10	1.74444580078125	387	24	0
66	11	4.41111246744792	190	23	0
66	13	1.31110975477431	254	39	0
66	15	1.58888753255208	232	20	0
66	16	3.41111246744792	238	55	0
66	10	2.82222493489583	101	39	0
66	7	0.533331976996528	116	34	0
66	3	0.655554877387153	245	36	0
66	5	3.63333468967014	192	17	0
66	5	1.17777845594618	155	26	0
66	6	7.27777777777778	358	39	0
66	8	5.80000135633681	151	25	0
66	10	2.23333062065972	236	218	0
66	8	0.0111117892795139	217	25	0
66	5	2.2000003390842	113	54	0
66	13	2.74444580078125	175	25	0
66	15	3.06666395399306	245	22	0
66	16	6.74444580078125	293	24	0
66	17	6.86666531032986	57	267	0
66	19	2.26666937934028	113	41	0
66	17	1.87778049045139	113	26	0
66	15	3.22222222222222	163	25	0
66	12	3.32222493489583	466	35	0
66	10	0.777777777777778	55	51	0
66	16	7.22222222222222	157	26	0
66	17	8.5111083984375	194	109	0
66	4	2.83333333333333	191	22	0
66	6	0.300001356336806	184	70	0
66	20	0.411105685763889	246	29	0
66	18	0.411112467447917	64	33	0
66	21	2.5	145	31	0
66	24	0.0733333333333333	182	0	2
27	2	3.04444461398655	184	25	1
27	5	0.622222900390625	215	39	0
27	8	0.433332655164931	327	20	0
27	9	1.97777642144097	166	20	0
27	10	5.37778049045139	346	22	0
27	12	3.71111382378472	99	24	0
27	13	9.87778049045139	234	22	0
27	14	6.5111083984375	289	25	0
27	16	0.522223578559028	180	22	0
27	16	6.76666937934028	262	25	0
27	20	0.133327907986111	187	22	0
27	22	3.11428833007813	77	81	0
27	7	5.71111043294271	442	26	0
27	6	1.9000006781684	258	67	0
27	14	3.0111083984375	289	25	0
27	13	6.67777506510417	100	46	0
27	18	0.711113823784722	502	53	0
27	10	2.84444173177083	287	30	0
27	7	0.211110432942708	269	69	0
27	19	1.26666937934028	206	21	0
27	19	4.21111382378472	202	0	2
