19 3 0.599999321831597 212 26 1
19 4 3.88888888888889 289 24 0
19 6 3.04444376627604 280 22 0
19 7 4.81110975477431 166 128 0
19 8 3.06666734483507 181 29 0
19 10 1.34444173177083 431 26 0
19 10 9.86666531032986 257 21 0
19 12 0.666666666666667 285 20 0
19 13 3.54444715711806 359 20 0
19 14 1.38888888888889 222 26 0
19 15 4.76666937934028 509 27 0
19 17 0.166666666666667 276 25 0
19 19 0.788886176215278 319 22 0
19 20 3.977783203125 222 26 0
19 22 1.73333062065972 248 20 0
19 21 1.61111111111111 157 29 0
19 17 6.13332790798611 159 76 0
19 6 4.26666598849826 150 38 0
19 3 6.08888922797309 293 22 0
19 2 3.61111111111111 103 28 0
19 5 3.01111178927951 178 24 0
19 6 6.27777777777778 196 22 0
19 7 4.55555555555556 188 22 0
19 6 4.97777642144097 208 25 0
19 8 1.06666734483507 254 22 0
19 9 1.26666598849826 322 29 0
19 7 1.08888753255208 213 26 0
19 6 1.05555555555556 146 45 0
19 4 3.33333333333333 275 21 0
19 5 3.05555555555556 232 27 0
19 7 2.88888888888889 313 23 0
19 8 6.26666598849826 189 21 0
19 10 0.5 176 30 0
19 11 4.62221950954861 228 26 0
19 13 3.66666666666667 299 25 0
19 14 5.39999728732639 178 58 0
19 6 6.18889024522569 193 18 0
19 6 2.31110975477431 180 22 0
19 7 4.28888956705729 220 31 0
19 10 0.922220865885417 263 49 0
19 7 1.01111178927951 220 38 0
19 10 4.85555691189236 181 33 0
19 14 0.633334689670139 219 25 0
19 15 2.45555284288194 211 26 0
19 16 5.87778049045139 298 22 0
19 17 6.20000542534722 235 26 0
19 20 2.76666937934028 235 24 0
19 22 2.15555826822917 218 21 0
19 21 2.28888617621528 239 47 0
19 13 5.73333062065972 217 25 0
19 11 4.94444444444444 360 29 0
19 10 0.811109754774306 321 28 0
19 8 0.777777777777778 280 24 0
19 6 6.82222154405382 275 26 0
19 8 3.33333333333333 218 50 0
19 5 1.78888956705729 183 29 0
19 3 3.4000006781684 233 20 0
19 2 2.53333367241753 135 26 0
19 4 2.55555555555556 267 20 0
19 5 2.47777642144097 174 24 0
19 7 1.82222154405382 293 27 0
19 9 2.35555691189236 382 37 0
19 11 2.55555555555556 321 27 0
19 14 4.60000271267361 189 32 0
19 16 6.76666937934028 248 28 0
19 19 1.75556098090278 197 19 0
19 18 1.31111653645833 346 22 0
19 19 4.82222493489583 256 22 0
19 21 3.87778049045139 259 20 0
19 22 3.62221950954861 505 26 0
19 19 0.366672092013889 149 57 0
19 14 1.84444173177083 253 26 0
19 13 1 278 24 0
19 14 0.977776421440972 399 17 0
19 14 4.41111246744792 205 27 0
19 15 7.13333468967014 104 0 2
147 1 2.45517257164264 135 27 1
147 3 6.46666632758247 164 24 0
147 5 1.34444512261285 92 173 0
147 6 3.64444308810764 375 23 0
147 7 2.36666531032986 283 23 0
147 8 3.77777777777778 162 23 0
147 10 0.688890245225694 255 26 0
147 12 1.31110975477431 408 27 0
147 13 6.43333604600694 150 22 0
147 13 4.02222357855903 428 22 0
147 14 3.27777777777778 211 36 0
147 13 4.62221950954861 212 27 0
147 14 5.08888753255208 198 20 0
147 14 3.46666802300347 101 40 0
147 13 3.37778049045139 272 14 0
147 13 5.71111382378472 161 40 0
147 15 4.85555691189236 205 24 0
147 16 0.411112467447917 103 25 0
147 17 0.855556911892361 250 18 0
147 18 1.12221950954861 143 26 0
147 16 5.95555284288194 258 29 0
147 18 3.08889431423611 211 20 0
147 19 5.76666937934028 249 23 0
147 20 2.36667209201389 247 90 0
147 3 7.48888821072049 161 23 0
147 2 3.21111128065321 142 33 0
147 6 1.31110975477431 242 51 0
147 2 3.64444478352865 206 27 0
147 1 2.17586175326643 254 27 0
147 3 4.88888888888889 170 26 0
147 6 0.144443088107639 284 31 0
147 7 2.19999864366319 215 27 0
147 6 3.17777845594618 243 26 0
147 8 2.62222290039062 291 20 0
147 7 3.5 259 42 0
147 9 0.866665310329861 252 26 0
147 11 0.666666666666667 302 21 0
147 10 1.66666666666667 171 48 0
147 13 3.81110975477431 166 44 0
147 10 0.300001356336806 380 35 0
147 8 2.78888956705729 269 26 0
147 7 0.599999321831597 260 45 0
147 9 2.11111111111111 168 33 0
147 14 3.91111246744792 194 21 0
147 15 6.5111083984375 244 21 0
147 16 4.62221950954861 214 25 0
147 17 5.61111111111111 215 28 0
147 19 6.977783203125 172 25 0
147 21 0.468176639441295 177 23 0
147 19 8.96666124131944 181 16 0
147 19 5.0111083984375 218 37 0
147 21 0.73332815459281 139 0 2
35 2 1.17777760823568 156 26 1
35 4 2.42222256130642 275 26 0
35 6 3.24444580078125 228 23 0
35 8 1.01111178927951 218 23 0
35 7 2.44444444444444 170 34 0
35 9 3.68889024522569 293 27 0
35 11 1.61111111111111 252 26 0
35 13 1.03333197699653 208 23 0
35 14 4.47777642144097 279 23 0
35 16 1.37778049045139 313 40 0
35 18 3.03333197699653 226 17 0
35 18 0.911112467447917 239 21 0
35 19 3.33333333333333 133 23 0
35 21 0.277777777777778 225 29 0
35 17 5.21111382378472 207 47 0
35 11 1.80000135633681 267 38 0
35 10 5.18889024522569 136 47 0
35 7 3.28888956705729 298 25 0
35 8 6.64444308810764 151 33 0
35 4 1.77777777777778 234 29 0
35 3 0.377777099609375 283 25 0
35 4 4.48888821072049 296 22 0
35 6 3.5999993218316 331 16 0
35 7 3.65555487738715 457 39 0
35 10 5.66666666666667 273 24 0
35 12 2.62221950954861 235 28 0
35 15 1.19999864366319 457 23 0
35 16 1.5 331 21 0
35 15 3.84444173177083 195 52 0
35 19 3.37778049045139 249 25 0
35 21 1.25556098090278 186 48 0
35 14 0.666666666666667 165 25 0
35 12 2.34444173177083 141 26 0
35 10 10.3777804904514 167 26 0
35 10 0.811109754774306 255 27 0
35 11 3.53333197699653 147 51 0
35 19 5.78888617621528 358 43 0
35 16 5.83333333333333 171 18 0
35 16 0.9888916015625 181 25 0
35 15 1.32222493489583 193 47 0
35 19 5.78888617621528 229 24 0
35 21 0.4888916015625 469 0 2
131 3 6.26666598849826 186 24 1
131 5 1.15555487738715 345 24 0
131 6 6.84444512261285 342 22 0
131 7 5.52222357855903 281 21 0
131 8 6.41111246744792 234 22 0
131 10 1.53333197699653 255 24 0
131 11 5.67777506510417 270 20 0
131 13 1.82222493489583 296 24 0
131 14 3.72222222222222 305 24 0
131 13 1 369 14 0
131 13 5.14444308810764 173 23 0
131 14 5.78888617621528 210 22 0
131 15 5.12221950954861 338 22 0
131 14 4.93333604600694 268 28 0
131 12 0.722222222222222 410 23 0
131 10 6.47777642144097 289 43 0
131 13 5.46666802300347 51 43 0
131 16 3.65555826822917 356 22 0
131 17 2.61111111111111 206 22 0
131 19 4.56666395399306 218 30 0
131 22 1.63484330610796 200 24 0
131 20 2.91110568576389 158 32 0
131 16 4.71111382378472 175 51 0
131 21 2.83333333333333 216 20 0
131 20 2.64444986979167 83 15 0
131 20 2.74443901909722 74 14 0
131 21 3.08889431423611 138 137 0
131 3 7.78888956705729 163 27 0
131 3 0.0111117892795139 197 25 0
131 4 3.37777709960938 249 23 0
131 6 3.06666734483507 79 141 0
131 7 3.64444308810764 273 26 0
131 8 7.5999993218316 275 13 0
131 9 0.855556911892361 59 36 0
131 5 2.62222290039062 324 28 0
131 3 6.7999996609158 222 26 0
131 5 3.65555487738715 213 26 0
131 7 2.69999864366319 262 34 0
131 10 0.0888875325520833 265 31 0
131 11 5.18889024522569 286 25 0
131 13 6.62221950954861 358 19 0
131 13 3.63333468967014 94 27 0
131 14 4.93333604600694 202 24 0
131 15 5.75555419921875 260 28 0
131 16 5.41111246744792 207 37 0
131 19 1.21111382378472 171 27 0
131 21 0.888888888888889 170 25 0
131 19 4.88888888888889 241 16 0
131 20 1.57777235243056 71 40 0
131 17 1.94444444444444 210 18 0
131 18 2.86667209201389 244 30 0
131 21 3.34444173177083 543 23 0
131 20 0.422227647569444 191 28 0
131 22 3.55455063328599 238 0 2
115 1 2.37241363525391 147 25 1
115 3 5.78888956705729 191 23 0
115 5 0.400000678168403 225 24 0
115 6 3.91111246744792 248 22 0
115 7 3.52222357855903 353 26 0
115 9 2.88888888888889 269 23 0
115 10 7.13333468967014 228 20 0
115 12 2.32222493489583 279 20 0
115 13 7.45555284288194 262 15 0
115 13 4.08888753255208 180 26 0
115 14 4.13333468967014 374 20 0
115 15 5.71111382378472 240 22 0
115 16 5.56666395399306 301 20 0
115 17 5 234 22 0
115 19 4.63332790798611 264 22 0
115 20 6.82222493489583 454 22 0
115 22 2.73928833007813 211 22 0
115 21 3.18888346354167 206 22 0
115 20 5.89999728732639 202 31 0
115 15 8.4888916015625 48 68 0
115 9 0.433332655164931 201 10 0
115 9 3.16666666666667 268 58 0
115 16 7.81110975477431 234 22 0
115 17 6.77777777777778 249 39 0
115 16 2.11111111111111 207 24 0
115 17 5.13333468967014 270 21 0
115 19 1.17777506510417 120 75 0
115 4 3.28888956705729 159 26 0
115 3 1.27777777777778 259 27 0
115 6 0.488888210720486 264 25 0
115 7 3.74444580078125 272 22 0
115 8 5.98888821072049 262 19 0
115 10 1.34444173177083 376 48 0
115 7 2.93333265516493 133 37 0
115 5 2.35555691189236 244 23 0
115 4 2.43333265516493 300 22 0
115 6 1.53333197699653 211 24 0
115 7 2 498 25 0
115 9 0.0222235785590278 228 19 0
115 8 2.24444580078125 232 26 0
115 7 2 332 21 0
115 8 1.96666802300347 303 22 0
115 9 1.30000135633681 202 50 0
115 7 2.22222222222222 147 220 0
115 8 0.977776421440972 296 25 0
115 10 0.288886176215278 183 18 0
115 9 2.25555419921875 205 35 0
115 12 0.25555419921875 239 22 0
115 13 5.76666937934028 328 19 0
115 14 4.23333062065972 271 23 0
115 13 6.52222357855903 285 27 0
115 15 0.933336046006944 344 17 0
115 15 5.94444444444444 263 22 0
115 16 6.68889024522569 223 28 0
115 14 1.58888753255208 427 33 0
115 10 6.42222086588542 266 20 0
115 10 1.87778049045139 204 25 0
115 11 1.64444308810764 227 52 0
115 17 1.52222357855903 286 23 0
115 19 0.166666666666667 245 22 0
115 20 2.54444715711806 295 34 0
115 22 2.07499476841519 254 36 0
115 18 2.22222222222222 187 24 0
115 16 5.88888888888889 82 46 0
115 13 8.89999728732639 302 19 0
115 15 1.03333197699653 304 16 0
115 14 2.38888888888889 94 26 0
115 13 0.822224934895833 230 26 0
115 10 7.66666666666667 178 21 0
115 10 2.35555691189236 200 42 0
115 6 2.5999993218316 426 23 0
115 7 2.9000006781684 442 24 0
115 8 6.48888821072049 285 23 0
115 10 6.12221950954861 243 25 0
115 12 3.95555284288194 298 21 0
115 11 0.74444580078125 241 28 0
115 13 8.02222357855903 219 27 0
115 15 4.24444580078125 351 25 0
115 16 6.10000271267361 380 66 0
115 8 2.58888753255208 249 0 2
67 2 1.96666632758247 121 269 1
67 4 3.18889024522569 151 19 0
67 5 2.01111178927951 237 25 0
67 6 5.04444376627604 429 26 0
67 7 3.86666531032986 290 26 0
67 9 0.855556911892361 336 21 0
67 10 4.24444580078125 256 25 0
67 12 1.75555419921875 338 24 0
67 13 6.0111083984375 183 194 0
67 14 5.4888916015625 237 27 0
67 15 7.82222493489583 275 21 0
67 16 6.32222493489583 222 28 0
67 19 2.34444173177083 333 42 0
67 22 3.92702174831081 180 36 0
67 19 2.91110568576389 151 22 0
67 17 4.26666937934028 197 25 0
67 16 3.81110975477431 78 64 0
67 3 8.27777777777778 159 26 0
67 2 3.5999993218316 186 26 0
67 4 4.73333401150174 231 28 0
67 3 5.17777845594618 272 27 0
67 5 1.98888821072049 196 31 0
67 3 2.84444512261285 200 43 0
67 1 1.92758652259564 217 26 0
67 3 3.68888854980469 273 27 0
67 4 4.68889024522569 259 26 0
67 6 6.23333401150174 238 21 0
67 7 2.61111111111111 381 24 0
67 8 4.85555691189236 192 22 0
67 10 1.16666666666667 297 21 0
67 11 5.56666395399306 268 22 0
67 13 4.72222222222222 194 25 0
67 14 5.71111382378472 253 22 0
67 15 5.52222357855903 326 20 0
67 16 3.03333197699653 177 23 0
67 15 5.43333604600694 297 22 0
67 14 6.24444580078125 259 21 0
67 15 5.39999728732639 212 25 0
67 16 6.63333468967014 256 25 0
67 19 1.16666666666667 317 12 0
67 19 4.28888617621528 118 22 0
67 18 2.71111382378472 210 31 0
67 22 2.74865392736486 324 24 0
67 21 0.899997287326389 154 82 0
67 6 1.80000135633681 269 21 0
67 6 4.95555623372396 270 0 2
144 1 2.95172382223195 138 24 1
144 3 3.45555623372396 180 21 0
144 5 0.122222900390625 264 20 0
144 6 1.05555555555556 212 20 0
144 6 5.54444376627604 226 19 0
144 6 4.22222222222222 216 23 0
144 7 0.599999321831597 220 27 0
144 8 3.55555555555556 325 25 0
144 10 0.288886176215278 334 21 0
144 10 6.5 178 25 0
144 12 1.97777642144097 265 22 0
144 13 6.65555826822917 266 25 0
144 14 3.96666802300347 277 24 0
144 15 5.04444715711806 255 21 0
144 16 4.94444444444444 226 24 0
144 18 1.93333604600694 250 22 0
144 19 4.38888888888889 192 24 0
144 22 1.64642333984376 218 25 0
144 20 0.977783203125 244 16 0
144 21 1.4888916015625 446 22 0
144 19 4.16666666666667 138 19 0
144 21 0.588894314236111 269 18 0
144 22 2.77142333984376 133 157 0
144 5 3.87777709960938 80 26 0
144 3 4.12222290039062 168 24 0
144 2 2.74444410536024 178 29 0
144 6 2.4000006781684 211 22 0
144 7 2.52222357855903 245 22 0
144 8 6.26666598849826 221 23 0
144 10 1.83333333333333 259 27 0
144 12 1.10000271267361 290 19 0
144 13 1.96666802300347 206 26 0
144 11 0.0111083984375 156 20 0
144 12 1.31110975477431 271 36 0
144 10 3.61111111111111 203 39 0
144 8 10.6888902452257 245 23 0
144 10 4.08888753255208 178 25 0
144 12 1.74444580078125 261 23 0
144 13 5.5111083984375 371 30 0
144 14 2.27777777777778 284 25 0
144 15 4.21111382378472 325 21 0
144 14 7.58888753255208 302 25 0
144 15 5.95555284288194 278 23 0
144 16 6.42222086588542 243 23 0
144 18 2.54444715711806 179 23 0
144 16 6.25555419921875 272 20 0
144 18 0.688883463541667 292 21 0
144 19 2.73333062065972 247 24 0
144 21 2.45555284288194 170 19 0
144 20 2.57777235243056 173 26 0
144 22 3.77856881277903 335 24 0
144 21 0.366672092013889 260 19 0
144 22 0.778568812779026 217 131 0
144 6 6.07777913411458 100 28 0
144 3 1.51111178927951 337 28 0
144 6 1.42222086588542 259 24 0
144 7 2.02222357855903 378 23 0
144 8 3.9000006781684 245 24 0
144 9 1.13333468967014 308 20 0
144 10 2.9888916015625 278 25 0
144 11 2.31110975477431 281 26 0
144 13 5.42222086588542 240 25 0
144 14 3.13333468967014 308 24 0
144 15 4.36666531032986 387 25 0
144 16 3.94444444444444 151 29 0
144 13 10.9444444444444 228 22 0
144 14 4.36666531032986 195 32 0
144 16 0.533331976996528 215 23 0
144 16 8 275 26 0
144 15 5.35555691189236 225 24 0
144 16 7.11111111111111 214 23 0
144 19 0.255560980902778 278 27 0
144 21 1.89999728732639 288 20 0
144 22 4.46428571428572 89 152 0
144 4 3.05555555555556 162 40 0
144 2 2.61111111111111 211 28 0
144 6 1.96666802300347 246 25 0
144 7 4.81110975477431 291 29 0
144 9 1.82222493489583 225 26 0
144 8 6.5999993218316 226 27 0
144 10 1.91111246744792 423 29 0
144 8 7.4000006781684 198 27 0
144 10 5.74444580078125 255 38 0
144 13 3.03333197699653 218 27 0
144 14 3.15555826822917 483 19 0
144 14 2.61111111111111 126 26 0
144 15 4.62221950954861 206 25 0
144 16 6.83333333333333 224 34 0
144 20 1.23333062065972 188 22 0
144 19 1.70000542534722 92 31 0
144 22 1.75356619698662 216 21 0
144 21 0.0333387586805556 180 42 0
144 17 1.78888617621528 65 51 0
144 13 10.5666639539931 188 38 0
144 12 2.02222357855903 242 24 0
144 13 9.11111111111111 191 25 0
144 14 6.28888617621528 115 52 0
144 10 3.73333062065972 245 27 0
144 8 6.5 286 24 0
144 7 3.02222357855903 191 51 0
144 4 4.25555589463976 152 23 0
144 3 1.32222154405382 240 28 0
144 6 0.544443766276042 177 34 0
144 7 4.84444512261285 294 35 0
144 6 4.21111043294271 230 24 0
144 7 3.77777777777778 241 20 0
144 8 5.31110975477431 212 24 0
144 10 2.32222493489583 412 37 0
144 12 2.14444308810764 260 40 0
144 13 8.4888916015625 213 22 0
144 14 5.02222357855903 277 22 0
144 15 1.83333333333333 202 24 0
144 16 1.27777777777778 170 21 0
144 16 8.08888753255208 176 25 0
144 19 4.81111653645833 202 0 2
48 2 3.77777777777778 179 24 1
48 3 6.92222256130642 314 25 0
48 4 4.4000006781684 251 23 0
48 3 8.5999993218316 280 25 0
48 5 2.87777709960938 240 20 0
48 6 2.78888956705729 235 26 0
48 8 0.122222900390625 274 25 0
48 10 0.188890245225694 261 25 0
48 11 1.68889024522569 190 29 0
48 13 4.31110975477431 359 26 0
48 14 2.57777913411458 173 26 0
48 15 4.11111111111111 180 21 0
48 16 3.43333604600694 249 37 0
48 18 3.5111083984375 262 30 0
48 21 2.89999728732639 102 568 0
48 20 2.41110568576389 329 42 0
48 17 5.977783203125 221 12 0
48 18 2.57777235243056 138 29 0
48 22 2.52151062668012 271 16 0
48 21 3 79 84 0
48 5 3 142 30 0
48 3 4.28888956705729 237 27 0
48 6 0.133334689670139 283 23 0
48 7 2.0999993218316 321 11 0
48 7 0.0999993218315972 136 23 0
48 8 1.37777709960938 276 26 0
48 10 0.166666666666667 277 24 0
48 11 0.866665310329861 203 28 0
48 13 3.30000135633681 155 26 0
48 11 5.4888916015625 340 25 0
48 13 3.21111382378472 287 36 0
48 11 2.78888617621528 188 21 0
48 10 5.43333604600694 212 47 0
48 8 6.93333265516493 198 15 0
48 9 3.5111083984375 173 31 0
48 12 0.922220865885417 278 22 0
48 11 4.68889024522569 203 26 0
48 13 6.80000135633681 225 28 0
48 15 0.311109754774306 184 21 0
48 15 7.75555419921875 242 22 0
48 17 0.155558268229167 180 26 0
48 19 1.68888346354167 270 29 0
48 22 2.63978757140458 226 24 0
48 20 1.92222764756944 265 10 0
48 19 6.77777777777778 256 28 0
48 22 4.86558877268146 276 87 0
48 6 4.98888821072049 252 22 0
48 6 3.17777845594618 238 23 0
48 7 4.07777913411458 603 11 0
48 8 0.788889567057292 193 26 0
48 10 0.722222222222222 257 30 0
48 13 0.388888888888889 271 25 0
48 14 1.60000271267361 222 31 0
48 15 7.0111083984375 263 25 0
48 16 6.53333197699653 142 50 0
48 13 2.67777506510417 169 26 0
48 11 2.52222357855903 276 21 0
48 12 2.77777777777778 190 43 0
48 10 3.21111382378472 316 26 0
48 8 3.86666531032986 223 20 0
48 9 2.17777845594618 314 25 0
48 8 3.53333197699653 204 25 0
48 7 3.56666734483507 185 25 0
48 9 3.42222086588542 245 25 0
48 11 1 237 18 0
48 11 4.89999728732639 167 0 2
112 2 2.75555589463976 65 36 1
112 4 4.23333401150174 185 270 0
112 6 6.05555555555556 234 24 0
112 7 4.34444512261285 322 25 0
112 8 5.72222222222222 287 26 0
112 9 3.47777642144097 343 19 0
112 10 5.44444444444444 244 25 0
112 13 0.577779134114583 170 24 0
112 12 0.788886176215278 164 22 0
112 10 7.14444308810764 200 25 0
112 12 3.41111246744792 244 12 0
112 12 1.35555691189236 166 25 0
112 13 5.82222493489583 202 24 0
112 14 5.07777913411458 256 22 0
112 15 6.69999864366319 301 24 0
112 14 5.23333062065972 192 23 0
112 15 8.5 210 19 0
112 16 6.5 183 26 0
112 15 5.31110975477431 212 29 0
112 17 0.266669379340278 207 21 0
112 19 0.355550130208333 221 35 0
112 21 3.78888617621528 193 86 0
112 6 0.0111117892795139 150 31 0
112 3 1.13333299424913 203 27 0
112 6 4.21111043294271 207 29 0
112 8 0.0444437662760417 240 23 0
112 8 6.97777642144097 199 22 0
112 10 0.933336046006944 417 44 0
112 14 2.46666802300347 214 70 0
112 5 1.27777777777778 292 24 0
112 6 5.33333333333333 245 24 0
112 7 2.86666531032986 336 163 0
112 9 2.30000135633681 230 22 0
112 10 5.06666395399306 224 28 0
112 13 0.699998643663194 270 26 0
112 14 5.67777506510417 232 30 0
112 16 4.81110975477431 202 26 0
112 19 2.29999457465278 203 30 0
112 21 2.74443901909722 237 21 0
112 19 5.15555826822917 389 22 0
112 19 0.688883463541667 174 28 0
112 21 3.32222493489583 215 0 2
96 3 5.53333367241753 218 24 1
96 5 2.57777913411458 197 15 0
96 4 4.22222222222222 126 28 0
96 7 4.33333333333333 246 19 0
96 8 4.11111111111111 236 22 0
96 9 3.13333468967014 247 41 0
96 11 1.72222222222222 221 24 0
96 13 2.66666666666667 252 21 0
96 14 5.73333062065972 160 72 0
96 4 2.01111178927951 169 22 0
96 3 3.72222222222222 159 29 0
96 6 1.5 237 24 0
96 4 3.48888821072049 204 26 0
96 3 4.63333299424913 166 26 0
96 5 3.92222086588542 248 27 0
96 7 4.54444376627604 361 27 0
96 8 7.44444444444444 254 47 0
96 7 0.533331976996528 215 22 0
96 8 1.05555555555556 320 29 0
96 10 1.32222493489583 242 22 0
96 11 3.0111083984375 196 26 0
96 14 0.477776421440972 356 27 0
96 11 5.42222086588542 165 27 0
96 14 4.34444173177083 310 26 0
96 15 6.68889024522569 286 24 0
96 16 5.24444580078125 219 26 0
96 18 1.28888617621528 199 23 0
96 20 1.28888617621528 211 24 0
96 22 0.433336046006944 277 21 0
96 23 1.14696710759944 352 25 0
96 21 3.21111382378472 195 48 0
96 17 0.522223578559028 163 76 0
96 7 2.96666802300347 213 43 0
96 5 1 188 25 0
96 7 2.38888888888889 291 27 0
96 8 8.17777845594618 216 24 0
96 10 1.45555284288194 273 22 0
96 11 1.17777506510417 207 26 0
96 13 4.24444580078125 170 50 0
96 8 9.55555555555556 244 23 0
96 8 3.72222222222222 129 25 0
96 7 2.53333197699653 327 59 0
96 16 0.0111083984375 178 23 0
96 17 3.67777506510417 256 26 0
96 19 4.72222222222222 205 26 0
96 21 1.77777777777778 239 16 0
96 22 2.32222493489583 176 58 0
96 13 3.18889024522569 395 17 0
96 14 2.74444580078125 200 26 0
96 15 5.57777913411458 334 21 0
96 16 1.07777913411458 302 20 0
96 16 6.02222357855903 94 72 0
96 5 3.38888888888889 278 24 0
96 7 3.05555555555556 108 0 2
80 3 4.35555521647135 256 26 1
80 4 4.91111246744792 174 17 0
80 4 1.77777777777778 176 25 0
80 3 1.33333333333333 239 12 0
80 3 4.32222154405382 317 23 0
80 4 2.47777811686198 202 22 0
80 6 2.48888821072049 245 22 0
80 7 1.21111043294271 240 22 0
80 8 1.75555419921875 217 24 0
80 10 0.766669379340278 188 16 0
80 9 1.43333265516493 186 23 0
80 10 7.76666937934028 342 16 0
80 11 5.69999864366319 297 10 0
80 12 3.54444715711806 684 14 0
80 13 3.85555691189236 130 19 0
80 14 5.04444715711806 334 26 0
80 15 5.72222222222222 283 67 0
80 6 7.27777777777778 144 48 0
80 3 5.96666632758247 180 25 0
80 5 1.34444512261285 385 46 0
80 2 3.85555521647135 217 24 0
80 4 2.37777709960938 240 25 0
80 3 1.22222222222222 200 25 0
80 4 4.28888956705729 314 25 0
80 6 6.73333401150174 587 15 0
80 6 5.13333468967014 104 22 0
80 7 2.5 286 22 0
80 8 4.08888753255208 276 18 0
80 9 3.35555691189236 242 29 0
80 11 4.18889024522569 318 22 0
80 13 2.92222086588542 200 30 0
80 15 2.22222222222222 247 26 0
80 16 3.58888753255208 244 26 0
80 19 3.0111083984375 297 20 0
80 18 0.24444580078125 294 36 0
80 23 3.95583597819009 266 25 0
80 21 2.36667209201389 60 60 0
80 14 2.65555826822917 133 65 0
80 22 1.31111653645833 213 38 0
80 23 3.69583333333332 141 26 0
80 23 3.82582804361978 41 32 0
80 17 0.466668023003472 211 22 0
80 19 4.44444444444444 261 35 0
80 23 5.2991719563802 248 94 0
80 6 4.19999864366319 319 22 0
80 7 4.32222154405382 233 32 0
80 4 4.0999993218316 259 42 0
80 3 5.71111043294271 277 22 0
80 4 3.5999993218316 258 23 0
80 6 4.85555691189236 318 19 0
80 7 2.37777709960938 447 201 0
80 9 0.288889567057292 154 45 0
80 6 5.92222086588542 259 27 0
80 8 2.80000135633681 248 16 0
80 7 3.61111111111111 206 25 0
80 10 0.777777777777778 460 25 0
80 11 3.30000135633681 261 24 0
80 13 2.13333468967014 234 54 0
80 9 3.32222154405382 237 25 0
80 8 1.57777913411458 208 22 0
80 7 2.67777845594618 173 30 0
80 10 2.78888617621528 272 28 0
80 12 2.82222493489583 332 14 0
80 11 5.92222086588542 271 35 0
80 14 3.56666395399306 171 26 0
80 15 5.05555555555556 389 27 0
80 16 4.97777642144097 525 21 0
80 19 0.122219509548611 377 44 0
80 15 0.788886176215278 161 24 0
80 15 7.34444173177083 575 19 0
80 16 0.288886176215278 268 21 0
80 16 6.92222086588542 107 85 0
80 6 4.12222290039062 257 28 0
80 5 1.14444308810764 162 84 0
80 16 3.65555826822917 175 25 0
80 19 0.477783203125 168 29 0
80 22 3.41110568576389 260 22 0
80 20 2.74443901909722 309 26 0
80 23 1.14999999999999 316 33 0
80 19 2.71111382378472 256 0 2
64 3 0.955556233723958 196 27 1
64 5 1.28888956705729 250 20 0
64 6 4.84444512261285 223 22 0
64 7 5.32222154405382 262 22 0
64 9 2.80000135633681 348 19 0
64 10 3.23333062065972 240 26 0
64 13 2.08888753255208 293 22 0
64 14 5.22222222222222 313 27 0
64 13 1.46666802300347 218 26 0
64 11 0.100002712673611 293 19 0
64 11 5.11111111111111 305 24 0
64 10 1.30000135633681 394 23 0
64 11 4.68889024522569 129 35 0
64 15 5.11111111111111 308 23 0
64 16 7.58888753255208 349 24 0
64 19 1.73333062065972 261 18 0
64 18 2.17777506510417 194 27 0
64 22 0.711113823784722 282 19 0
64 21 1.57777235243056 294 17 0
64 22 1.95555284288194 205 74 0
64 11 5.24444580078125 260 27 0
64 14 0.677775065104167 219 44 0
64 10 3.33333333333333 336 27 0
64 8 2.30000135633681 183 26 0
64 6 2.31110975477431 346 21 0
64 4 2.05555555555556 187 24 0
64 3 0.644444783528646 352 25 0
64 5 1.45555623372396 216 23 0
64 6 7.19999864366319 385 27 0
64 8 6.44444444444444 320 20 0
64 9 5.54444376627604 283 20 0
64 11 0.522223578559028 194 22 0
64 12 2.54444715711806 257 26 0
64 14 5.53333197699653 250 23 0
64 15 6.56666395399306 197 28 0
64 16 8.39999728732639 213 26 0
64 19 2.78888617621528 276 30 0
64 22 4.83333333333333 449 25 0
64 21 0.522216796875 316 32 0
64 23 0.916002604166667 122 0 2
125 3 5.46666632758247 169 23 1
125 4 4.95555623372396 189 23 0
125 6 2.64444308810764 190 22 0
125 7 3.25555419921875 259 25 0
125 8 5.61111111111111 240 26 0
125 9 3.06666395399306 276 22 0
125 11 1.0111083984375 212 26 0
125 13 2.02222357855903 334 22 0
125 15 0.977776421440972 282 27 0
125 16 4.64444308810764 266 25 0
125 17 3.42222086588542 236 30 0
125 19 2.61111111111111 265 23 0
125 21 1.83333333333333 218 21 0
125 22 1.91110568576389 108 24 0
125 23 3.76666937934028 374 15 0
125 24 2.96399739583333 50 235 0
125 3 7.85555521647135 125 19 0
125 3 3.77777777777778 255 21 0
125 4 3.01111178927951 208 27 0
125 2 3.7999996609158 220 36 0
125 1 1.63793103448276 142 28 0
125 4 4.0999993218316 241 25 0
125 6 3.74444580078125 208 56 0
125 7 3.27777777777778 243 13 0
125 7 2.31110975477431 484 26 0
125 6 4.45555623372396 206 37 0
125 7 5.51111178927951 210 26 0
125 9 1.52222357855903 258 21 0
125 10 3.63333468967014 337 23 0
125 12 0.855556911892361 245 26 0
125 14 2.60000271267361 312 27 0
125 16 4.07777913411458 348 26 0
125 17 2 250 20 0
125 17 6.10000271267361 244 23 0
125 19 0.377780490451389 192 25 0
125 21 4.46666124131944 179 27 0
125 24 0.873333333333333 411 72 0
125 7 4.72222222222222 315 37 0
125 6 5.41111246744792 134 35 0
125 5 3.30000135633681 223 0 2
157 1 1.98965533026333 234 21 1
157 2 3.86666700575087 192 21 0
157 2 0.211111280653212 298 33 0
157 1 1.59655156628839 206 7 0
157 1 2.24827601991851 446 24 0
157 3 1.68888854980469 179 33 0
157 2 0.422222561306424 165 39 0
157 2 0.399999830457899 143 34 0
157 1 2.30000015784954 36 24 0
157 1 2.31034482758621 132 58 0
157 2 2.91111077202691 187 58 0
157 2 0.0555555555555556 44 46 0
157 2 0.0888892279730903 39 22 0
157 1 1.80344811801253 348 22 0
157 2 2.75555589463976 247 26 0
157 4 0.388888888888889 94 86 0
157 4 2.51111178927951 172 23 0
157 6 1.9000006781684 428 35 0
157 3 7.58888922797309 234 22 0
157 3 2.88888888888889 290 16 0
157 3 7.36666700575087 236 17 0
157 4 3.62222290039062 253 26 0
157 6 6.19999864366319 254 27 0
157 7 3.25555419921875 355 23 0
157 8 4.53333197699653 357 22 0
157 9 3.94444444444444 269 23 0
157 10 4.66666666666667 238 27 0
157 11 4.10000271267361 284 24 0
157 13 4.28888617621528 225 25 0
157 15 1.77777777777778 340 25 0
157 16 7.23333062065972 208 23 0
157 17 5.82222493489583 221 27 0
157 20 0.5111083984375 268 24 0
157 22 0.425762754498113 268 45 0
157 17 6.91110568576389 132 93 0
157 3 4.7999996609158 152 37 0
157 3 0.177778455946181 191 26 0
157 5 0.788889567057292 222 24 0
157 6 7.06666734483507 234 23 0
157 7 3.36666531032986 335 26 0
157 6 9.85555691189236 148 30 0
157 8 3.33333333333333 239 26 0
157 10 1.10000271267361 394 55 0
157 6 6.22222222222222 263 53 0
157 10 4.02222357855903 219 50 0
157 15 5.38888888888889 275 43 0
157 10 0.377780490451389 254 34 0
157 8 3.15555487738715 204 27 0
157 10 2.16666666666667 309 26 0
157 12 0.0666639539930556 148 24 0
157 10 7.97777642144097 156 26 0
157 12 3.4888916015625 198 27 0
157 14 3.08888753255208 251 25 0
157 16 1.54444715711806 227 23 0
157 17 4.29999457465278 246 28 0
157 19 3.39999728732639 192 23 0
157 21 1.28888617621528 182 28 0
157 18 0.355550130208333 240 19 0
157 17 5.60000271267361 158 24 0
157 19 2.35555013020833 568 23 0
157 20 4.42222764756944 191 20 0
157 19 1.84444173177083 279 24 0
157 21 0.877780490451389 261 15 0
157 21 3.68888346354167 935 89 0
157 6 7.17777845594618 250 19 0
157 6 3.23333401150174 200 23 0
157 4 3.24444410536024 229 22 0
157 3 3.44444444444444 213 18 0
157 2 2.7999996609158 132 26 0
157 4 1.61111111111111 280 26 0
157 6 2.30000135633681 179 26 0
157 7 0.344445122612847 254 31 0
157 8 7.32222493489583 282 51 0
157 6 5.24444580078125 738 0 2
109 2 3.55555555555556 187 22 1
109 3 7.64444478352865 219 25 0
109 5 0.644443088107639 221 21 0
109 6 2.13333468967014 328 16 0
109 6 6.19999864366319 216 14 0
109 6 3.91111246744792 264 130 0
109 7 3.52222357855903 559 23 0
109 8 3.69999864366319 186 25 0
109 7 2.13333468967014 273 26 0
109 9 1.46666802300347 227 21 0
109 10 2.94444444444444 384 25 0
109 12 3.32222493489583 297 14 0
109 11 4.22222222222222 224 21 0
109 13 0.566663953993056 277 16 0
109 13 4.88888888888889 167 22 0
109 15 0.0888875325520833 236 23 0
109 16 2.91111246744792 220 20 0
109 15 0.800001356336806 236 36 0
109 17 2.18889024522569 335 21 0
109 16 4.64444308810764 218 26 0
109 17 6.38888888888889 185 24 0
109 19 3.56666395399306 284 24 0
109 20 5.63332790798611 279 21 0
109 22 0.333333333333333 283 19 0
109 23 1.64545972419508 286 22 0
109 22 0.155558268229167 279 113 0
109 10 0.788886176215278 205 57 0
109 16 2.77777777777778 214 300 0
109 18 0 102 25 0
109 16 5.80000135633681 257 54 0
109 7 5.69999864366319 277 28 0
109 4 4.47777642144097 189 49 0
109 2 0.0777774386935764 211 19 0
109 3 4.46666632758247 175 26 0
109 4 4.77777777777778 260 24 0
109 6 5.31110975477431 291 75 0
109 7 5.74444580078125 164 16 0
109 7 3.31110975477431 315 21 0
109 8 3.82222154405382 193 22 0
109 10 0.588887532552083 591 25 0
109 11 3.34444173177083 291 27 0
109 13 3.9888916015625 248 23 0
109 14 3.65555826822917 220 23 0
109 16 2.93333604600694 167 25 0
109 15 1.32222493489583 216 17 0
109 16 0.544447157118056 128 28 0
109 17 4.80000135633681 262 26 0
109 19 4.42222764756944 329 28 0
109 21 2.66666666666667 278 20 0
109 22 1.70000542534722 189 15 0
109 23 1.65606319543088 147 78 0
109 7 5.94444444444444 313 23 0
109 7 0.388888888888889 140 50 0
109 13 2.84444173177083 241 42 0
109 10 1.44444444444444 250 37 0
109 6 7.96666802300347 307 15 0
109 7 3.06666734483507 201 25 0
109 6 1.38888888888889 323 28 0
109 4 1.22222222222222 215 0 2
141 2 4.7999996609158 165 26 1
141 4 3.93333265516493 211 25 0
141 6 3.54444376627604 197 23 0
141 7 3.9000006781684 305 25 0
141 7 0.5 201 23 0
141 8 1.41111246744792 143 30 0
141 6 5.24444580078125 307 26 0
141 7 4.92222086588542 379 27 0
141 10 1.34444173177083 245 12 0
141 9 3.17777845594618 178 38 0
141 12 2.62221950954861 177 25 0
141 10 4.91111246744792 103 38 0
141 9 0.155554877387153 210 20 0
141 8 1.65555487738715 167 27 0
141 10 2.64444308810764 321 169 0
141 6 9.23333401150174 329 24 0
141 8 1.11111111111111 160 46 0
141 6 0.455556233723958 134 27 0
141 3 3.31111145019531 253 21 0
141 4 4.32222154405382 332 21 0
141 6 0.233334011501736 440 39 0
141 4 4.04444376627604 162 24 0
141 2 4.75555589463976 503 19 0
141 3 1.94444444444444 218 20 0
141 4 3.97777811686198 263 17 0
141 5 3.75555419921875 268 26 0
141 7 0.25555419921875 202 26 0
141 8 2.5 274 32 0
141 10 3.07777913411458 242 28 0
141 13 0.844441731770833 250 24 0
141 14 1 269 24 0
141 13 5.71111382378472 205 25 0
141 15 0.977776421440972 203 25 0
141 15 8.97777642144097 188 25 0
141 16 6.60000271267361 255 23 0
141 17 6.87778049045139 274 26 0
141 20 1.022216796875 222 27 0
141 22 2.88888888888889 230 25 0
141 20 6.53333875868056 215 26 0
141 22 1.89999728732639 92 93 0
141 6 4.25555419921875 318 25 0
141 7 4.18889024522569 429 24 0
141 9 1.66666666666667 310 25 0
141 10 7.80000135633681 194 21 0
141 12 3 78 32 0
141 7 4.62222290039062 249 22 0
141 9 0.0444437662760417 185 26 0
141 10 5.96666802300347 267 25 0
141 13 2.21111382378472 249 29 0
141 15 4.24444580078125 172 24 0
141 14 0.855556911892361 165 29 0
141 15 8.97777642144097 166 26 0
141 16 5.65555826822917 239 25 0
141 17 7.44444444444444 201 24 0
141 20 2.37778049045139 221 27 0
141 23 2.00399739583333 135 90 0
141 6 9.25555419921875 181 26 0
141 6 5.08888753255208 343 24 0
141 7 5.76666598849826 242 0 2
45 2 5.82222154405382 450 22 1
45 4 1.07777743869358 229 25 0
45 6 2.92222086588542 304 21 0
45 7 2.31110975477431 218 20 0
45 8 2.45555623372396 205 22 0
45 10 1.37777709960938 234 24 0
45 12 1.24444580078125 261 20 0
45 13 4.28888617621528 154 29 0
45 11 2.5 353 20 0
45 12 3.78888617621528 250 25 0
45 15 1.63333468967014 287 22 0
45 16 4.28888617621528 213 25 0
45 15 4.14444308810764 263 26 0
45 16 6.10000271267361 232 26 0
45 17 6.18889024522569 154 29 0
45 20 0.411105685763889 218 25 0
45 21 1.977783203125 263 28 0
45 20 8.08889431423611 220 24 0
45 20 0.633327907986111 181 77 0
45 23 3.82258327032931 165 92 0
45 4 4.43333265516493 131 32 0
45 2 2.21111128065321 266 25 0
45 4 2.06666734483507 238 25 0
45 6 2.91111246744792 304 25 0
45 7 2.48888821072049 245 20 0
45 8 1.68889024522569 273 22 0
45 7 0.555555555555556 259 27 0
45 10 1.05555555555556 142 35 0
45 6 2.37777709960938 220 0 2
138 2 2.27777777777778 159 23 1
138 3 6.18888854980469 226 24 0
138 5 1.98888821072049 223 23 0
138 6 4.47777642144097 186 26 0
138 7 4.47777642144097 254 19 0
138 9 0.588887532552083 194 20 0
138 10 2.55555555555556 243 27 0
138 12 0.377780490451389 262 22 0
138 13 2.68889024522569 142 50 0
138 8 3.51111178927951 234 15 0
138 9 2.03333197699653 368 22 0
138 8 1.02222357855903 180 23 0
138 9 3.67777845594618 175 24 0
138 11 0.311109754774306 260 23 0
138 12 0.844441731770833 320 23 0
138 11 1.75555419921875 221 23 0
138 13 0.822224934895833 203 23 0
138 14 3.9888916015625 313 31 0
138 16 4.15555826822917 157 8 0
138 16 3.35555691189236 161 26 0
138 17 5.04444715711806 194 26 0
138 16 5.31110975477431 226 29 0
138 17 6.36667209201389 200 24 0
138 20 0.222222222222222 161 15 0
138 19 0.744439019097222 297 35 0
138 21 6.71111382378472 273 12 0
138 23 0.281252543131506 140 88 0
138 4 4.5 99 43 0
138 2 3.41111077202691 339 23 0
138 3 6.83333333333333 167 24 0
138 6 3.91111246744792 256 23 0
138 7 2.53333197699653 297 24 0
138 9 3.53333197699653 421 25 0
138 11 0.25555419921875 274 22 0
138 12 1.19999864366319 379 24 0
138 13 7.15555826822917 194 47 0
138 11 0.600002712673611 133 41 0
138 9 1.08888753255208 343 23 0
138 7 4.88888888888889 370 21 0
138 9 1.07777913411458 347 24 0
138 10 4.32222493489583 233 20 0
138 11 4.03333197699653 420 21 0
138 13 2.15555826822917 147 36 0
138 8 3.56666734483507 204 38 0
138 6 8.53333197699653 221 39 0
138 6 2.76666598849826 79 27 0
138 8 0.900000678168403 224 21 0
138 7 2.84444512261285 250 25 0
138 9 0.422220865885417 357 22 0
138 10 2.60000271267361 164 35 0
138 6 0.544443766276042 252 27 0
138 4 0.344445122612847 324 66 0
138 10 5.54444715711806 214 26 0
138 12 3.60000271267361 274 7 0
138 13 1.21111382378472 228 25 0
138 11 3.82222493489583 284 18 0
138 12 3.42222086588542 287 26 0
138 13 8.91111246744792 185 21 0
138 15 1.69999864366319 319 27 0
138 16 4.44444444444444 288 24 0
138 15 5.56666395399306 195 44 0
138 13 2.88888888888889 224 38 0
138 11 4.15555826822917 301 45 0
138 10 0.988888210720486 290 26 0
138 11 4.24444580078125 303 30 0
138 8 0.933332655164931 213 34 0
138 6 4.16666666666667 193 46 0
138 4 3.57777743869358 132 25 0
138 3 2.78888956705729 286 25 0
138 5 0.622222900390625 205 26 0
138 6 9.03333197699653 239 17 0
138 7 2.74444580078125 274 20 0
138 8 3.34444512261285 203 34 0
138 7 4.25555419921875 247 24 0
138 9 2.54444376627604 351 27 0
138 11 1.31110975477431 284 21 0
138 13 1.04444715711806 181 28 0
138 15 4.26666937934028 207 28 0
138 16 8.74444580078125 183 21 0
138 17 6.75556098090278 214 19 0
138 19 2.64444986979167 189 26 0
138 23 0.395833333333329 362 0 2
42 2 4.04444376627604 144 26 1
42 4 3.23333401150174 220 20 0
42 4 0.0222218831380208 135 29 0
42 6 6.76666598849826 195 25 0
42 7 5.66666666666667 298 21 0
42 9 0.866665310329861 285 21 0
42 11 0.177775065104167 290 21 0
42 12 1 348 30 0
42 13 9.58888753255208 260 19 0
42 13 4.92222086588542 156 26 0
42 15 1.36666531032986 324 24 0
42 16 3.52222357855903 332 26 0
42 15 3.54444715711806 257 26 0
42 16 8.89999728732639 271 25 0
42 18 1.83333333333333 231 25 0
42 20 0.711113823784722 201 121 0
42 6 4.63333468967014 118 29 0
42 3 3.62222290039062 102 35 0
42 2 3.31111145019531 227 24 0
42 4 1.2999996609158 245 25 0
42 6 4.0999993218316 260 21 0
42 7 2.58888753255208 476 25 0
42 8 5.42222086588542 116 127 0
42 10 1.39999728732639 278 25 0
42 12 3.12221950954861 211 21 0
42 11 3.03333197699653 331 33 0
42 7 3.07777913411458 347 27 0
42 9 0.377777099609375 225 31 0
42 12 2.66666666666667 243 38 0
42 15 0.577779134114583 257 26 0
42 16 6.67777506510417 219 21 0
42 17 4.0111083984375 180 22 0
42 19 0.555555555555556 232 22 0
42 20 5.61111111111111 158 25 0
42 23 2.21428571428572 182 24 0
42 21 0.844441731770833 212 88 0
42 10 1.28888617621528 174 19 0
42 10 3.89999728732639 159 27 0
42 13 0.466668023003472 219 26 0
42 14 1.47777642144097 257 21 0
42 15 3.94444444444444 237 19 0
42 15 0.344441731770833 182 25 0
42 16 3.86666531032986 185 58 0
42 7 4.97777642144097 259 27 0
42 6 2.85555691189236 257 36 0
42 3 0.266665988498264 202 23 0
42 4 4.84444512261285 288 25 0
42 7 1.30000135633681 555 29 0
42 8 7.67777845594618 219 22 0
42 10 3.14444308810764 249 26 0
42 12 3.0111083984375 254 27 0
42 14 3.25555419921875 489 16 0
42 15 3.75555419921875 177 25 0
42 16 4.13333468967014 340 25 0
42 17 2.61111111111111 154 32 0
42 21 0.622219509548611 227 24 0
42 23 1.1857169015067 475 0 2
74 4 1.52222188313802 179 24 1
74 6 1.45555623372396 227 22 0
74 7 3.74444580078125 258 23 0
74 8 4.97777642144097 187 22 0
74 10 1.71111043294271 264 10 0
74 9 3.63333468967014 78 25 0
74 12 0.833333333333333 188 38 0
74 6 1.37777709960938 196 29 0
74 3 0.422222561306424 230 22 0
74 4 3.61111111111111 167 116 0
74 6 3.98888821072049 363 25 0
74 8 0.5 184 22 0
74 9 2.28888956705729 382 25 0
74 11 3.96666802300347 273 24 0
74 13 3.9888916015625 221 24 0
74 15 0.555555555555556 327 33 0
74 14 0 250 41 0
74 12 0.333333333333333 151 23 0
74 10 7.83333333333333 197 25 0
74 12 1.87778049045139 172 38 0
74 14 2.17777506510417 238 30 0
74 16 4.19999864366319 532 27 0
74 17 4.92222086588542 198 25 0
74 19 3.91110568576389 270 23 0
74 21 1.74443901909722 198 41 0
74 18 3.74444580078125 246 21 0
74 19 3.17777506510417 242 27 0
74 21 2.29999457465278 148 81 0
74 10 6.4000006781684 149 56 0
74 6 4.28888956705729 205 24 0
74 5 3.65555487738715 123 38 0
74 3 3.96666632758247 176 16 0
74 2 3.61111111111111 110 23 0
74 4 2.46666632758247 203 28 0
74 7 2.48888821072049 324 26 0
74 9 1.52222357855903 195 21 0
74 10 3.36666531032986 155 29 0
74 13 3.21111382378472 299 19 0
74 14 0.944444444444444 155 45 0
74 11 2.16666666666667 229 20 0
74 12 1.88888888888889 250 28 0
74 14 2.07777913411458 263 28 0
74 15 9.55555555555556 150 32 0
74 15 4.03333197699653 181 28 0
74 16 4.85555691189236 255 35 0
74 15 2.86666531032986 181 36 0
74 16 6.37778049045139 211 29 0
74 18 0.144443088107639 225 26 0
74 20 2.72222222222222 262 22 0
74 18 5.28888617621528 260 118 0
74 8 5.86666531032986 341 26 0
74 7 3.07777913411458 277 23 0
74 9 0.422220865885417 132 39 0
74 6 2.11111111111111 209 26 0
74 4 0.788889567057292 217 0 2
58 3 4.2000003390842 183 24 1
58 5 0.488888210720486 270 21 0
58 3 6.96666632758247 173 25 0
58 3 2.87777709960938 140 29 0
58 6 1.83333333333333 244 26 0
58 7 2.11111111111111 285 25 0
58 6 4.96666802300347 280 24 0
58 7 2.56666734483507 303 21 0
58 8 2.46666802300347 210 27 0
58 9 3.19999864366319 325 21 0
58 10 8.22222222222222 201 22 0
58 12 1.11111111111111 332 21 0
58 11 4.82222493489583 240 23 0
58 13 5.0111083984375 237 24 0
58 15 3.78888617621528 184 29 0
58 13 0.633334689670139 192 31 0
58 15 5.73333062065972 269 24 0
58 16 5.44444444444444 295 24 0
58 17 3.85555691189236 255 25 0
58 18 5.38888888888889 281 20 0
58 20 4.12221950954861 110 44 0
58 15 6.55555555555556 204 17 0
58 15 3 261 25 0
58 14 0.699998643663194 231 23 0
58 15 5.24444580078125 195 21 0
58 16 3.12221950954861 320 29 0
58 17 6.88888888888889 271 21 0
58 19 0.555555555555556 177 23 0
58 21 1.5 251 123 0
58 3 3.28888956705729 147 24 0
58 2 1 148 25 0
58 4 2.46666632758247 197 25 0
58 6 1.78888956705729 158 114 0
58 7 2.57777913411458 239 9 0
58 7 0.988888210720486 185 23 0
58 8 5.08888753255208 254 25 0
58 9 3.94444444444444 287 26 0
58 11 4.97777642144097 414 23 0
58 14 0.24444580078125 307 25 0
58 15 4.18889024522569 249 26 0
58 16 2.9888916015625 236 22 0
58 17 4.13333468967014 246 25 0
58 18 4.32222493489583 371 23 0
58 20 3.44444444444444 240 23 0
58 22 0.911105685763889 306 30 0
58 17 3.88888888888889 226 46 0
58 16 1.15555826822917 406 35 0
58 17 2.84444173177083 178 49 0
58 14 0.211113823784722 345 35 0
58 11 4.17777506510417 210 23 0
58 13 2.58888753255208 151 25 0
58 15 0.9888916015625 275 25 0
58 16 4.44444444444444 255 23 0
58 18 0 261 23 0
58 20 1.29999457465278 178 25 0
58 22 0.322224934895833 186 106 0
58 8 7.94444444444444 168 42 0
58 7 2.95555623372396 310 42 0
58 6 2.07777913411458 248 22 0
58 7 0.988888210720486 203 44 0
58 5 2.92222086588542 159 26 0
58 3 7.98888821072049 312 22 0
58 6 0.0333319769965278 231 25 0
58 7 1.54444376627604 264 34 0
58 9 2.13333468967014 318 25 0
58 10 8.83333333333333 188 23 0
58 13 0.300001356336806 286 30 0
58 15 5.17777506510417 401 43 0
58 18 4.08889431423611 183 27 0
58 21 1.94444444444444 175 0 2
90 2 2.55555555555556 177 22 1
90 4 1.56666734483507 186 24 0
90 6 1.32222154405382 170 123 0
90 7 2.07777913411458 167 19 0
90 6 5.68889024522569 337 24 0
90 7 5.63333468967014 348 20 0
90 8 5.56666734483507 195 24 0
90 10 2.34444173177083 301 24 0
90 12 2.11111111111111 386 29 0
90 15 0.711113823784722 286 28 0
90 17 2.14444308810764 279 23 0
90 18 2.72222222222222 220 24 0
90 20 4.56666395399306 267 23 0
90 19 2.28888617621528 195 28 0
90 23 2.79999457465278 252 18 0
90 22 2.477783203125 162 42 0
90 16 1.61111111111111 189 46 0
90 10 6.76666937934028 170 37 0
90 6 8.36666531032986 185 37 0
90 4 2.28888956705729 234 53 0
90 6 4.91111246744792 189 23 0
90 7 3.74444580078125 346 22 0
90 8 5.31110975477431 207 24 0
90 10 2.02222357855903 328 27 0
90 11 3.77777777777778 213 20 0
90 13 1.11111111111111 190 26 0
90 15 1.78888617621528 371 25 0
90 16 5.96666802300347 225 23 0
90 17 6.47777642144097 262 25 0
90 20 1.56666395399306 207 29 0
90 23 0.922227647569444 129 85 0
90 6 0.322221544053819 215 21 0
90 6 5.12222290039062 254 75 0
90 21 1.23333062065972 266 8 0
90 22 0.411105685763889 151 27 0
90 24 0.394736842105263 216 83 0
90 7 5.41111246744792 199 37 0
90 6 6.04444376627604 592 29 0
90 8 2.57777913411458 72 70 0
90 22 0.866672092013889 388 0 2
122 3 3.84444512261285 232 22 1
122 5 0.188888549804688 225 20 0
122 6 4.01111178927951 108 137 0
122 7 0.533331976996528 176 25 0
122 8 2.61111111111111 243 21 0
122 7 4.38888888888889 158 24 0
122 9 2.21111382378472 268 25 0
122 10 7.24444580078125 363 24 0
122 12 0.322224934895833 286 22 0
122 13 3.54444715711806 278 23 0
122 15 1.17777506510417 408 23 0
122 16 4.04444715711806 236 22 0
122 15 4.28888617621528 199 28 0
122 17 3 449 16 0
122 17 8.05555555555556 186 23 0
122 19 2.31111653645833 481 23 0
122 20 7.83333333333333 245 37 0
122 21 4.4888916015625 275 19 0
122 23 1.23684210526316 229 21 0
122 21 4.87778049045139 187 83 0
122 11 2.94444444444444 150 77 0
122 4 0.955556233723958 155 34 0
122 3 4.03333367241753 178 28 0
122 6 1.52222357855903 322 23 0
122 7 1.78888956705729 372 22 0
122 8 3.18889024522569 224 26 0
122 10 0.622219509548611 312 25 0
122 12 0.122219509548611 213 23 0
122 13 5.41111246744792 168 23 0
122 15 2.25555419921875 343 21 0
122 16 5 283 24 0
122 17 5.58888753255208 243 40 0
122 20 3.53333875868056 247 11 0
122 20 0.899997287326389 166 81 0
122 7 5.12222290039062 195 32 0
122 7 0.188890245225694 284 18 0
122 6 5.58888753255208 325 79 0
122 21 1.39999728732639 206 41 0
122 16 3.18889024522569 264 0 2
10 2 6.56666734483507 186 25 1
10 5 2.71111043294271 243 22 0
10 7 0.288889567057292 250 23 0
10 8 2.05555555555556 298 21 0
10 8 7.61111111111111 290 11 0
10 8 6.01111178927951 152 24 0
10 10 0.4888916015625 188 23 0
10 8 4.56666734483507 230 14 0
10 8 2.43333265516493 257 12 0
10 8 4.38888888888889 200 23 0
10 10 0.300001356336806 267 25 0
10 11 3.89999728732639 460 21 0
10 10 5.36666531032986 178 22 0
10 11 3.67777506510417 216 20 0
10 13 2.43333604600694 213 23 0
10 14 3.66666666666667 126 187 0
10 15 8.17777506510417 245 18 0
10 15 3.38888888888889 213 26 0
10 16 7.0111083984375 230 24 0
10 17 6.72222222222222 245 26 0
10 19 3.16666666666667 214 21 0
10 21 0.733330620659722 292 19 0
10 23 0.942100123355263 189 154 0
10 4 2.67777845594618 131 40 0
10 3 1.03333367241753 151 37 0
10 2 2.08888922797309 243 29 0
10 4 4.67777845594618 285 26 0
10 6 7.78888956705729 294 26 0
10 8 2.71111043294271 269 25 0
10 10 0.366665310329861 272 27 0
10 12 2.33333333333333 292 27 0
10 14 3 307 20 0
10 15 5.23333062065972 440 28 0
10 16 5.89999728732639 387 25 0
10 17 4.91110568576389 268 31 0
10 20 0.688883463541667 225 10 0
10 20 0.733330620659722 80 60 0
10 22 2.56666395399306 276 147 0
10 6 2.42222086588542 311 22 0
10 5 1.01111178927951 241 0 2
