131 3 2.61111111111111 224 21 1
131 4 0.177778455946181 85 226 0
131 4 1.45555623372396 166 248 0
131 4 1.95555623372396 140 19 0
131 5 2.16666666666667 152 15 0
131 4 3.7999996609158 478 33 0
131 7 2.24444580078125 151 11 0
131 7 0.611111111111111 158 22 0
131 6 3.67777845594618 187 23 0
131 7 5.54444376627604 350 25 0
131 8 9.27777777777778 199 15 0
131 9 2.22222222222222 350 32 0
131 11 0.288886176215278 264 17 0
131 11 5.54444715711806 248 7 0
131 11 4.08888753255208 316 25 0
131 13 7.02222357855903 431 14 0
131 14 2.9888916015625 165 21 0
131 15 2.65555826822917 288 14 0
131 15 5.64444308810764 154 22 0
131 16 3.07777913411458 617 23 0
131 17 0.755560980902778 321 25 0
131 19 3.5111083984375 299 21 0
131 20 0.733330620659722 543 23 0
131 21 2.26666937934028 189 0 2
83 2 2.37777794731988 182 25 1
83 4 0.722222222222222 288 12 0
83 4 3.88888888888889 198 15 0
83 5 2.43333265516493 429 23 0
83 6 5.34444512261285 215 12 0
83 7 0.511111789279514 481 21 0
83 8 2.01111178927951 646 22 0
83 9 2.47777642144097 396 158 0
83 6 0.0888875325520833 156 33 0
83 7 5.33333333333333 336 17 0
83 8 3.51111178927951 207 23 0
83 10 0.555555555555556 253 26 0
83 11 5.30000135633681 278 23 0
83 13 4.04444715711806 292 25 0
83 14 4.95555284288194 349 22 0
83 15 5.13333468967014 251 24 0
83 16 3.61111111111111 279 18 0
83 17 4.96666802300347 254 24 0
83 19 3.62221950954861 269 26 0
83 22 1.33871492775539 322 16 0
83 21 1.92222764756944 572 0 2
147 3 4.17777845594618 186 22 1
147 4 3.0999993218316 297 18 0
147 5 3.01111178927951 300 13 0
147 6 2.07777913411458 264 23 0
147 7 0.133334689670139 250 20 0
147 8 0.577779134114583 211 24 0
147 8 8.94444444444444 238 9 0
147 9 2.54444715711806 232 232 0
147 5 2.23333401150174 236 31 0
147 7 5.48888821072049 218 27 0
147 9 2.30000135633681 516 25 0
147 11 2.0111083984375 256 17 0
147 12 0.74444580078125 199 53 0
147 6 6.52222357855903 200 31 0
147 8 7.93333265516493 254 10 0
147 8 5.07777913411458 218 21 0
147 7 5.65555487738715 180 28 0
147 6 3.92222086588542 223 27 0
147 8 2.08888753255208 215 34 0
147 10 1.97777642144097 222 9 0
147 9 3.89999728732639 231 19 0
147 11 1.08888753255208 180 20 0
147 9 2.94444444444444 973 23 0
147 11 1.08888753255208 197 16 0
147 11 5.28888617621528 237 24 0
147 13 3.03333197699653 326 22 0
147 14 1.64444308810764 264 9 0
147 14 3.5111083984375 246 21 0
147 15 4.47777642144097 310 25 0
147 16 2.93333604600694 339 22 0
147 17 1.28888617621528 244 16 0
147 18 0.0888943142361111 320 18 0
147 19 0.899997287326389 172 14 0
147 18 1.07777235243056 214 15 0
147 19 1.11111111111111 229 21 0
147 19 8.25556098090278 240 23 0
147 20 1.76666937934028 743 0 2
16 3 5.33333333333333 103 156 1
16 4 1.53333367241753 318 13 0
16 4 4.64444478352865 373 9 0
16 5 1.64444308810764 234 21 0
16 6 5.48888821072049 244 18 0
16 7 0.900000678168403 301 22 0
16 8 3.13333468967014 217 18 0
16 9 3.06666734483507 150 15 0
16 8 3.84444512261285 286 8 0
16 9 1.21111043294271 284 27 0
16 10 7.38888888888889 190 19 0
16 11 2.38888888888889 882 22 0
16 10 4.82222493489583 217 28 0
16 12 3.39999728732639 239 24 0
16 14 2.23333062065972 237 26 0
16 15 4.42222086588542 285 26 0
16 13 6.58888753255208 94 18 0
16 13 1.4888916015625 272 17 0
16 12 1.34444173177083 192 34 0
16 15 1.74444580078125 97 17 0
16 15 6.52222357855903 198 26 0
16 16 3.63333468967014 232 25 0
16 17 3.23333062065972 291 22 0
16 19 0.266669379340278 211 12 0
16 18 2.36667209201389 464 21 0
16 17 1.82222493489583 260 26 0
16 19 3.08889431423611 233 15 0
16 18 3.477783203125 242 33 0
16 21 1.5111083984375 190 17 0
16 20 0.977783203125 247 9 0
16 20 2.92222764756944 167 107 0
16 3 2.77777777777778 103 18 0
16 2 1.83333333333333 200 38 0
16 5 0.233334011501736 241 25 0
16 6 6.9000006781684 209 18 0
16 7 2.26666598849826 523 20 0
16 6 4.05555555555556 204 24 0
16 7 3.83333333333333 266 14 0
16 8 2.98888821072049 163 20 0
16 10 0.733330620659722 267 25 0
16 11 1.06666395399306 250 20 0
16 12 0.699998643663194 194 25 0
16 14 0.899997287326389 155 26 0
16 15 4.32222493489583 296 26 0
16 15 12.8111097547743 194 18 0
16 17 0.833333333333333 196 27 0
16 19 2.0111083984375 260 25 0
16 21 0.666666666666667 262 16 0
16 19 5.16666666666667 261 13 0
16 19 1.91110568576389 161 36 0
16 21 2.34444173177083 244 10 0
16 21 1.53333875868056 173 17 0
16 22 2.21733072916667 332 0 2
64 2 1.32222239176432 180 17 1
64 3 3.56666734483507 222 12 0
64 3 5.53333367241753 777 16 0
64 4 3.58888922797309 345 21 0
64 6 0.233334011501736 495 22 0
64 6 7.33333333333333 520 17 0
64 7 3.26666598849826 233 17 0
64 6 6.93333265516493 274 13 0
64 7 1.82222154405382 593 25 0
64 8 4.80000135633681 214 14 0
64 9 1.96666802300347 224 21 0
64 10 2.77777777777778 311 23 0
64 11 5.37778049045139 458 25 0
64 13 4.27777777777778 446 25 0
64 15 1.77777777777778 203 56 0
64 14 6.74444580078125 172 240 0
64 15 8.34444173177083 266 272 0
64 14 6.66666666666667 242 33 0
64 16 1.52222357855903 403 31 0
64 17 1.92222086588542 330 24 0
64 19 4.022216796875 187 23 0
64 20 2.16666666666667 179 26 0
64 22 4.61111111111111 223 21 0
64 21 1.11111111111111 446 25 0
64 22 5.73333062065972 327 0 2
48 2 3.03333367241753 531 27 1
48 4 0.166666666666667 269 11 0
48 4 2.61111111111111 373 21 0
48 5 3.30000135633681 544 24 0
48 6 6.9000006781684 315 16 0
48 7 3.88888888888889 329 9 0
48 7 1.54444376627604 464 21 0
48 8 3.9000006781684 185 19 0
48 9 2.68889024522569 438 23 0
48 10 6.61111111111111 280 16 0
48 11 3.38888888888889 362 19 0
48 12 1.82222493489583 341 28 0
48 13 9.62221950954861 438 21 0
48 14 4.46666802300347 437 19 0
48 15 5.11111111111111 354 22 0
48 16 2.13333468967014 243 16 0
48 15 6.31110975477431 409 26 0
48 16 7.39999728732639 284 19 0
48 17 4.78888617621528 402 16 0
48 16 6.88888888888889 305 24 0
48 18 2.21111382378472 239 22 0
48 19 5.74443901909722 214 23 0
48 22 0.0913925991263539 236 19 0
48 20 2.22222222222222 243 23 0
48 22 3.72580645161291 455 13 0
48 22 6.28495148689517 476 101 0
48 3 5.55555555555556 275 30 0
48 5 2.28888956705729 213 26 0
48 7 1.63333468967014 273 28 0
48 8 6.18889024522569 175 25 0
48 10 5.69999864366319 181 27 0
48 13 0.377780490451389 206 24 0
48 11 1.36666531032986 79 19 0
48 10 3.53333197699653 267 20 0
48 9 2.07777913411458 161 39 0
48 13 2.08888753255208 268 26 0
48 14 2.10000271267361 159 24 0
48 15 3.14444308810764 137 0 2
144 3 2.2000003390842 215 17 1
144 4 1.11111111111111 222 17 0
144 5 0.266665988498264 197 21 0
144 6 4.12222290039062 243 24 0
144 7 2.26666598849826 253 15 0
144 7 5.88888888888889 161 10 0
144 7 2.62222290039062 233 11 0
144 7 5.27777777777778 120 139 0
144 8 3.91111246744792 99 271 0
144 8 7.77777777777778 56 12 0
144 8 9.94444444444444 36 203 0
144 9 1.68889024522569 42 20 0
144 8 2.14444308810764 207 16 0
144 8 6.31110975477431 185 20 0
144 9 2.18889024522569 462 26 0
144 10 8.14444308810764 235 17 0
144 12 1.07777913411458 234 23 0
144 13 6.4888916015625 106 538 0
144 14 3.62221950954861 42 192 0
144 14 3.82222493489583 116 20 0
144 15 0.577779134114583 187 21 0
144 15 7.26666937934028 289 21 0
144 16 6.93333604600694 325 21 0
144 18 0.844441731770833 198 21 0
144 16 5.24444580078125 194 25 0
144 19 0.0777723524305556 220 26 0
144 21 2.46666124131944 227 10 0
144 20 2.71111382378472 215 25 0
144 22 5.67500523158483 327 83 0
144 10 1.07777913411458 337 31 0
144 8 1.81110975477431 227 18 0
144 7 2.45555623372396 199 24 0
144 6 2.38888888888889 240 16 0
144 5 1.68888854980469 128 21 0
144 3 4.83333333333333 299 14 0
144 4 3.05555555555556 84 22 0
144 2 3.17777760823568 187 51 0
144 7 5.17777845594618 155 20 0
144 6 8.91111246744792 173 20 0
144 6 2.44444444444444 155 169 0
144 7 1.66666666666667 191 26 0
144 8 5.43333265516493 193 26 0
144 9 2.11111111111111 598 27 0
144 7 2.73333401150174 237 23 0
144 6 4.72222222222222 278 23 0
144 7 3.45555623372396 605 24 0
144 8 5.30000135633681 311 25 0
144 10 0.155558268229167 230 34 0
144 12 2.61111111111111 270 23 0
144 13 7.02222357855903 189 26 0
144 14 5.67777506510417 274 27 0
144 16 0.155558268229167 239 25 0
144 18 0.744439019097222 72 32 0
144 21 3.5111083984375 251 0 2
128 2 2.91111077202691 163 20 1
128 3 5.14444478352865 159 116 0
128 4 4.63333299424913 230 23 0
128 6 3.25555419921875 86 200 0
128 7 0.588887532552083 177 13 0
128 7 3.65555487738715 106 153 0
128 7 0.788889567057292 52 227 0
128 7 5.62222290039062 156 10 0
128 7 1.37777709960938 510 24 0
128 8 3.35555691189236 262 21 0
128 7 0.866665310329861 252 25 0
128 8 8.19999864366319 182 17 0
128 9 2.42222086588542 747 33 0
128 7 2.93333265516493 185 21 0
128 8 3.67777845594618 133 34 0
128 10 7.65555826822917 100 21 0
128 10 0.377780490451389 60 19 0
128 8 9.35555691189236 245 15 0
128 8 5.4000006781684 165 28 0
128 10 6.35555691189236 230 24 0
128 13 0.933336046006944 255 35 0
128 14 4.38888888888889 268 19 0
128 15 2.25555419921875 178 18 0
128 15 7.95555284288194 167 18 0
128 15 0.355556911892361 277 23 0
128 15 7.87778049045139 337 22 0
128 17 1.0111083984375 216 20 0
128 18 2.977783203125 375 25 0
128 20 2.34444173177083 192 20 0
128 22 0.577772352430556 234 19 0
128 23 2.18213762555804 185 19 0
128 22 0.177775065104167 186 18 0
128 23 0.500000000000008 220 15 0
128 23 4.35714285714286 429 0 2
96 3 6.43333265516493 120 21 1
96 5 1.22222222222222 110 241 0
96 6 0.5 80 260 0
96 7 4.08888753255208 32 252 0
96 8 6.94444444444444 111 19 0
96 9 3.37777709960938 194 22 0
96 8 5.07777913411458 283 22 0
96 9 3.92222086588542 131 215 0
96 9 1.48888821072049 287 26 0
96 11 1.33333333333333 217 17 0
96 11 5.72222222222222 286 20 0
96 13 2.71111382378472 327 21 0
96 14 5.0111083984375 153 25 0
96 12 2.64444308810764 237 26 0
96 14 5.62221950954861 222 21 0
96 15 5.57777913411458 338 22 0
96 14 4.78888617621528 280 27 0
96 15 10.477776421441 229 22 0
96 16 6.77777777777778 220 22 0
96 18 0.0888875325520833 227 24 0
96 19 5.77777777777778 201 25 0
96 21 3.73333062065972 255 88 0
96 7 1.54444376627604 280 17 0
96 6 0.522223578559028 79 22 0
96 4 0.388888888888889 97 18 0
96 3 2.31111145019531 282 13 0
96 2 3.24444410536024 120 31 0
96 6 0.811109754774306 177 12 0
96 5 1.69999864366319 192 27 0
96 7 5.05555555555556 160 12 0
96 7 1.9000006781684 224 42 0
96 9 2.58888753255208 201 36 0
96 6 0.777777777777778 187 18 0
96 4 4.48888821072049 235 27 0
96 7 3.96666802300347 549 31 0
96 9 0.0777791341145833 254 17 0
96 8 5.16666666666667 291 20 0
96 9 1.84444512261285 212 20 0
96 10 4.75555419921875 222 24 0
96 11 5.25555419921875 244 24 0
96 13 3.76666937934028 308 27 0
96 15 4.58888753255208 304 28 0
96 16 4.80000135633681 467 23 0
96 17 6.91111246744792 281 24 0
96 19 5.26666937934028 393 23 0
96 21 1.67777506510417 230 25 0
96 22 6.83333333333333 160 0 2
77 3 2.06666734483507 216 14 1
77 3 5.0999993218316 154 17 0
77 4 2.14444478352865 304 20 0
77 5 1.98888821072049 253 18 0
77 4 2.97777811686198 348 21 0
77 5 3.63333468967014 224 20 0
77 6 6.24444580078125 265 18 0
77 7 3.61111111111111 415 17 0
77 8 3.42222086588542 275 16 0
77 9 0.866665310329861 263 13 0
77 9 3.44444444444444 164 14 0
77 9 0.166666666666667 197 21 0
77 10 1.5111083984375 400 14 0
77 11 1.5111083984375 298 18 0
77 12 0.388888888888889 267 24 0
77 13 6.04444715711806 227 14 0
77 14 0.933336046006944 359 27 0
77 16 0.277777777777778 266 20 0
77 15 1.81110975477431 218 25 0
77 16 3.72222222222222 640 24 0
77 17 1.82222493489583 243 18 0
77 18 0.422220865885417 364 15 0
77 18 4.72222222222222 219 11 0
77 18 2.08888753255208 152 24 0
77 19 0.411105685763889 476 20 0
77 20 0.633327907986111 288 31 0
77 21 0.177775065104167 540 22 0
77 22 3.36667209201389 751 16 0
77 23 2.61070905412947 362 89 0
77 6 4.51111178927951 75 25 0
77 4 1.01111178927951 110 19 0
77 3 2.41111077202691 299 23 0
77 4 3.0999993218316 217 24 0
77 6 3.38888888888889 159 22 0
77 7 3.27777777777778 244 26 0
77 9 0.5 301 19 0
77 8 1.14444308810764 127 34 0
77 10 2.54444715711806 271 24 0
77 12 2.15555826822917 188 26 0
77 14 2.4888916015625 254 25 0
77 16 0.422220865885417 226 20 0
77 16 7.15555826822917 251 22 0
77 17 5.25555419921875 122 0 2
93 3 7.48888821072049 206 18 1
93 4 3.92222256130642 386 18 0
93 6 0.955556233723958 269 24 0
93 7 1.65555487738715 210 12 0
93 7 4.17777845594618 692 22 0
93 8 4.35555691189236 834 25 0
93 9 0.566663953993056 311 9 0
93 9 2.77777777777778 278 23 0
93 10 5.44444444444444 204 15 0
93 11 2.45555284288194 418 19 0
93 13 0.5111083984375 578 27 0
93 14 3.61111111111111 343 28 0
93 16 3.84444173177083 268 21 0
93 17 1.74444580078125 285 22 0
93 18 3.9888916015625 428 29 0
93 21 1.54444715711806 195 17 0
93 20 3.75556098090278 198 21 0
93 22 2.43333604600694 261 102 0
93 3 6.44444444444444 197 17 0
93 3 2.44444444444444 249 27 0
93 5 1.58888753255208 207 31 0
93 7 1.67777845594618 219 19 0
93 8 1.41111246744792 255 37 0
93 10 1.15555826822917 506 23 0
93 11 3.72222222222222 470 18 0
93 13 0.533331976996528 216 29 0
93 15 1.02222357855903 379 26 0
93 16 5.71111382378472 236 33 0
93 19 0.311116536458333 139 29 0
93 22 2.64444986979167 191 0 2
61 4 0.988888210720486 168 18 1
61 5 1.88888888888889 252 26 0
61 7 0.222222222222222 229 18 0
61 7 5.80000135633681 240 33 0
61 10 1.28888617621528 213 11 0
61 9 2.33333333333333 110 23 0
61 8 2.55555555555556 251 271 0
61 5 0.299999660915799 231 19 0
61 4 1.02222188313802 100 35 0
61 7 2.77777777777778 306 24 0
61 8 6.14444308810764 199 203 0
61 9 0.944444444444444 256 23 0
61 10 5.66666666666667 203 20 0
61 11 3.21111382378472 409 25 0
61 13 1.86666531032986 215 16 0
61 12 2.33333333333333 195 43 0
61 15 5.26666937934028 188 15 0
61 15 1.66666666666667 255 41 0
61 16 5.15555826822917 298 22 0
61 17 4.68888346354167 359 25 0
61 19 2.44444444444444 294 18 0
61 20 3.45555284288194 178 20 0
61 19 0.566663953993056 326 22 0
61 17 4.95555284288194 256 21 0
61 16 5.44444444444444 201 42 0
61 20 4.44444444444444 246 14 0
61 20 0.211113823784722 300 18 0
61 20 6.35555013020833 594 25 0
61 22 1.88888888888889 616 0 2
29 3 1.7000003390842 240 20 1
29 3 8.11111111111111 195 18 0
29 4 4.66666666666667 242 23 0
29 6 3.63333468967014 404 22 0
29 7 2.26666598849826 284 19 0
29 8 1.14444308810764 162 19 0
29 9 2.35555691189236 399 24 0
29 11 1.46666802300347 216 15 0
29 11 4.89999728732639 260 15 0
29 12 3.72222222222222 227 20 0
29 11 4.45555284288194 230 25 0
29 14 1.23333062065972 287 19 0
29 15 2.07777913411458 202 24 0
29 15 10.9333360460069 196 21 0
29 16 5.54444715711806 219 18 0
29 17 2.4888916015625 710 21 0
29 16 2.06666395399306 185 19 0
29 15 8.14444308810764 329 28 0
29 17 1.44444444444444 229 26 0
29 19 2.16666666666667 209 22 0
29 20 5.63332790798611 216 21 0
29 22 3.34444173177083 145 21 0
29 20 4.67777506510417 131 22 0
29 19 0.199998643663194 484 0 2
13 3 3.0999993218316 215 618 1
13 7 0.411112467447917 43 368 0
13 8 2.61111111111111 342 13 0
13 7 3.77777777777778 227 25 0
13 8 9.87777709960938 448 22 0
13 8 3.13333468967014 199 24 0
13 9 2.37777709960938 265 22 0
13 11 1.42222086588542 191 15 0
13 11 4.63333468967014 407 24 0
13 13 4.35555691189236 350 22 0
13 14 1.14444308810764 278 16 0
13 15 1.23333062065972 399 13 0
13 14 2.18889024522569 260 27 0
13 16 4.89999728732639 244 21 0
13 15 2.08888753255208 229 27 0
13 17 2.04444715711806 341 14 0
13 17 5.60000271267361 236 26 0
13 19 1.03333875868056 387 23 0
13 20 5.55555555555556 211 19 0
13 22 0.0666639539930556 275 18 0
13 23 2.46666124131944 472 18 0
13 24 1.9506640625 435 11 0
13 24 3.3693359375 608 90 0
13 6 6.11111111111111 154 18 0
13 7 3.02222357855903 200 26 0
13 8 9.63333468967014 145 34 0
13 6 4.98888821072049 187 10 0
13 6 2.56666734483507 93 36 0
13 8 7.68889024522569 59 35 0
13 12 0.555555555555556 179 24 0
13 13 7.52222357855903 231 30 0
13 16 0.411112467447917 157 0 2
106 3 3.21111043294271 201 18 1
106 4 2.64444478352865 329 17 0
106 5 1.63333299424913 230 27 0
106 6 8.93333265516493 377 18 0
106 6 4.08888753255208 229 24 0
106 7 2.65555487738715 455 25 0
106 8 6.95555623372396 179 11 0
106 8 4.32222154405382 396 20 0
106 9 1.01111178927951 271 19 0
106 10 0.811109754774306 316 11 0
106 10 3.46666802300347 199 16 0
106 11 3.9888916015625 268 19 0
106 13 0.166666666666667 344 21 0
106 14 1.9888916015625 305 31 0
106 16 0.855556911892361 303 20 0
106 16 6.03333197699653 199 20 0
106 17 4.86666531032986 250 21 0
106 16 5 578 21 0
106 17 4.42222086588542 276 25 0
106 18 4.32222493489583 276 22 0
106 20 0.0888943142361111 187 23 0
106 18 4 311 22 0
106 19 2.45555284288194 571 27 0
106 22 0.166666666666667 394 0 2
122 2 0.633332994249132 277 17 1
122 2 0.811111450195312 36 8 0
122 2 2.92222256130642 206 18 0
122 3 4.78888956705729 239 19 0
122 4 2.68888854980469 246 18 0
122 5 3.26666598849826 281 21 0
122 6 5.76666598849826 202 18 0
122 7 4.48888821072049 676 10 0
122 7 3.17777845594618 240 7 0
122 7 0.777777777777778 262 28 0
122 8 8.98888821072049 443 22 0
122 10 1.72222222222222 341 17 0
122 10 7.08888753255208 228 15 0
122 10 10.9555528428819 491 20 0
122 12 1.21111382378472 308 21 0
122 13 4.30000135633681 273 16 0
122 14 0.622219509548611 684 26 0
122 16 2.86666531032986 252 21 0
122 17 1.71111382378472 224 20 0
122 16 3.04444715711806 245 22 0
122 17 3.83333333333333 255 21 0
122 18 0.133327907986111 570 33 0
122 20 8.81111653645833 184 23 0
122 20 0.477783203125 111 22 0
122 18 0.222222222222222 198 13 0
122 17 7.25555419921875 122 22 0
122 19 0.255560980902778 322 32 0
122 21 0.544447157118056 165 61 0
122 21 0.9888916015625 173 18 0
122 22 0.666666666666667 239 26 0
122 20 3.65555826822917 162 256 0
122 16 3.97777642144097 314 75 0
122 6 6.06666734483507 59 34 0
122 3 5.63333299424913 113 27 0
122 2 0.355555216471354 182 18 0
122 3 1.31111145019531 86 33 0
122 5 2.66666666666667 178 10 0
122 4 4.13333299424913 161 31 0
122 7 0.466668023003472 267 26 0
122 8 8.71111043294271 208 19 0
122 10 0.777777777777778 221 27 0
122 11 2.08888753255208 395 26 0
122 13 3.92222086588542 182 23 0
122 15 2.07777913411458 186 40 0
122 17 3.57777913411458 83 49 0
122 20 10.5444471571181 39 29 0
122 22 1.93333604600694 255 17 0
122 21 2.46666124131944 172 0 2
42 2 2.05555555555556 278 24 1
42 4 2.02222188313802 279 22 0
42 6 0.844445122612847 157 20 0
42 4 2.5999993218316 266 24 0
42 6 3.68889024522569 485 24 0
42 7 2.43333265516493 301 19 0
42 6 6.43333265516493 349 24 0
42 7 3.23333401150174 445 25 0
42 8 7.74444580078125 393 88 0
42 8 2.57777913411458 134 181 0
42 10 0.366665310329861 195 19 0
42 10 5.35555691189236 207 19 0
42 11 4.35555691189236 371 35 0
42 13 9 438 28 0
42 15 5.15555826822917 206 17 0
42 15 1.26666937934028 255 25 0
42 16 3.24444580078125 367 23 0
42 15 2.37778049045139 108 22 0
42 13 9.72222222222222 274 29 0
42 15 5.47777642144097 189 64 0
42 6 7.18889024522569 198 21 0
42 7 5.87777709960938 211 67 0
42 15 6.15555826822917 228 19 0
42 15 0.288886176215278 159 39 0
42 17 1.67777506510417 167 10 0
42 16 10.6777750651042 201 15 0
42 17 3.14444308810764 139 21 0
42 18 4.75556098090278 201 22 0
42 20 0.0666639539930556 184 9 0
42 19 1.82222493489583 172 34 0
42 22 0.211113823784722 218 13 0
42 20 6.54444715711806 430 17 0
42 22 1.31111653645833 184 0 2
90 4 2.91111077202691 136 228 1
90 5 2.71111043294271 64 340 0
90 7 1.62222290039062 94 226 0
90 8 0.733334011501736 208 15 0
90 7 4.02222357855903 221 25 0
90 8 7.08888753255208 164 16 0
90 9 3.12222290039062 203 11 0
90 9 0.5 242 37 0
90 11 2.30000135633681 313 17 0
90 12 1.64444308810764 288 25 0
90 14 0.422220865885417 216 17 0
90 13 5 217 21 0
90 14 3.10000271267361 285 23 0
90 16 2.23333062065972 261 17 0
90 17 0.222222222222222 248 23 0
90 18 0.966668023003472 197 17 0
90 19 0.888888888888889 429 27 0
90 21 0.355550130208333 221 23 0
90 23 1.83333333333333 283 95 0
90 4 0.466666327582465 143 19 0
90 2 3.38888888888889 252 28 0
90 5 2.03333367241753 242 25 0
90 6 8.86666531032986 195 24 0
90 8 3.72222222222222 240 24 0
90 10 1.57777913411458 220 34 0
90 12 3.28888617621528 157 10 0
90 12 0.899997287326389 172 26 0
90 14 2.5111083984375 263 27 0
90 16 5.21111382378472 189 27 0
90 19 0.366665310329861 164 38 0
90 23 1.86667209201389 222 0 2
26 3 1.91111077202691 259 26 1
26 4 1.43333265516493 142 244 0
26 4 4.81110975477431 185 20 0
26 6 2.77777777777778 63 241 0
26 6 3.87777709960938 128 19 0
26 6 10.5555555555556 158 202 0
26 7 2.18889024522569 416 23 0
26 6 5.61111111111111 296 22 0
26 5 0.277777777777778 236 40 0
26 8 0.0222235785590278 198 22 0
26 9 2.83333333333333 520 23 0
26 10 7.11111111111111 194 17 0
26 11 4.34444173177083 563 22 0
26 12 3.76666937934028 526 30 0
26 15 2.63333468967014 263 10 0
26 15 0.555555555555556 183 34 0
26 16 4.84444173177083 234 16 0
26 17 0.155558268229167 270 20 0
26 17 4.95555284288194 384 20 0
26 16 5.45555284288194 388 23 0
26 17 4.62221950954861 226 26 0
26 16 0.177775065104167 129 18 0
26 15 5.46666802300347 198 41 0
26 18 1.61111111111111 171 23 0
26 20 0.766669379340278 241 23 0
26 21 2.522216796875 258 21 0
26 23 2.20392683440565 232 86 0
26 9 3.41111246744792 223 28 0
26 7 2.34444512261285 185 32 0
26 4 4.69999864366319 332 21 0
26 6 1.64444308810764 219 32 0
26 7 4.77777777777778 294 38 0
26 10 4.65555826822917 95 39 0
26 13 7.26666937934028 471 32 0
26 15 7.10000271267361 253 0 2
