20	3	2.17777845594618	174	19	1
20	3	7.04444376627604	246	21	0
20	5	1.26666598849826	244	22	0
20	6	5.08888753255208	326	22	0
20	5	2.61111111111111	280	25	0
20	4	0.0222218831380208	233	25	0
20	5	3.97777642144097	50	229	0
20	6	1.65555487738715	133	22	0
20	7	0.577779134114583	188	26	0
20	8	2.67777845594618	155	16	0
20	7	5.07777913411458	141	16	0
20	7	0.466668023003472	363	20	0
20	7	5.63333468967014	203	23	0
20	8	6.95555623372396	377	22	0
20	10	2.02222357855903	181	20	0
20	10	7.54444715711806	291	19	0
20	11	4.18889024522569	199	22	0
20	13	3.82222493489583	290	18	0
20	14	2.65555826822917	484	18	0
20	15	4.91111246744792	365	11	0
20	15	8.11111111111111	199	23	0
20	17	0.5111083984375	533	23	0
20	18	1.86667209201389	257	20	0
20	19	4.79999457465278	199	25	0
20	21	3.87778049045139	278	19	0
20	23	0.457892166940789	200	9	0
20	23	2.96316046463816	685	19	0
20	23	1.62631064967105	71	84	0
20	3	7.25555589463976	386	25	0
20	6	0.75555419921875	182	20	0
20	7	0.566667344835069	178	21	0
20	8	3.13333468967014	206	30	0
20	10	5.97777642144097	415	19	0
20	10	0.477776421440972	330	26	0
20	11	0.822224934895833	226	26	0
20	13	0.833333333333333	170	23	0
20	14	1.73333062065972	218	17	0
20	15	1.80000135633681	111	23	0
20	15	7.44444444444444	682	19	0
20	16	3.77777777777778	260	18	0
20	16	7.4888916015625	238	23	0
20	17	5.43333604600694	616	16	0
20	17	0.311109754774306	212	22	0
20	18	1.65555826822917	221	22	0
20	20	1.68888346354167	182	26	0
20	22	1.44444444444444	333	0	2
46	4	0.633332994249132	197	17	1
46	2	6.83333333333333	279	10	0
46	3	2.08888922797309	56	22	0
46	2	4.08888922797309	260	17	0
46	3	2.93333265516493	125	23	0
46	5	1.82222154405382	339	25	0
46	6	6.02222357855903	223	22	0
46	7	5.61111111111111	225	21	0
46	8	3.95555623372396	259	14	0
46	8	0.122222900390625	122	23	0
46	10	0.577779134114583	228	19	0
46	8	4.51111178927951	236	24	0
46	10	2.67777845594618	191	22	0
46	11	1.72222222222222	182	24	0
46	13	2.55555555555556	269	11	0
46	12	2.5	168	25	0
46	13	7.36666531032986	154	25	0
46	14	2.38888888888889	191	21	0
46	15	3.36666531032986	422	13	0
46	15	7.85555691189236	314	67	0
46	3	1.73333401150174	141	11	0
46	2	6.54444376627604	248	25	0
46	4	4.76666598849826	255	23	0
46	6	4	249	23	0
46	8	1.23333401150174	511	24	0
46	7	0.777777777777778	663	22	0
46	8	2.19999864366319	239	23	0
46	10	0.177778455946181	329	19	0
46	11	0.188890245225694	220	25	0
46	13	1.55555555555556	464	25	0
46	13	13.6111111111111	251	21	0
46	15	4.34444173177083	220	19	0
46	16	3.39999728732639	258	18	0
46	17	1.86666531032986	205	23	0
46	17	10.5333387586806	210	27	0
46	20	5.15555826822917	254	21	0
46	22	1.77777777777778	235	19	0
46	23	2.9731182795699	349	20	0
46	21	0.5	800	80	0
46	6	2.43333265516493	412	25	0
46	8	0.155554877387153	287	18	0
46	8	5.27777777777778	388	24	0
46	10	2.69999864366319	345	26	0
46	13	2.74444580078125	194	36	0
46	15	5.9888916015625	79	50	0
46	8	1.28888956705729	545	8	0
46	8	1.77777777777778	77	50	0
46	14	3.03333197699653	208	25	0
46	13	9.36666531032986	754	31	0
46	15	5.19999864366319	228	24	0
46	16	4.17777506510417	287	13	0
46	16	6.91111246744792	526	19	0
46	17	5.52222357855903	200	26	0
46	20	0.0777723524305556	635	22	0
46	20	6.41110568576389	234	23	0
46	22	3.58889431423611	135	16	0
46	23	4.28494098622313	113	84	0
46	6	1.19999864366319	354	0	2
65	3	1.35555521647135	150	20	1
65	4	1.01111178927951	153	21	0
65	5	3.65555487738715	197	20	0
65	6	6.26666598849826	516	22	0
65	8	0.944444444444444	407	21	0
65	9	0.888888888888889	162	20	0
65	10	1.58888753255208	376	19	0
65	11	3.23333062065972	190	22	0
65	13	0.888888888888889	378	18	0
65	14	2.03333197699653	566	19	0
65	15	3.32222493489583	788	11	0
65	15	3.4888916015625	202	22	0
65	14	0.688890245225694	103	57	0
65	4	4.52222188313802	134	18	0
65	3	5.61111111111111	356	21	0
65	5	3.0999993218316	257	17	0
65	6	5.45555623372396	290	22	0
65	7	5.17777845594618	274	24	0
65	9	0.944444444444444	130	25	0
65	10	2.71111382378472	240	19	0
65	12	0.288886176215278	210	14	0
65	12	3.80000135633681	145	15	0
65	14	1.36666531032986	148	27	0
65	16	3.76666937934028	236	22	0
65	17	0.833333333333333	202	17	0
65	17	6.72222222222222	353	26	0
65	19	2.19999864366319	234	15	0
65	18	0.288886176215278	93	27	0
65	20	3.89999728732639	210	26	0
65	22	0.0333387586805556	161	20	0
65	23	2.41110568576389	402	23	0
65	21	0.322224934895833	200	26	0
65	23	3.22222222222222	571	18	0
65	22	0.355550130208333	97	37	0
65	17	7.28888617621528	192	61	0
65	4	4.55555555555556	186	10	0
65	4	3.31111145019531	248	25	0
65	6	4.95555623372396	164	24	0
65	7	5.47777642144097	285	30	0
65	10	1.73333062065972	176	59	0
65	20	4.16666666666667	166	13	0
65	20	7	138	30	0
65	17	9.24444580078125	300	28	0
65	20	2.70000542534722	179	18	0
65	20	8.5111083984375	208	28	0
65	23	2.35555013020833	710	17	0
65	23	7.78888617621528	420	17	0
65	24	5.1293359375	238	20	0
65	23	6.05555555555556	208	24	0
65	22	0.933336046006944	139	23	0
65	23	6.68888346354167	216	9	0
65	23	6.13332790798611	81	62	0
65	12	3.72222222222222	113	27	0
65	10	1.37778049045139	198	21	0
65	9	0.133334689670139	201	18	0
65	8	1.16666666666667	314	28	0
65	9	5.92222086588542	195	16	0
65	11	0.199998643663194	270	21	0
65	13	1.24444580078125	231	15	0
65	14	2.30000135633681	195	25	0
65	16	3.73333062065972	300	29	0
65	17	6.19999864366319	215	27	0
65	19	3.61111111111111	175	22	0
65	20	8.14444986979167	178	25	0
65	22	3.75556098090278	341	17	0
65	23	4.28888617621528	418	10	0
65	23	7.15555826822917	133	81	0
65	5	1.38888888888889	227	23	0
65	6	3.5	289	61	0
65	20	4.79999457465278	329	26	0
65	17	11.3111097547743	307	27	0
65	20	4.0111083984375	176	34	0
65	23	3.39999728732639	330	0	2
94	3	3.02222188313802	158	22	1
94	4	0.511111789279514	238	22	0
94	5	3.44444444444444	276	19	0
94	6	4.64444308810764	356	19	0
94	7	1.01111178927951	156	14	0
94	6	5.37777709960938	196	26	0
94	8	1.31110975477431	221	21	0
94	8	7.14444308810764	139	22	0
94	7	5.43333265516493	189	32	0
94	9	1.11111111111111	180	17	0
94	8	9.24444580078125	525	23	0
94	9	3.91111246744792	151	21	0
94	11	1.44444444444444	230	24	0
94	13	1.35555691189236	316	19	0
94	13	7.60000271267361	205	22	0
94	15	5.38888888888889	513	28	0
94	16	7.76666937934028	211	27	0
94	18	3.29999457465278	208	23	0
94	20	2.57777235243056	224	17	0
94	21	1.27777777777778	527	18	0
94	22	2.89999728732639	114	30	0
94	18	2	201	72	0
94	4	3.77777777777778	140	22	0
94	3	6.03333367241753	265	28	0
94	6	2.5999993218316	277	27	0
94	7	4.41111246744792	199	57	0
94	17	4.31110975477431	233	14	0
94	18	2.54444715711806	199	63	0
94	9	1.28888617621528	153	26	0
94	8	6.53333197699653	293	16	0
94	8	2.72222222222222	118	57	0
94	19	3.13332790798611	153	10	0
94	19	1.27777777777778	147	16	0
94	18	0.644449869791667	132	24	0
94	16	7.32222493489583	182	28	0
94	18	3.92222764756944	162	24	0
94	20	3.87778049045139	223	26	0
94	23	1.06212639086175	268	54	0
94	13	4.74444580078125	48	34	0
94	9	3.87778049045139	210	21	0
94	8	10.1777750651042	301	26	0
94	10	2.84444173177083	180	25	0
94	12	1.07777913411458	175	25	0
94	14	0.422220865885417	236	27	0
94	15	8.13333468967014	264	23	0
94	17	0.711113823784722	205	23	0
94	18	3.93333604600694	205	24	0
94	20	5.66666666666667	253	22	0
94	22	2.62221950954861	122	70	0
94	7	5.96666802300347	137	32	0
94	6	0.25555419921875	228	0	2
78	3	0.944444444444444	138	21	1
78	3	5.44444444444444	231	22	0
78	4	4.23333401150174	200	21	0
78	6	3.26666598849826	299	20	0
78	7	1.47777642144097	354	16	0
78	8	0.288889567057292	274	19	0
78	9	1.4000006781684	207	15	0
78	9	5.75555419921875	169	24	0
78	11	4.07777913411458	245	25	0
78	13	4.16666666666667	230	24	0
78	15	2.66666666666667	254	21	0
78	16	2.55555555555556	496	20	0
78	15	3.67777506510417	743	27	0
78	16	6.23333062065972	139	28	0
78	18	2.37778049045139	168	28	0
78	18	10.977783203125	201	26	0
78	20	8.13332790798611	325	22	0
78	19	3.32222493489583	209	27	0
78	21	1.60000271267361	139	20	0
78	23	3.3499973842076	240	12	0
78	23	5.98570905412947	193	86	0
78	3	7.45555623372396	172	12	0
78	4	1.01111178927951	171	21	0
78	6	1.30000135633681	267	21	0
78	7	1.83333333333333	235	24	0
78	8	3.95555623372396	353	24	0
78	9	5.72222222222222	258	27	0
78	12	2.14444308810764	276	23	0
78	13	6.68889024522569	610	10	0
78	14	2.9888916015625	272	21	0
78	13	2.04444715711806	459	13	0
78	13	5.64444308810764	182	9	0
78	14	0.266669379340278	234	27	0
78	15	4.88888888888889	278	28	0
78	16	7.41111246744792	716	27	0
78	15	2	163	19	0
78	13	6.72222222222222	174	25	0
78	15	5.39999728732639	141	25	0
78	16	3.73333062065972	182	23	0
78	17	3.37778049045139	180	24	0
78	18	4.9888916015625	190	19	0
78	19	0.5	166	51	0
78	20	7.12221950954861	232	23	0
78	18	10.8111165364583	313	26	0
78	20	4.17777506510417	168	25	0
78	21	2.10000271267361	123	72	0
78	5	1.12222290039062	228	24	0
78	6	5.02222357855903	171	28	0
78	8	2.62222290039062	338	60	0
78	20	2.31111653645833	227	19	0
78	18	10.022216796875	157	24	0
78	17	4.03333197699653	257	17	0
78	16	6.60000271267361	330	35	0
78	13	5.12221950954861	136	32	0
78	9	4.15555487738715	407	27	0
78	11	4.12221950954861	131	31	0
78	14	3.83333333333333	172	34	0
78	11	1.88888888888889	232	27	0
78	13	5.25555419921875	206	29	0
78	15	5.46666802300347	266	23	0
78	16	6.83333333333333	234	18	0
78	17	3.85555691189236	201	28	0
78	18	10.3777804904514	155	31	0
78	20	8.91110568576389	427	19	0
78	20	2.05555555555556	120	35	0
78	23	2.20357404436385	206	0	2
23	3	1.01111178927951	161	20	1
23	3	7.67777845594618	297	27	0
23	5	3.85555691189236	248	15	0
23	4	4.86666531032986	131	21	0
23	3	8.95555623372396	166	28	0
23	5	3.15555487738715	163	25	0
23	6	8.43333265516493	250	19	0
23	7	3.42222086588542	48	24	0
23	8	4.14444308810764	391	9	0
23	8	1.63333468967014	166	20	0
23	10	0.0444471571180556	249	26	0
23	11	1.61111111111111	367	27	0
23	13	0.822224934895833	303	17	0
23	11	4.87778049045139	255	28	0
23	13	6.63333468967014	235	28	0
23	15	2.14444308810764	281	18	0
23	15	7.24444580078125	927	14	0
23	16	2.55555555555556	119	25	0
23	17	4.71111382378472	198	22	0
23	19	3.13332790798611	270	20	0
23	21	0.933336046006944	216	20	0
23	22	3.94019871132048	351	79	0
23	5	1.22222222222222	162	23	0
23	3	6.57777743869358	247	22	0
23	3	1.38888888888889	34	28	0
23	5	1.11111111111111	178	25	0
23	6	6.84444512261285	165	29	0
23	8	1.77777777777778	68	61	0
23	19	4.18888346354167	160	17	0
23	18	2.26666937934028	192	22	0
23	17	1.77777777777778	316	27	0
23	19	2.477783203125	276	18	0
23	20	1.70000542534722	858	13	0
23	21	2.74443901909722	135	22	0
23	22	4.93235030828739	93	62	0
23	10	3.68889024522569	114	30	0
23	7	3.85555691189236	304	11	0
23	8	0.577779134114583	109	28	0
23	10	3.04444715711806	241	26	0
23	12	0.733330620659722	205	26	0
23	13	10.3666653103299	227	23	0
23	15	3.87778049045139	703	0	2
135	2	1.38888888888889	184	14	1
135	3	1.36666700575087	214	20	0
135	3	7.56666734483507	115	21	0
135	5	1.56666734483507	262	14	0
135	6	0.822221544053819	169	24	0
135	7	1.31110975477431	504	16	0
135	8	0.522223578559028	362	21	0
135	10	1.05555555555556	220	27	0
135	11	4.42222086588542	222	25	0
135	13	6.35555691189236	315	23	0
135	14	3.14444308810764	403	25	0
135	15	6.96666802300347	220	27	0
135	17	0.0444471571180556	269	21	0
135	19	0.0333387586805556	231	14	0
135	19	3.27777777777778	331	21	0
135	20	5.477783203125	296	32	0
135	16	4.28888617621528	357	32	0
135	20	1	312	10	0
135	20	3	121	31	0
135	16	2.39999728732639	208	67	0
135	5	1.78888956705729	138	25	0
135	3	5.03333367241753	373	23	0
135	5	2.34444512261285	370	13	0
135	4	3.7999996609158	335	11	0
135	4	0.733334011501736	199	21	0
135	6	0.533331976996528	189	27	0
135	7	2.0999993218316	222	14	0
135	8	0.522223578559028	514	11	0
135	7	3.94444444444444	261	18	0
135	9	0.366665310329861	275	26	0
135	10	6.22222222222222	324	22	0
135	12	0.433336046006944	819	19	0
135	13	0.566663953993055	197	18	0
135	13	7.34444173177083	293	22	0
135	12	2.71111382378472	302	18	0
135	11	1.72222222222222	276	18	0
135	12	1.19999864366319	161	28	0
135	14	0.822224934895833	210	14	0
135	14	4.16666666666667	150	29	0
135	15	9.33333333333333	196	20	0
135	16	4.62221950954861	187	27	0
135	19	2.22222222222222	227	23	0
135	21	0.0666639539930556	78	0	2
103	2	2.58888922797309	199	17	1
103	3	3.95555623372396	156	20	0
103	5	1.01111178927951	238	18	0
103	6	3.11111111111111	291	20	0
103	7	0.122222900390625	253	23	0
103	8	3.24444580078125	596	19	0
103	9	0.866665310329861	491	12	0
103	9	5.0111083984375	261	23	0
103	11	2	188	10	0
103	10	3.5111083984375	263	21	0
103	12	0.788886176215278	257	19	0
103	13	3.60000271267361	280	21	0
103	14	1.96666802300347	154	21	0
103	15	3.45555284288194	673	20	0
103	16	2.45555284288194	134	20	0
103	17	1.13333468967014	213	20	0
103	18	0.666666666666667	295	18	0
103	19	2.75556098090278	256	14	0
103	20	0.166666666666667	183	21	0
103	21	3.79999457465278	250	75	0
103	6	4.67777845594618	108	30	0
103	4	0.311111450195312	236	24	0
103	6	3.17777845594618	179	26	0
103	7	3.5999993218316	402	15	0
103	6	8.19999864366319	218	27	0
103	8	3.96666802300347	228	58	0
103	18	3.58888753255208	146	10	0
103	18	1.4888916015625	149	21	0
103	17	1.03333197699653	180	17	0
103	16	4.95555284288194	198	26	0
103	15	1.87778049045139	606	19	0
103	15	6.60000271267361	185	20	0
103	16	6.45555284288194	116	26	0
103	14	4.4888916015625	279	26	0
103	16	2.34444173177083	417	18	0
103	16	7.92222086588542	128	20	0
103	17	5.97777642144097	146	18	0
103	19	1.44444444444444	268	18	0
103	20	0.811116536458333	192	21	0
103	21	3.83333333333333	476	63	0
103	9	2.37777709960938	198	18	0
103	8	6.23333401150174	226	26	0
103	10	0.699998643663194	157	27	0
103	12	3.5	226	22	0
103	13	7.69999864366319	258	25	0
103	15	4.15555826822917	123	29	0
103	17	5.68889024522569	241	0	2
151	2	5.62222290039062	196	20	1
151	4	1.75555589463976	189	23	0
151	6	0.722222222222222	244	24	0
151	7	0	240	20	0
151	8	0.866665310329861	167	23	0
151	6	8.80000135633681	253	24	0
151	8	1.75555419921875	420	15	0
151	8	4.77777777777778	799	16	0
151	8	6.72222222222222	181	24	0
151	9	3.39999728732639	249	23	0
151	11	0.811109754774306	197	27	0
151	13	0.211113823784722	223	23	0
151	13	10.7888861762153	366	16	0
151	13	7.55555555555556	202	21	0
151	14	3.72222222222222	374	24	0
151	16	1.15555826822917	190	24	0
151	17	0.577779134114583	149	23	0
151	15	4.52222357855903	166	28	0
151	17	0.933336046006944	152	23	0
151	19	0.200005425347222	189	21	0
151	19	7.72222222222222	246	20	0
151	20	4.53333875868056	183	22	0
151	19	5.41110568576389	222	25	0
151	20	5.23333062065972	107	72	0
151	6	5.95555623372396	110	27	0
151	5	1.14444478352865	305	24	0
151	6	5.15555487738715	146	18	0
151	7	2.43333265516493	232	21	0
151	8	3.41111246744792	195	59	0
151	18	1.54444715711806	284	25	0
151	16	3.21111382378472	188	17	0
151	15	3.5	256	23	0
151	16	6.16666666666667	218	21	0
151	18	1.52222357855903	212	20	0
151	19	4.03333875868056	253	22	0
151	20	1.96666124131944	777	17	0
151	21	0.544447157118056	273	26	0
151	19	5.68888346354167	182	68	0
151	7	4.71111043294271	194	20	0
151	6	5.83333333333333	302	18	0
151	6	0.0111117892795139	226	26	0
151	7	3.19999864366319	237	26	0
151	8	5.81110975477431	258	52	0
151	15	2.47777642144097	278	16	0
151	14	3.13333468967014	404	24	0
151	15	5.46666802300347	209	25	0
151	16	6.32222493489583	126	26	0
151	18	3.44444444444444	237	21	0
151	19	5.89999728732639	227	26	0
151	20	5.14444986979167	351	58	0
151	14	0.544447157118056	45	37	0
151	9	3.89999728732639	168	37	0
151	5	2.98888821072049	206	25	0
151	3	0.144444783528646	145	19	0
151	2	1.71111128065321	228	24	0
151	4	0.266665988498264	187	24	0
151	6	1.96666802300347	267	22	0
151	7	2.9000006781684	494	63	0
151	18	1.5111083984375	260	19	0
151	16	7.0111083984375	203	20	0
151	16	0.444444444444444	116	32	0
151	19	3.23333062065972	173	67	0
151	8	4.57777913411458	397	27	0
151	10	4.64444308810764	187	27	0
151	13	1.35555691189236	242	26	0
151	13	10.7555541992188	552	16	0
151	14	4.27777777777778	496	30	0
151	16	4.15555826822917	225	20	0
151	15	4.08888753255208	128	30	0
151	13	5.56666395399306	487	43	0
151	8	3.92222086588542	133	29	0
151	6	6.82222154405382	297	54	0
151	14	5.5	136	29	0
151	16	7.53333197699653	314	27	0
151	19	1.57777235243056	209	14	0
151	19	5.17777506510417	111	53	0
151	12	0.788886176215278	182	18	0
151	11	0.766669379340278	222	26	0
151	13	0.544447157118056	220	28	0
151	10	1.16666666666667	313	29	0
151	8	2.01111178927951	739	9	0
151	7	5.13333468967014	284	78	0
151	22	1.31666148792614	75	0	2
142	2	4.26666598849826	182	22	1
142	4	1.55555555555556	226	17	0
142	3	1.01111178927951	355	20	0
142	4	2.78888956705729	352	13	0
142	3	3.11111111111111	143	25	0
142	6	2.84444512261285	212	9	0
142	6	5.52222357855903	126	26	0
142	8	0.711110432942708	313	12	0
142	7	3.01111178927951	326	18	0
142	8	3.13333468967014	601	21	0
142	9	3.83333333333333	243	15	0
142	10	4.08888753255208	151	26	0
142	12	2.26666937934028	365	8	0
142	12	0.633334689670139	101	31	0
142	15	3.17777506510417	265	12	0
142	15	0.0777791341145833	285	25	0
142	15	9	580	30	0
142	16	7.19999864366319	257	31	0
142	17	8.72222222222222	278	19	0
142	19	0.977783203125	174	22	0
142	20	4.73333062065972	243	17	0
142	19	3.66666666666667	211	23	0
142	20	5.67777506510417	157	21	0
142	22	1.33333333333333	152	26	0
142	18	2.76666937934028	244	23	0
142	20	3.95555284288194	164	22	0
142	22	1.25556098090278	79	44	0
142	16	5.97777642144097	117	71	0
142	4	2.35555521647135	113	22	0
142	2	4.86666700575087	242	233	0
142	5	2.17777845594618	229	17	0
142	4	3.04444376627604	269	23	0
142	6	2.66666666666667	469	24	0
142	4	0.611111111111111	214	13	0
142	3	1.64444478352865	258	22	0
142	4	4.21111043294271	257	25	0
142	6	2.43333265516493	140	27	0
142	2	6.86666700575087	253	22	0
142	4	2.93333265516493	504	19	0
142	6	1.08888753255208	412	17	0
142	6	5.52222357855903	176	23	0
142	7	4.35555691189236	202	15	0
142	8	2.38888888888889	449	19	0
142	10	1.86666531032986	217	28	0
142	13	1.9888916015625	211	27	0
142	15	8.55555555555556	315	25	0
142	14	0.722222222222222	162	30	0
142	10	7.80000135633681	202	18	0
142	10	2.25555419921875	247	35	0
142	15	4.21111382378472	148	30	0
142	16	4.94444444444444	274	26	0
142	17	5.44444444444444	247	24	0
142	19	2.88888888888889	217	20	0
142	20	4.54444715711806	297	11	0
142	20	7.58889431423611	203	18	0
142	22	2.022216796875	187	20	0
142	20	6.022216796875	179	29	0
142	17	6.11111111111111	145	65	0
142	6	7.85555691189236	144	16	0
142	7	2.22222222222222	137	25	0
142	9	0.955556233723958	143	25	0
142	11	0.522223578559028	203	27	0
142	13	3.12221950954861	338	25	0
142	15	4.71111382378472	217	0	2
129	2	3.06666649712457	163	20	1
129	3	4.02222188313802	279	23	0
129	4	4.93333265516493	172	23	0
129	6	5.55555555555556	253	26	0
129	8	1.16666666666667	736	239	0
129	6	2.96666802300347	109	31	0
129	3	1.4000006781684	429	20	0
129	4	0.755555894639757	177	26	0
129	6	0.866665310329861	178	28	0
129	7	4.47777642144097	292	26	0
129	8	8.44444444444444	220	29	0
129	10	5.93333604600694	569	22	0
129	12	0.0888875325520833	245	26	0
129	13	4.67777506510417	200	19	0
129	12	2.26666937934028	353	10	0
129	11	4.55555555555556	153	31	0
129	15	0.122219509548611	234	16	0
129	15	4.67777506510417	441	16	0
129	16	0.711113823784722	153	30	0
129	17	2.97777642144097	274	24	0
129	19	2.60000271267361	242	16	0
129	20	2.63332790798611	142	23	0
129	22	1.31111653645833	392	34	0
129	17	6.72222222222222	232	20	0
129	16	6.61111111111111	127	67	0
129	4	1.47777811686198	202	16	0
129	3	6.7000003390842	203	23	0
129	6	2.13333468967014	190	28	0
129	3	7.64444478352865	134	19	0
129	3	1.67777845594618	209	27	0
129	5	0.666666666666667	255	21	0
129	6	2.06666734483507	384	23	0
129	7	2.44444444444444	263	23	0
129	8	5.15555487738715	597	21	0
129	9	1.66666666666667	149	29	0
129	11	2.26666937934028	103	32	0
129	15	3.35555691189236	166	27	0
129	16	3.25555419921875	201	23	0
129	15	3.23333062065972	237	31	0
129	17	0.166666666666667	164	26	0
129	18	1.04444715711806	122	24	0
129	20	2.63332790798611	171	25	0
129	21	5.78888617621528	147	21	0
129	23	3.44444444444444	227	23	0
129	21	3.35555013020833	215	24	0
129	19	3.07777235243056	136	51	0
129	13	1.21111382378472	129	57	0
129	5	2.01111178927951	348	27	0
129	7	0.0333319769965278	170	26	0
129	8	2.83333333333333	173	26	0
129	9	3.72222222222222	187	28	0
129	11	3.62221950954861	255	26	0
129	13	3.37778049045139	274	25	0
129	15	1.91111246744792	236	17	0
129	14	0.966668023003472	277	22	0
129	15	5.08888753255208	206	56	0
129	7	2.24444580078125	182	23	0
129	6	1.36666531032986	179	54	0
129	15	4.61111111111111	144	25	0
129	16	3.83333333333333	249	27	0
129	17	6.43333604600694	206	24	0
129	20	2.95555284288194	313	21	0
129	21	4.67777506510417	408	25	0
129	23	3.95555284288194	143	54	0
129	14	0.5111083984375	160	22	0
129	12	3.86666531032986	224	24	0
129	10	7.64444308810764	394	32	0
129	8	5.42222086588542	454	0	2
87	3	1.82222154405382	250	14	1
87	4	1.57777743869358	115	23	0
87	5	3.54444376627604	202	17	0
87	6	4.44444444444444	347	21	0
87	7	3.87777709960938	335	18	0
87	6	6.87777709960938	241	24	0
87	8	1.25555419921875	153	22	0
87	6	7.91111246744792	269	25	0
87	8	0.477776421440972	237	10	0
87	8	2.68889024522569	261	18	0
87	9	0.177778455946181	241	11	0
87	8	5.78888956705729	235	18	0
87	10	0.166666666666667	236	18	0
87	10	6.52222357855903	155	21	0
87	11	5.71111382378472	202	21	0
87	13	2.9888916015625	510	21	0
87	14	4.84444173177083	200	25	0
87	15	3.89999728732639	674	22	0
87	14	5.5	222	25	0
87	15	6.15555826822917	134	24	0
87	16	6.21111382378472	172	23	0
87	18	1.64444308810764	221	21	0
87	19	4.74443901909722	207	21	0
87	21	2.03333875868056	377	17	0
87	22	2.77777777777778	79	70	0
87	6	3.47777642144097	149	23	0
87	4	3.28888956705729	247	24	0
87	6	4.25555419921875	152	30	0
87	3	2.47777811686198	324	25	0
87	5	2.55555555555556	193	27	0
87	7	2	708	19	0
87	8	3.03333197699653	289	25	0
87	10	1.5	322	26	0
87	11	3.82222493489583	156	26	0
87	13	4.69999864366319	238	21	0
87	14	6.88888888888889	155	23	0
87	15	4.56666395399306	220	19	0
87	16	4.37778049045139	201	23	0
87	18	1.61111111111111	137	25	0
87	19	4.58889431423611	289	25	0
87	21	3.63332790798611	570	11	0
87	21	0.888888888888889	107	0	2
84	2	3.16666666666667	182	20	1
84	3	4.75555589463976	252	17	0
84	4	4.03333367241753	248	19	0
84	6	1.54444376627604	223	11	0
84	6	4.74444580078125	216	18	0
84	7	3.38888888888889	431	20	0
84	8	5	817	24	0
84	10	2.39999728732639	585	20	0
84	11	3.61111111111111	187	24	0
84	13	4.74444580078125	294	17	0
84	14	0.477776421440972	212	37	0
84	9	0.777777777777778	184	10	0
84	8	4.64444308810764	138	18	0
84	7	3.34444512261285	117	34	0
84	10	3.45555284288194	173	28	0
84	12	3.66666666666667	190	15	0
84	11	4.11111111111111	209	25	0
84	13	4.16666666666667	148	27	0
84	14	5.02222357855903	174	24	0
84	15	5.62221950954861	270	24	0
84	16	1.86666531032986	199	21	0
84	17	3.82222493489583	145	23	0
84	19	3.23333062065972	294	23	0
84	21	3.12221950954861	299	79	0
84	3	7.62222290039062	152	19	0
84	3	1.82222154405382	343	25	0
84	5	0.58888922797309	247	20	0
84	4	0.188888549804688	199	18	0
84	3	3.27777777777778	261	25	0
84	5	0.133332994249132	325	22	0
84	3	5.51111178927951	260	21	0
84	4	3.02222188313802	265	20	0
84	5	3.22222222222222	454	227	0
84	4	3.38888888888889	157	8	0
84	4	3.74444410536024	247	23	0
84	3	3.7000003390842	565	22	0
84	4	3.2999996609158	488	25	0
84	3	5.0999993218316	504	19	0
84	4	3.42222256130642	157	23	0
84	6	2.44444444444444	232	25	0
84	7	5.69999864366319	200	26	0
84	9	0.977776421440972	180	25	0
84	10	4.15555826822917	337	19	0
84	11	3.43333604600694	479	24	0
84	13	4.87778049045139	243	35	0
84	8	4.26666598849826	409	39	0
84	13	8.36666531032986	496	24	0
84	15	6.02222357855903	460	24	0
84	16	3.33333333333333	250	66	0
84	6	3.86666531032986	168	68	0
84	15	9.18889024522569	65	28	0
84	18	0.300001356336806	167	27	0
84	19	5.31111653645833	272	14	0
84	20	2.92222764756944	172	60	0
84	10	2.23333062065972	155	24	0
84	8	1.54444376627604	394	27	0
84	10	1.63333468967014	149	25	0
84	12	0.222222222222222	170	25	0
84	13	7.06666395399306	796	52	0
84	6	2.21111043294271	181	17	0
84	5	3.05555555555556	166	55	0
84	15	7.12221950954861	312	25	0
84	16	4.24444580078125	161	31	0
84	19	5.10000271267361	114	0	2
62	3	4.33333333333333	150	19	1
62	5	0.266665988498264	200	18	0
62	6	2.31110975477431	326	18	0
62	7	2.28888956705729	125	20	0
62	6	1.07777913411458	300	14	0
62	6	5.26666598849826	188	24	0
62	8	1.96666802300347	395	16	0
62	8	6.71111043294271	214	22	0
62	10	3.95555284288194	463	17	0
62	9	3.62222290039062	170	24	0
62	10	7.80000135633681	155	20	0
62	12	1.06666395399306	206	21	0
62	14	0.399997287326389	158	24	0
62	15	6.88888888888889	434	22	0
62	16	0.811109754774305	145	24	0
62	17	0.133334689670139	211	20	0
62	18	0.911112467447917	125	25	0
62	20	1.79999457465278	293	23	0
62	21	1.75556098090278	237	36	0
62	18	0.811109754774306	164	20	0
62	16	5.96666802300347	117	69	0
62	3	5.25555589463976	206	15	0
62	3	0.366667005750868	185	29	0
62	6	0.388888888888889	724	21	0
62	7	2.24444580078125	197	16	0
62	8	1.35555691189236	281	24	0
62	9	1.03333197699653	286	23	0
62	10	5.60000271267361	97	40	0
62	15	13.6777750651042	252	21	0
62	15	7.05555555555556	196	18	0
62	15	0.833333333333333	226	19	0
62	13	4.31110975477431	67	57	0
62	3	4.78888956705729	300	50	0
62	9	0.644443088107639	202	23	0
62	7	5.28888956705729	216	19	0
62	6	5.36666531032986	164	18	0
62	5	3.34444512261285	225	28	0
62	7	5.04444376627604	333	40	0
62	12	2.92222086588542	159	28	0
62	14	3.15555826822917	155	23	0
62	15	5.84444173177083	270	25	0
62	16	3.43333604600694	262	21	0
62	17	3.13333468967014	182	44	0
62	13	1.93333604600694	70	40	0
62	17	0.199998643663194	217	22	0
62	18	0.522223578559028	130	25	0
62	20	0.0111083984375	171	24	0
62	20	10.2999945746528	314	18	0
62	22	1.5	301	13	0
62	23	1.69849002722539	213	37	0
62	18	2.57777913411458	132	55	0
62	11	2	116	31	0
62	8	4.44444444444444	250	22	0
62	9	3.45555623372396	134	26	0
62	8	2.86666531032986	95	35	0
62	11	4.25555419921875	183	24	0
62	13	3.53333197699653	99	29	0
62	15	7.45555284288194	207	24	0
62	16	1.76666937934028	206	7	0
62	16	3.86666531032986	264	18	0
62	17	3.41111246744792	817	11	0
62	17	1.9888916015625	78	0	2
36	3	5.34444512261285	167	21	1
36	5	0.377777099609375	192	22	0
36	6	3.74444580078125	198	23	0
36	8	3.93333265516493	220	21	0
36	10	0	251	24	0
36	10	9.52222357855903	210	23	0
36	12	2.95555284288194	179	22	0
36	14	1.85555691189236	248	19	0
36	14	6.76666937934028	156	24	0
36	15	6.06666395399306	191	19	0
36	16	5.26666937934028	212	23	0
36	17	5.11111111111111	227	24	0
36	19	4.62221950954861	220	26	0
36	21	0.911105685763889	350	17	0
36	22	2.70000256990132	166	86	0
36	3	4.65555487738715	412	22	0
36	5	1.47777642144097	217	20	0
36	7	1.01111178927951	249	22	0
36	8	2.80000135633681	784	18	0
36	8	6.38888888888889	165	25	0
36	10	6.25555419921875	163	20	0
36	11	0.899997287326389	134	24	0
36	12	3.95555284288194	196	10	0
36	13	2.57777913411458	172	15	0
36	14	0.911112467447917	144	17	0
36	14	5.86666531032986	247	22	0
36	15	5.14444308810764	606	20	0
36	16	3.82222493489583	768	18	0
36	15	5.21111382378472	228	58	0
36	8	0.711110432942708	75	52	0
36	17	0.633334689670139	324	23	0
36	18	3.93333604600694	264	24	0
36	16	5.85555691189236	273	18	0
36	17	4.39999728732639	161	23	0
36	19	4.4888916015625	138	20	0
36	20	1.34444173177083	127	74	0
36	4	1.63333299424913	295	20	0
36	6	0.599999321831597	144	27	0
36	3	4.77777777777778	126	31	0
36	7	1.19999864366319	353	59	0
36	17	2.95555284288194	594	15	0
36	16	4.9888916015625	380	19	0
36	15	5.82222493489583	188	25	0
36	17	4.23333062065972	129	27	0
36	19	4.08889431423611	242	12	0
36	19	7.42222764756944	213	20	0
36	21	1.38888888888889	386	15	0
36	22	1.63684724506579	157	38	0
36	19	0.0111083984375	154	28	0
36	15	6.0111083984375	173	48	0
36	10	7.28888617621528	162	24	0
36	10	0.0222235785590278	319	25	0
36	11	0.211113823784722	167	31	0
36	13	3.46666802300347	333	32	0
36	10	5.46666802300347	266	23	0
36	8	5.32222154405382	202	34	0
36	11	4.92222086588542	268	29	0
36	13	5.80000135633681	187	26	0
36	15	0.433336046006944	313	0	2
148	2	3.11111111111111	197	18	1
148	3	4.92222256130642	133	24	0
148	4	4.69999864366319	195	20	0
148	6	2.87777709960938	505	14	0
148	6	7.18889024522569	200	19	0
148	7	5.45555623372396	591	15	0
148	8	2.48888821072049	267	23	0
148	9	1.5111083984375	203	21	0
148	10	3.21111382378472	282	20	0
148	11	4.26666937934028	215	22	0
148	13	1.80000135633681	342	7	0
148	13	3.14444308810764	271	13	0
148	13	0.922220865885417	235	21	0
148	14	2.25555419921875	240	22	0
148	15	3.69999864366319	219	24	0
148	16	1.76666937934028	187	16	0
148	16	7.36666531032986	136	22	0
148	18	0.633327907986111	228	23	0
148	19	4.95555284288194	347	18	0
148	19	11.1444498697917	165	21	0
148	20	2.54444715711806	301	8	0
148	21	1.26363118489584	195	14	0
148	21	1.52878270004736	80	85	0
148	2	3.4000006781684	167	8	0
148	3	0.333333333333333	214	27	0
148	4	3.25555589463976	224	22	0
148	6	2.06666734483507	273	22	0
148	6	9.98888821072049	712	17	0
148	7	4.66666666666667	317	17	0
148	7	1.07777913411458	284	19	0
148	8	1.44444444444444	489	27	0
148	9	2.57777913411458	230	19	0
148	10	4.21111382378472	139	34	0
148	13	5.71111382378472	465	23	0
148	14	5.58888753255208	134	24	0
148	15	5.53333197699653	188	23	0
148	16	4.32222493489583	215	24	0
148	17	5.21111382378472	208	22	0
148	19	4.77777777777778	370	19	0
148	19	10.2333306206597	343	78	0
148	8	0.911112467447917	144	17	0
148	8	1.0999993218316	267	24	0
148	10	0.0222235785590278	205	24	0
148	11	1.91111246744792	159	24	0
148	13	3.04444715711806	216	25	0
148	15	0.277777777777778	216	13	0
148	14	5.33333333333333	196	25	0
148	15	5.93333604600694	153	0	2
30	2	2.84444427490234	157	23	1
30	3	8.02222188313802	355	12	0
30	3	5.62222290039062	148	23	0
30	2	3.63333299424913	215	24	0
30	3	8.18888854980469	299	18	0
30	5	1.13333468967014	227	23	0
30	3	5.51111178927951	313	28	0
30	5	2.62222290039062	208	22	0
30	6	4.62222290039062	161	21	0
30	5	0.366665310329861	173	31	0
30	6	5.30000135633681	130	22	0
30	7	2.05555555555556	379	19	0
30	8	0.955556233723958	476	19	0
30	9	0.611111111111111	181	17	0
30	10	1.68889024522569	147	23	0
30	8	2.34444512261285	169	24	0
30	10	1.38888888888889	257	23	0
30	11	4.89999728732639	180	25	0
30	13	4.32222493489583	201	27	0
30	15	0.466668023003472	151	24	0
30	15	5.42222086588542	174	24	0
30	16	3.92222086588542	368	16	0
30	17	0.899997287326389	76	20	0
30	17	5.60000271267361	124	24	0
30	19	3.14444986979167	261	14	0
30	18	1.15555826822917	179	21	0
30	19	3.38888888888889	146	23	0
30	22	0.688883463541667	206	18	0
30	23	2.6857169015067	214	83	0
30	3	0.866667005750868	76	23	0
30	1	0.851724295780576	211	22	0
30	3	2.14444478352865	162	20	0
30	3	8.45555623372396	183	22	0
30	5	2.22222222222222	209	24	0
30	6	6.36666531032986	332	54	0
30	16	6.25555419921875	186	8	0
30	16	4.17777506510417	265	24	0
30	15	5.80000135633681	273	32	0
30	16	6.80000135633681	288	25	0
30	18	0.211113823784722	303	16	0
30	17	2.13333468967014	431	19	0
30	18	0.911112467447917	178	24	0
30	20	3.43333604600694	310	17	0
30	21	2.93333604600694	210	18	0
30	23	1.34643118722099	297	70	0
30	9	0.522223578559028	113	29	0
30	6	7.24444580078125	245	12	0
30	7	1.01111178927951	190	19	0
30	8	2.65555487738715	209	22	0
30	10	3.45555284288194	252	25	0
30	13	1.92222086588542	309	27	0
30	15	1.39999728732639	589	27	0
30	13	1.64444308810764	205	25	0
30	10	5.05555555555556	66	29	0
30	8	1.71111043294271	384	24	0
30	10	0.74444580078125	353	25	0
30	12	2.75555419921875	373	17	0
30	13	4.73333062065972	271	27	0
30	15	4.74444580078125	257	22	0
30	16	0.355556911892361	332	18	0
30	16	5.06666395399306	148	20	0
30	17	2.92222086588542	301	20	0
30	16	3.68889024522569	166	25	0
30	15	3.83333333333333	198	30	0
30	16	4.13333468967014	751	70	0
30	3	8.2999996609158	123	22	0
30	3	2.53333367241753	224	27	0
30	5	1.05555555555556	200	53	0
30	15	3.05555555555556	143	24	0
30	16	3.75555419921875	269	23	0
30	17	1.66666666666667	415	16	0
30	17	6.46666802300347	163	25	0
30	20	1.4888916015625	200	24	0
30	22	1.0111083984375	278	53	0
30	14	2.87778049045139	113	38	0
30	9	2.32222154405382	337	29	0
30	12	2.80000135633681	147	26	0
30	14	1.26666937934028	194	30	0
30	15	10.7111138237847	885	0	2
164	2	3.71111043294271	141	19	1
164	4	1.5	165	22	0
164	6	1.71111043294271	290	19	0
164	7	0.177778455946181	393	21	0
164	7	5.37777709960938	242	11	0
164	8	1.24444580078125	250	22	0
164	10	1.17777845594618	587	19	0
164	10	5.32222154405382	226	18	0
164	11	2.75555419921875	236	18	0
164	10	5.48888821072049	207	25	0
164	12	1.67777506510417	145	24	0
164	14	0.122219509548611	344	23	0
164	15	0.0333319769965278	149	14	0
164	15	4.18889024522569	168	24	0
164	16	3.38888888888889	170	23	0
164	17	4.58888753255208	194	21	0
164	19	1.76666937934028	280	19	0
164	20	2.69999864366319	238	18	0
164	22	0.99285452706474	258	18	0
164	20	2.33333333333333	411	54	0
164	15	2.88888888888889	74	63	0
164	6	3.42222086588542	182	9	0
164	6	1.13333468967014	174	24	0
164	4	1.51111178927951	290	11	0
164	3	3.2000003390842	124	32	0
164	7	3.80000135633681	391	56	0
164	17	5.75555419921875	193	13	0
164	17	3.16666666666667	129	27	0
164	15	7.80000135633681	326	27	0
164	19	0.444444444444444	230	17	0
164	17	5.10000271267361	172	25	0
164	20	1.46666802300347	185	17	0
164	21	3.55555555555556	129	54	0
164	10	7.12221950954861	108	33	0
164	7	0.955556233723958	423	128	0
164	9	0.644443088107639	192	24	0
164	10	3.74444580078125	179	23	0
164	11	5.32222493489583	168	22	0
164	13	3.9888916015625	240	27	0
164	15	1.76666937934028	159	17	0
164	15	5.80000135633681	137	20	0
164	16	6.03333197699653	160	25	0
164	18	3.65555826822917	183	59	0
164	7	2.16666666666667	217	55	0
164	16	6.66666666666667	147	27	0
164	20	0.444444444444444	246	0	2
158	3	0.888888888888889	165	22	1
158	4	1.83333333333333	195	24	0
158	6	2.18889024522569	306	22	0
158	6	10.5999993218316	266	20	0
158	7	5.9000006781684	266	23	0
158	8	6.56666395399306	576	25	0
158	10	0.233330620659722	94	35	0
158	12	0.0111083984375	281	20	0
158	10	8.28888617621528	64	35	0
158	9	1.33333333333333	202	22	0
158	10	5.39999728732639	147	26	0
158	11	4.78888617621528	162	23	0
158	13	3.69999864366319	136	23	0
158	14	2.19999864366319	123	22	0
158	15	3.75555419921875	239	17	0
158	16	1.14444308810764	208	26	0
158	17	1.477783203125	220	15	0
158	16	6.89999728732639	197	21	0
158	17	4.28888617621528	145	25	0
158	19	0.188883463541667	289	20	0
158	20	2.84444173177083	230	19	0
158	18	2.477783203125	251	20	0
158	20	3.33333333333333	141	80	0
158	5	3.0999993218316	70	26	0
158	3	7.45555623372396	276	18	0
158	3	2.02222188313802	208	25	0
158	5	1.21111043294271	299	22	0
158	6	3	126	68	0
158	17	8.66666666666667	231	15	0
158	17	3.91110568576389	125	23	0
158	16	3.4888916015625	381	20	0
158	17	0.266669379340278	191	15	0
158	17	5.21111382378472	142	26	0
158	20	0.777777777777778	171	26	0
158	20	7.22222222222222	70	63	0
158	8	0.277777777777778	179	19	0
158	7	0.300001356336806	300	33	0
158	9	1.54444715711806	195	24	0
158	10	5.28888617621528	102	28	0
158	12	2.07777913411458	228	23	0
158	13	6.41111246744792	412	23	0
158	15	2.06666395399306	863	48	0
158	9	2.82222493489583	143	27	0
158	8	1.4000006781684	304	34	0
158	10	9.5111083984375	288	27	0
158	13	6.63333468967014	173	23	0
158	15	5.25555419921875	170	0	2
55	3	0.177778455946181	176	18	1
55	3	4.57777743869358	267	20	0
55	4	1.78888956705729	157	17	0
55	3	3.88888888888889	199	24	0
55	4	4.93333265516493	192	24	0
55	6	3.35555691189236	628	15	0
55	6	7.62222290039062	203	22	0
55	8	0.511111789279514	564	17	0
55	8	4.58888753255208	221	25	0
55	9	2.19999864366319	180	19	0
55	10	5.04444715711806	205	21	0
55	11	3.13333468967014	167	23	0
55	13	1.61111111111111	252	19	0
55	13	7.32222493489583	180	20	0
55	14	4.42222086588542	240	23	0
55	15	3.94444444444444	166	26	0
55	16	5.43333604600694	252	15	0
55	17	2.07777235243056	166	22	0
55	19	2.11111111111111	220	15	0
55	20	0.655558268229167	207	17	0
55	21	2.41110568576389	379	16	0
55	22	1.70833079020182	453	86	0
55	4	0.744444105360243	124	23	0
55	2	3.31111145019531	307	24	0
55	3	6.04444376627604	101	24	0
55	2	0.733333163791233	219	8	0
55	1	2.65172445363012	387	17	0
55	3	1.01111178927951	263	19	0
55	4	0.311111450195312	178	22	0
55	5	3.47777642144097	701	14	0
55	6	4.16666666666667	209	27	0
55	8	0.688890245225694	361	22	0
55	8	7.28888956705729	399	30	0
55	10	7.06666395399306	136	32	0
55	14	1.66666666666667	299	27	0
55	15	3.61111111111111	235	26	0
55	16	3.17777506510417	464	28	0
55	18	0.0555555555555556	164	23	0
55	20	0.0111083984375	236	14	0
55	21	1.07777235243056	171	66	0
55	15	2.05555555555556	170	19	0
55	14	4.16666666666667	252	19	0
55	15	1.23333062065972	161	17	0
55	14	5.27777777777778	179	37	0
55	17	2.94444444444444	238	12	0
55	17	5.27777777777778	453	17	0
55	19	3.37778049045139	331	19	0
55	21	0.766669379340278	180	63	0
55	10	6.17777506510417	63	34	0
55	7	5.35555691189236	201	26	0
55	6	3.46666802300347	223	23	0
55	4	1.47777811686198	213	41	0
55	7	3.95555623372396	185	11	0
55	7	1.21111043294271	151	29	0
55	9	1.73333062065972	200	22	0
55	10	4.84444173177083	225	27	0
55	12	1.02222357855903	156	24	0
55	13	5.55555555555556	419	21	0
55	12	0.277777777777778	314	22	0
55	13	5.35555691189236	336	47	0
55	7	3.93333265516493	170	26	0
55	6	1.44444444444444	179	63	0
55	15	6.72222222222222	217	19	0
55	16	3.75555419921875	375	26	0
55	17	5.42222764756944	139	20	0
55	19	3.23333062065972	143	22	0
55	17	2.10000271267361	215	22	0
55	19	1.26666937934028	169	21	0
55	21	1.23333062065972	193	53	0
55	11	5.60000271267361	141	21	0
55	10	7.02222357855903	477	24	0
55	11	5.92222086588542	225	27	0
55	9	2.47777642144097	222	19	0
55	8	6.22222222222222	224	31	0
55	10	9.83333333333333	126	30	0
55	13	5.4888916015625	155	26	0
55	14	7.93333604600694	121	0	2
100	3	0.355555216471354	160	13	1
100	3	4.73333401150174	142	23	0
100	4	4.55555555555556	179	24	0
100	6	3.30000135633681	295	25	0
100	7	1.12222290039062	518	19	0
100	8	2.65555487738715	732	26	0
100	10	0.166666666666667	147	33	0
100	13	3.65555826822917	192	28	0
100	15	1.65555826822917	224	24	0
100	16	1.67777506510417	200	17	0
100	16	6.29999457465278	66	33	0
100	14	5.05555555555556	322	29	0
100	15	5.97777642144097	117	24	0
100	16	6.53333875868056	190	25	0
100	19	4.18888346354167	289	18	0
100	20	2.81111653645833	150	21	0
100	22	1.01429094587054	371	20	0
100	20	2.70000542534722	201	24	0
100	17	2.0111083984375	178	25	0
100	20	1.31111653645833	120	25	0
100	21	3.92222764756944	396	76	0
100	6	4.86666531032986	210	11	0
100	6	2.58888753255208	183	25	0
100	7	5.4000006781684	317	25	0
100	8	10.1888902452257	144	28	0
100	10	6.16666666666667	321	18	0
100	11	3.89999728732639	145	26	0
100	13	6.04444715711806	296	22	0
100	14	3.62221950954861	379	60	0
100	5	1.02222357855903	150	25	0
100	3	6.61111111111111	384	25	0
100	6	0.522223578559028	531	26	0
100	6	9.9000006781684	241	25	0
100	8	2.94444444444444	204	31	0
100	10	3.25555419921875	271	22	0
100	11	3.69999864366319	189	26	0
100	13	4.05555555555556	224	29	0
100	14	4.85555691189236	251	24	0
100	15	5.60000271267361	135	26	0
100	16	5.4888916015625	188	30	0
100	19	4.88888888888889	339	25	0
100	21	1.477783203125	683	23	0
100	20	0.100002712673611	333	24	0
100	16	6.0111083984375	145	65	0
100	7	2.4000006781684	159	25	0
100	6	3.68889024522569	269	28	0
100	8	0.288889567057292	152	60	0
100	17	2.477783203125	158	17	0
100	19	2.61111111111111	211	23	0
100	16	2.42222086588542	171	53	0
100	10	2.21111382378472	325	22	0
100	8	8.86666531032986	156	25	0
100	10	6.30000135633681	320	13	0
100	11	1.56666395399306	131	27	0
100	13	5.46666802300347	222	25	0
100	14	6.32222493489583	471	25	0
100	15	6.0111083984375	224	0	2
14	2	2.91111077202691	152	16	1
14	3	3.92222256130642	138	20	0
14	5	0.833333333333333	117	21	0
14	3	4	352	23	0
14	5	0.244444105360243	200	25	0
14	6	3.84444512261285	469	20	0
14	7	1.22222222222222	173	21	0
14	6	2.38888888888889	264	27	0
14	3	4.27777777777778	279	22	0
14	2	2.37777794731988	224	17	0
14	3	2.45555623372396	123	25	0
14	5	1.77777777777778	197	19	0
14	6	0.74444580078125	497	15	0
14	6	3.98888821072049	195	24	0
14	8	1.80000135633681	262	16	0
14	7	3.78888956705729	243	23	0
14	8	3.61111111111111	451	24	0
14	9	1.88888888888889	200	13	0
14	10	1.5	167	20	0
14	11	4.18889024522569	162	27	0
14	13	4.14444308810764	207	20	0
14	12	0.366665310329861	225	15	0
14	11	0.555555555555556	108	36	0
14	14	0.644443088107639	158	13	0
14	15	0.555555555555556	113	25	0
14	16	5.4888916015625	236	19	0
14	15	2.86666531032986	283	33	0
14	13	0.24444580078125	140	32	0
14	8	7.51111178927951	217	238	0
14	4	3.82222154405382	153	13	0
14	4	2.96666632758247	232	17	0
14	3	3.27777777777778	178	34	0
14	6	7.73333401150174	205	23	0
14	8	2.25555419921875	215	25	0
14	9	3.48888821072049	232	17	0
14	10	5.11111111111111	224	17	0
14	9	3.82222154405382	499	19	0
14	11	0.844441731770833	106	33	0
14	8	1.97777642144097	397	24	0
14	8	9.82222154405382	145	34	0
14	6	1.66666666666667	147	43	0
14	10	3.96666802300347	205	27	0
14	13	0.522223578559028	175	34	0
14	15	0.633334689670139	393	25	0
14	16	4.87778049045139	201	26	0
14	17	3.66666666666667	202	25	0
14	18	2.72222222222222	251	20	0
14	20	2.4888916015625	211	19	0
14	21	2.33333333333333	168	19	0
14	23	1.55555555555556	305	36	0
14	17	9.22222222222222	85	56	0
14	11	4.56666395399306	186	23	0
14	9	1.42222086588542	304	21	0
14	8	2.65555487738715	185	20	0
14	7	1.08888753255208	189	29	0
14	9	0.844445122612847	165	21	0
14	10	4.85555691189236	176	28	0
14	13	2.35555691189236	448	25	0
14	13	10.9666680230035	378	28	0
14	16	3.81110975477431	273	20	0
14	16	9.55555555555556	163	22	0
14	15	2.05555555555556	389	19	0
14	16	4	118	26	0
14	17	4.57777913411458	214	27	0
14	19	0.722222222222222	118	23	0
14	17	5	304	24	0
14	18	1.69999864366319	99	27	0
14	17	0.588887532552083	195	16	0
14	16	6.41111246744792	240	20	0
14	17	3.91111246744792	174	25	0
14	19	0.111111111111111	200	19	0
14	20	2.64444986979167	229	19	0
14	21	1.42222764756944	235	21	0
14	23	0	380	19	0
14	20	6.25556098090278	197	21	0
14	19	2.06666395399306	200	20	0
14	17	6.60000271267361	92	73	0
14	6	3.31110975477431	360	27	0
14	8	0.377777099609375	298	26	0
14	9	0.266665988498264	79	51	0
14	16	7.19999864366319	406	26	0
14	17	6.02222357855903	171	27	0
14	16	1.13333468967014	153	16	0
14	15	1.12221950954861	348	26	0
14	16	5.84444173177083	178	24	0
14	17	2.92222086588542	251	18	0
14	17	6.95555284288194	181	23	0
14	19	3.77777777777778	212	23	0
14	21	2.477783203125	139	64	0
14	10	1.30000135633681	350	25	0
14	12	2.5111083984375	223	28	0
14	14	1.94444444444444	208	27	0
14	12	3.96666802300347	79	50	0
14	8	6.19999864366319	321	21	0
14	9	3.12222290039062	188	27	0
14	11	4.71111382378472	236	28	0
14	13	7.81110975477431	201	22	0
14	15	0.699998643663194	477	28	0
14	12	3.46666802300347	214	26	0
14	10	5.5111083984375	257	28	0
14	8	9.36666531032986	215	0	2
119	2	2.66666666666667	144	18	1
119	3	3.91111077202691	177	22	0
119	4	3.63333299424913	432	24	0
119	3	5.95555623372396	233	24	0
119	5	3.55555555555556	193	15	0
119	6	3.5999993218316	220	22	0
119	7	1.77777777777778	487	11	0
119	6	7.71111043294271	313	26	0
119	7	5.63333468967014	273	28	0
119	9	1.57777913411458	178	27	0
119	10	6.32222493489583	228	21	0
119	11	3.30000135633681	138	24	0
119	13	1.91111246744792	314	20	0
119	14	2.82222493489583	142	26	0
119	15	4.5	239	18	0
119	16	2.16666666666667	191	24	0
119	17	0.177775065104167	245	28	0
119	15	5.38888888888889	178	14	0
119	15	0.911112467447917	170	28	0
119	16	1.63333468967014	201	28	0
119	17	1.16666666666667	183	28	0
119	19	3.977783203125	197	23	0
119	20	1.75556098090278	239	23	0
119	21	3.9888916015625	206	8	0
119	22	1.98420795641447	189	9	0
119	22	2.91052888569079	281	84	0
119	4	3.7999996609158	129	25	0
119	3	1.22222222222222	401	16	0
119	3	6.12222290039062	99	22	0
119	2	0.633332994249132	242	21	0
119	3	2.26666598849826	224	22	0
119	4	2.15555487738715	178	25	0
119	3	1.27777777777778	358	23	0
119	4	0.833333333333333	169	19	0
119	3	2.2999996609158	261	21	0
119	4	1.35555521647135	179	22	0
119	6	0.477776421440972	260	23	0
119	7	1.16666666666667	360	13	0
119	7	4.84444512261285	311	23	0
119	6	7.44444444444444	155	23	0
119	8	0.644443088107639	207	30	0
119	10	0.155558268229167	387	23	0
119	10	7.89999728732639	215	26	0
119	12	1.96666802300347	242	29	0
119	14	6.67777506510417	239	13	0
119	15	2.16666666666667	219	23	0
119	16	1.17777506510417	280	27	0
119	14	1.05555555555556	292	24	0
119	15	1.96666802300347	156	27	0
119	16	5.12221950954861	124	26	0
119	18	1.76666937934028	286	24	0
119	19	4.96666124131944	160	16	0
119	18	3.0111083984375	223	18	0
119	19	4.60000271267361	285	20	0
119	20	0	137	21	0
119	21	0.533338758680556	149	65	0
119	10	1.38888888888889	88	34	0
119	7	4.30000135633681	229	17	0
119	7	0.611111111111111	270	18	0
119	8	0.133334689670139	187	23	0
119	9	0.25555419921875	206	21	0
119	10	4.45555284288194	176	24	0
119	11	4.55555555555556	766	15	0
119	12	2.67777506510417	213	15	0
119	13	2.95555284288194	445	29	0
119	15	6.44444444444444	165	0	2
