95 2 2.73333316379123 171 24 1
95 4 1.22222222222222 221 21 0
95 5 1.15555487738715 161 21 0
95 6 2.03333197699653 111 137 0
95 7 4.74444580078125 211 21 0
95 8 3.43333265516493 183 25 0
95 9 3.42222086588542 187 12 0
95 10 2.30000135633681 142 24 0
95 11 2.28888617621528 209 25 0
95 13 0 244 25 0
95 14 2.5111083984375 524 25 0
95 15 5.61111111111111 213 148 0
95 16 2.55555555555556 290 34 0
95 17 3.72222222222222 257 26 0
95 19 4.26666937934028 192 25 0
95 20 5.35555013020833 153 21 0
95 22 0.555555555555556 170 23 0
95 23 0.924242424242431 409 26 0
95 20 4.29999457465278 233 85 0
95 3 3.64444478352865 146 13 0
95 3 0.222222222222222 156 36 0
95 5 0.255555894639757 259 26 0
95 3 1.95555623372396 114 40 0
95 6 1.66666666666667 200 25 0
95 7 4.91111246744792 164 22 0
95 8 3.73333401150174 165 25 0
95 9 3.96666802300347 201 21 0
95 10 4.18889024522569 66 26 0
95 11 5.5111083984375 285 23 0
95 13 1.39999728732639 198 23 0
95 14 2.28888617621528 155 113 0
95 15 5.11111111111111 354 24 0
95 16 2.75555419921875 220 22 0
95 17 4.07777913411458 211 12 0
95 17 5.92222086588542 378 23 0
95 16 3.56666395399306 472 152 0
95 17 3.92222086588542 156 23 0
95 19 0.466661241319444 222 24 0
95 19 4.79999457465278 204 11 0
95 19 2.46666124131944 264 24 0
95 20 0.366672092013889 47 23 0
95 20 5.75556098090278 174 24 0
95 22 2.08889431423611 204 25 0
95 23 1.46514892578126 295 0 2
47 2 2.8999998304579 169 20 1
47 3 3.72222222222222 156 25 0
47 4 0.966666327582465 585 32 0
47 5 2.84444512261285 464 23 0
47 6 4.69999864366319 361 151 0
47 8 0.633334689670139 240 24 0
47 8 4.69999864366319 304 25 0
47 10 1.02222357855903 306 7 0
47 10 2.5111083984375 201 25 0
47 11 2.87778049045139 252 22 0
47 13 0.899997287326389 223 17 0
47 13 3.95555284288194 146 26 0
47 14 3.91111246744792 213 26 0
47 15 4.52222357855903 207 185 0
47 16 7.41111246744792 143 16 0
47 17 1.63332790798611 191 27 0
47 19 1.96666124131944 228 26 0
47 21 2.95555284288194 180 21 0
47 22 1.59676894321238 844 213 0
47 3 2.74444410536024 97 10 0
47 2 3.84444512261285 175 25 0
47 4 3.02222188313802 206 23 0
47 6 0.533331976996528 179 25 0
47 7 3.28888956705729 206 24 0
47 8 3.17777845594618 100 25 0
47 10 1.64444308810764 391 24 0
47 11 1.81110975477431 59 36 0
47 13 0.0333319769965278 271 25 0
47 13 5.71111382378472 64 28 0
47 14 4.77777777777778 415 9 0
47 14 6.33333333333333 305 26 0
47 15 6.11111111111111 190 23 0
47 16 3.0111083984375 164 20 0
47 16 7.52222357855903 132 22 0
47 17 5.22222222222222 139 21 0
47 19 2 187 26 0
47 21 1.28888617621528 243 23 0
47 22 3.26343560987904 104 0 2
111 2 1.3999998304579 184 9 1
111 2 3.7999996609158 138 23 0
111 3 4.45555623372396 153 25 0
111 5 0.0444437662760417 257 19 0
111 5 2.77777777777778 233 23 0
111 6 4.46666802300347 196 23 0
111 7 1.4000006781684 217 148 0
111 8 3.93333265516493 380 25 0
111 10 1.47777642144097 425 12 0
111 9 2.25555419921875 82 48 0
111 5 0.0444437662760417 172 26 0
111 2 3.23333316379123 200 27 0
111 5 2.55555555555556 66 197 0
111 6 7.84444512261285 70 23 0
111 8 1.07777913411458 272 22 0
111 8 8.07777913411458 60 35 0
111 9 3.08888753255208 301 21 0
111 10 3.97777642144097 157 27 0
111 12 2.04444715711806 262 21 0
111 13 2.82222493489583 263 17 0
111 13 5.89999728732639 171 26 0
111 14 4.39999728732639 128 32 0
111 15 7.19999864366319 186 25 0
111 16 5.0111083984375 59 24 0
111 17 3.84444173177083 202 25 0
111 19 2.27777777777778 216 27 0
111 21 3.26666937934028 184 11 0
111 22 1.001328125 98 36 0
111 16 6.73333062065972 283 23 0
111 18 1.28888617621528 159 83 0
111 4 1.01111178927951 81 10 0
111 3 3.44444444444444 168 38 0
111 6 2.36666531032986 148 37 0
111 7 4.41111246744792 152 167 0
111 8 5.93333265516493 375 23 0
111 9 3.87778049045139 181 21 0
111 10 5.88888888888889 227 16 0
111 10 2.66666666666667 304 10 0
111 10 4.68889024522569 126 28 0
111 13 2.28888617621528 453 24 0
111 11 0.588887532552083 332 32 0
111 15 1.84444173177083 258 34 0
111 16 1.97777642144097 192 22 0
111 17 1.52222357855903 144 26 0
111 19 0.600002712673611 129 19 0
111 19 5.70000542534722 123 24 0
111 21 2.95555284288194 265 17 0
111 22 2.5693359375 163 0 2
127 2 3.08888922797309 151 24 1
127 3 3.84444512261285 173 33 0
127 4 3.57777743869358 206 25 0
127 6 0.366665310329861 96 142 0
127 6 6.67777845594618 412 22 0
127 7 3.12222290039062 401 23 0
127 8 3.4000006781684 265 18 0
127 8 6.88888888888889 187 22 0
127 9 3.03333197699653 212 22 0
127 10 2.63333468967014 90 147 0
127 11 2.42222086588542 280 18 0
127 10 5.84444173177083 137 24 0
127 12 1.15555826822917 237 22 0
127 13 2.60000271267361 361 24 0
127 14 2.36666531032986 282 25 0
127 15 0.833333333333333 163 24 0
127 15 6.0111083984375 109 26 0
127 17 1.37778049045139 270 18 0
127 18 3.17777506510417 116 25 0
127 19 5.44444444444444 190 18 0
127 20 3.66666666666667 164 23 0
127 22 3.16666666666667 201 11 0
127 23 1.62500000000001 102 153 0
127 3 1.92222256130642 160 16 0
127 2 2.66666666666667 135 24 0
127 3 4.92222256130642 208 16 0
127 4 0.333333333333333 249 80 0
127 4 4.2000003390842 195 25 0
127 6 2.81110975477431 172 25 0
127 7 0.288889567057292 388 22 0
127 6 3.64444308810764 789 195 0
127 6 4.13333468967014 179 28 0
127 7 5.27777777777778 116 25 0
127 8 6.86666531032986 198 19 0
127 9 1.64444308810764 276 9 0
127 8 9.52222357855903 136 24 0
127 10 3.0111083984375 274 24 0
127 12 0.855556911892361 261 23 0
127 13 1.76666937934028 163 21 0
127 12 0.677775065104167 264 28 0
127 14 0.0666639539930556 165 22 0
127 14 2.86666531032986 271 10 0
127 14 0.633334689670139 166 19 0
127 13 5.23333062065972 183 25 0
127 14 3.74444580078125 114 26 0
127 15 5.47777642144097 217 26 0
127 16 3.22222222222222 76 36 0
127 18 1 116 26 0
127 20 2.96666124131944 184 25 0
127 22 3.74443901909722 166 16 0
127 23 3.15714808872769 343 87 0
127 5 0.74444580078125 192 30 0
127 6 1.77777777777778 304 29 0
127 3 4.47777811686198 215 28 0
127 6 2.16666666666667 386 18 0
127 5 0.166666666666667 191 37 0
127 7 1 150 0 2
79 2 1.65555572509766 176 19 1
79 3 1.67777845594618 88 34 0
79 4 3.96666632758247 188 34 0
79 6 3.24444580078125 140 24 0
79 7 2.37777709960938 353 22 0
79 8 1.91111246744792 180 24 0
79 10 0.777777777777778 323 18 0
79 10 4.81110975477431 114 22 0
79 11 3.25555419921875 200 21 0
79 12 3.44444444444444 169 152 0
79 14 4.26666937934028 152 16 0
79 15 2.63333468967014 347 57 0
79 6 0.566667344835069 324 179 0
79 7 0.155554877387153 179 23 0
79 8 1.45555623372396 52 34 0
79 9 2.46666802300347 168 24 0
79 10 5.02222357855903 98 26 0
79 12 1.19999864366319 59 37 0
79 14 2.62221950954861 209 25 0
79 15 5.07777913411458 191 25 0
79 16 5.36666531032986 102 35 0
79 19 0.355556911892361 169 23 0
79 20 1.83333333333333 200 26 0
79 22 3.57777235243056 172 18 0
79 23 3.98832804361978 104 0 2
108 3 1.94444444444444 168 28 1
108 4 3.34444512261285 205 24 0
108 5 2.83333333333333 134 191 0
108 7 1.45555623372396 331 26 0
108 8 3.13333468967014 294 24 0
108 9 2.72222222222222 244 14 0
108 10 0.166666666666667 187 24 0
108 11 1.77777777777778 186 24 0
108 12 3.46666802300347 202 22 0
108 14 2.64444308810764 163 138 0
108 15 5.34444173177083 212 26 0
108 16 4.68889024522569 186 25 0
108 18 3 265 40 0
108 20 3.522216796875 213 25 0
108 22 1.15757057883523 384 85 0
108 3 6.5 158 18 0
108 3 1.86666700575087 249 28 0
108 5 0.511111789279514 215 26 0
108 6 2.61111111111111 159 25 0
108 7 0.933332655164931 197 25 0
108 8 3.25555419921875 187 21 0
108 9 2.13333468967014 305 21 0
108 9 4.15555826822917 57 29 0
108 7 3.97777642144097 264 133 0
108 9 4.64444308810764 161 25 0
108 11 0.25555419921875 102 24 0
108 11 5.9888916015625 140 24 0
108 13 3.21111382378472 299 26 0
108 15 2.45555284288194 245 25 0
108 16 2.28888617621528 71 31 0
108 12 3.81110975477431 216 23 0
108 11 2.95555284288194 209 148 0
108 15 5.89999728732639 148 24 0
108 16 3.61111111111111 182 26 0
108 18 1.77777777777778 84 33 0
108 19 1.91110568576389 152 27 0
108 21 0.366672092013889 170 22 0
108 22 1.12576016512785 172 0 2
92 2 1.03333367241753 151 20 1
92 3 3.04444376627604 97 34 0
92 4 0.0999993218315972 198 19 0
92 3 4.2999996609158 145 27 0
92 4 3.76666598849826 185 25 0
92 6 2.28888956705729 286 25 0
92 7 2.87777709960938 252 23 0
92 8 4.24444580078125 262 11 0
92 8 6.61111111111111 268 25 0
92 10 0.722222222222222 277 185 0
92 11 3.42222086588542 155 21 0
92 13 2 212 27 0
92 14 3.97777642144097 224 23 0
92 15 3.52222357855903 437 21 0
92 14 4.91111246744792 550 26 0
92 15 8.39999728732639 213 30 0
92 16 4.43333604600694 92 34 0
92 18 3.72222222222222 191 17 0
92 19 4.25556098090278 178 25 0
92 21 3.0111083984375 265 14 0
92 22 0.945449366714022 138 135 0
92 3 4.11111111111111 239 153 0
92 4 0.577777438693576 141 25 0
92 6 0.533331976996528 48 21 0
92 6 5.73333401150174 207 23 0
92 7 4.17777845594618 95 25 0
92 8 4.92222086588542 186 25 0
92 9 3.21111382378472 206 24 0
92 10 5.47777642144097 176 24 0
92 13 0.800001356336806 364 80 0
92 10 2.24444580078125 258 171 0
92 11 3.34444173177083 79 10 0
92 12 1.81110975477431 131 25 0
92 13 7.41111246744792 165 24 0
92 14 3.56666395399306 167 21 0
92 15 0.977776421440972 226 16 0
92 14 3.86666531032986 910 21 0
92 13 4.55555555555556 248 30 0
92 15 2.64444308810764 158 27 0
92 17 0.422220865885417 197 23 0
92 18 3.27777777777778 172 20 0
92 19 4.977783203125 95 25 0
92 22 0.29848225911459 176 0 2
140 2 6.93333265516493 282 22 1
140 4 1.74444410536024 322 23 0
140 5 3.05555555555556 188 23 0
140 6 8.37777709960938 232 22 0
140 7 2.94444444444444 227 17 0
140 8 0.944444444444444 202 141 0
140 9 0.955556233723958 130 20 0
140 10 2.14444308810764 257 176 0
140 10 7.66666666666667 418 17 0
140 11 3.12221950954861 187 24 0
140 13 2.23333062065972 201 29 0
140 14 1.26666937934028 265 9 0
140 13 13.5666639539931 94 36 0
140 15 1.46666802300347 196 15 0
140 15 4.31110975477431 382 20 0
140 16 2.81110975477431 344 24 0
140 15 3.75555419921875 92 33 0
140 14 0.788886176215278 94 72 0
140 2 5.41111077202691 291 24 0
140 4 0.822221544053819 215 24 0
140 5 3.65555487738715 193 25 0
140 7 0.888888888888889 210 25 0
140 8 3.38888888888889 156 156 0
140 10 2.33333333333333 456 24 0
140 11 2.83333333333333 456 25 0
140 13 1.72222222222222 284 15 0
140 13 5.07777913411458 196 19 0
140 13 10 55 35 0
140 14 3.64444308810764 205 24 0
140 15 4.83333333333333 174 24 0
140 16 5.22222222222222 311 26 0
140 19 1.81111653645833 323 19 0
140 19 7.977783203125 224 24 0
140 22 0.372005208333333 176 29 0
140 18 1.022216796875 269 8 0
140 17 2.11111111111111 219 26 0
140 15 4.67777506510417 175 26 0
140 14 0.0666639539930556 129 36 0
140 11 4.52222357855903 155 64 0
140 2 0.188888549804688 236 33 0
140 3 1.91111077202691 192 32 0
140 5 0.811111450195312 121 173 0
140 6 8.06666734483507 158 19 0
140 7 2.46666802300347 180 23 0
140 8 2.71111043294271 206 158 0
140 6 7.94444444444444 99 30 0
140 9 2.34444512261285 52 37 0
140 10 7.43333604600694 245 23 0
140 11 3.75555419921875 80 36 0
140 13 3.5111083984375 128 43 0
140 15 1.94444444444444 312 26 0
140 16 5.28888617621528 179 26 0
140 19 1.24443901909722 156 27 0
140 21 2.03333875868056 178 18 0
140 22 2.078671875 111 0 2
28 1 2.55862084750471 196 13 1
28 2 2.72222222222222 135 19 0
28 3 4.27777777777778 253 23 0
28 4 2.63333299424913 219 25 0
28 6 2.32222154405382 189 25 0
28 7 3.35555691189236 354 21 0
28 8 2.9000006781684 248 17 0
28 9 0.433332655164931 406 11 0
28 8 2.73333401150174 131 25 0
28 10 1.66666666666667 201 24 0
28 11 4.06666395399306 259 24 0
28 13 0.622219509548611 153 28 0
28 14 0.677775065104167 234 161 0
28 14 0.911112467447917 57 22 0
28 13 6.47777642144097 298 30 0
28 15 2.34444173177083 224 26 0
28 16 3.11111111111111 228 17 0
28 17 2.04444715711806 51 24 0
28 19 1.68888346354167 195 20 0
28 17 2.28888617621528 198 19 0
28 16 4.47777642144097 237 26 0
28 19 3.71111382378472 279 18 0
28 18 3.66666666666667 41 37 0
28 22 0.650002615792419 163 14 0
28 22 3.87500000000001 569 89 0
28 4 1.97777811686198 48 22 0
28 3 4.77777777777778 95 22 0
28 2 3.28888871934679 140 27 0
28 5 0.199998643663194 116 171 0
28 6 7.07777913411458 363 50 0
28 14 3.34444173177083 146 27 0
28 15 5.69999864366319 230 33 0
28 16 3.31110975477431 156 27 0
28 19 2.84444173177083 315 28 0
28 22 1.9357169015067 981 8 0
28 22 2.96428571428572 157 197 0
28 3 6.9000006781684 85 14 0
28 3 3.05555555555556 159 24 0
28 1 2.10344827586207 131 27 0
28 4 1.5999993218316 221 26 0
28 5 3.42222086588542 105 37 0
28 7 4.65555487738715 181 34 0
28 9 1.37777709960938 138 33 0
28 11 0.155558268229167 183 24 0
28 12 2.38888888888889 167 33 0
28 13 6.66666666666667 65 37 0
28 14 4.68889024522569 178 0 2
156 2 0.622222052680122 187 23 1
156 3 1.36666700575087 45 151 0
156 3 7.54444376627604 120 23 0
156 4 3.65555487738715 161 21 0
156 6 1.13333468967014 216 181 0
156 7 0.900000678168403 351 24 0
156 8 1.47777642144097 222 25 0
156 9 2.02222357855903 355 42 0
156 5 3.80000135633681 151 25 0
156 3 6.48888821072049 389 23 0
156 5 1.5999993218316 227 21 0
156 6 4.03333197699653 113 8 0
156 6 5.06666734483507 210 17 0
156 6 7.87777709960937 275 9 0
156 6 5.84444512261285 195 24 0
156 4 4.91111077202691 132 195 0
156 6 2.9000006781684 148 28 0
156 7 3.5999993218316 238 25 0
156 8 3.62222290039062 393 22 0
156 9 3.33333333333333 264 24 0
156 10 6.78888617621528 80 35 0
156 12 0.211113823784722 228 22 0
156 13 2.13333468967014 143 25 0
156 14 2.67777506510417 243 15 0
156 14 7.67777506510417 281 23 0
156 15 4.85555691189236 323 26 0
156 16 4.46666124131944 236 21 0
156 17 2.0111083984375 319 23 0
156 19 1.87778049045139 216 14 0
156 18 1.4888916015625 175 27 0
156 21 1.24242424242425 253 11 0
156 20 2.28888617621528 334 19 0
156 21 2.75909608783145 186 215 0
156 3 3.25555589463976 192 9 0
156 3 1.72222222222222 173 33 0
156 4 2.24444410536024 265 21 0
156 5 2.76666598849826 235 18 0
156 6 5.4000006781684 827 22 0
156 6 12.3222215440538 205 23 0
156 8 0.922220865885417 324 40 0
156 3 0.944444444444444 213 20 0
156 1 2.88965501456425 181 27 0
156 4 3.35555521647135 316 24 0
156 6 2.57777913411458 220 23 0
156 6 8.58888753255208 613 10 0
156 6 9.84444512261285 285 8 0
156 6 7.36666531032986 355 17 0
156 6 2.80000135633681 456 206 0
156 7 5.26666598849826 247 13 0
156 8 1.65555487738715 178 29 0
156 10 4.86666531032986 84 46 0
156 15 6.44444444444444 223 26 0
156 16 3.84444173177083 241 23 0
156 15 2.0111083984375 190 17 0
156 14 4.74444580078125 206 23 0
156 15 2.77777777777778 144 26 0
156 16 2.05555555555556 186 24 0
156 18 0.122219509548611 109 33 0
156 19 3.58889431423611 177 23 0
156 20 2.27777777777778 248 26 0
156 18 1.83333333333333 171 61 0
156 10 1.4888916015625 181 24 0
156 8 7.0111083984375 187 18 0
156 8 3.21111043294271 177 29 0
156 10 5.95555284288194 154 27 0
156 11 5.41111246744792 139 34 0
156 13 3.37778049045139 161 26 0
156 14 4.76666937934028 213 34 0
156 15 4.46666802300347 407 43 0
156 16 5.46666124131944 150 32 0
156 20 0.177775065104167 56 24 0
156 21 0.521206942471598 160 0 2
12 3 1.98888821072049 160 31 1
12 4 4.2999996609158 225 20 0
12 6 0.266665988498264 165 24 0
12 6 7.45555623372396 153 22 0
12 7 5.43333265516493 172 22 0
12 8 4.5999993218316 152 24 0
12 10 0.388888888888889 175 142 0
12 11 1.80000135633681 312 183 0
12 12 3.13333468967014 191 8 0
12 13 0.4888916015625 352 20 0
12 14 2.91111246744792 243 27 0
12 11 5.88888888888889 224 24 0
12 14 0.633334689670139 127 26 0
12 15 2.47777642144097 320 8 0
12 15 3.92222086588542 210 13 0
12 15 7.35555691189236 78 26 0
12 16 7.11111111111111 208 25 0
12 19 0.388888888888889 249 14 0
12 19 3.06666395399306 183 24 0
12 20 3.57777235243056 109 26 0
12 23 1.1506640625 224 37 0
12 16 6.83333333333333 271 25 0
12 15 6.45555284288194 171 75 0
12 4 0.122222900390625 163 21 0
12 2 3.76666598849826 137 36 0
12 5 3.23333401150174 166 38 0
12 7 3.77777777777778 167 21 0
12 8 3.04444376627604 242 156 0
12 10 1.4888916015625 170 33 0
12 11 2.78888617621528 185 25 0
12 13 0.25555419921875 196 10 0
12 13 2.33333333333333 255 44 0
12 8 2.86666531032986 329 26 0
12 10 1.13333468967014 351 23 0
12 11 3.08888753255208 206 24 0
12 13 2.36666531032986 237 21 0
12 14 3.13333468967014 73 175 0
12 14 7.27777777777778 175 25 0
12 15 3.52222357855903 194 27 0
12 16 4.30000135633681 254 25 0
12 17 2.86666531032986 191 25 0
12 19 2.05555555555556 121 27 0
12 21 2.95555284288194 171 20 0
12 23 0.873333333333333 192 35 0
12 18 3.37778049045139 184 26 0
12 16 6.28888617621528 215 148 0
12 16 5.08888753255208 128 27 0
12 19 0.922227647569444 168 26 0
12 20 3.77777777777778 199 27 0
12 23 2.121328125 121 0 2
73 2 2.6000001695421 160 23 1
73 4 0.455556233723958 199 26 0
73 5 2.73333401150174 117 141 0
73 7 0.477776421440972 175 20 0
73 7 3.56666734483507 82 24 0
73 8 3.85555691189236 183 17 0
73 9 2.21111043294271 209 16 0
73 10 0.988888210720486 295 24 0
73 8 2.43333265516493 161 34 0
73 3 2.47777811686198 195 35 0
73 5 2.54444376627604 166 17 0
73 6 1.96666802300347 119 26 0
73 7 5.67777845594618 169 27 0
73 10 2.02222357855903 240 8 0
73 10 3.32222154405382 88 25 0
73 11 3.23333062065972 274 23 0
73 13 1.81110975477431 220 28 0
73 14 3.42222086588542 227 162 0
73 16 6.80000135633681 158 27 0
73 17 5.92222086588542 210 23 0
73 19 2.22222222222222 161 23 0
73 21 2 213 17 0
73 22 2.37778049045139 90 90 0
73 2 2.87777794731988 166 8 0
73 2 2.84444427490234 217 23 0
73 4 1.53333367241753 268 23 0
73 2 3.45555623372396 45 39 0
73 6 1.93333265516493 113 32 0
73 7 4.73333401150174 285 126 0
73 9 3.77777777777778 185 139 0
73 10 5.11111111111111 296 22 0
73 9 2.43333265516493 172 20 0
73 8 4.12222290039062 191 21 0
73 10 1.55555555555556 77 23 0
73 10 7.19999864366319 122 25 0
73 12 1.88888888888889 389 39 0
73 6 4.97777642144097 201 35 0
73 4 4.96666632758247 183 16 0
73 4 1.33333333333333 181 25 0
73 2 1.25555589463976 213 24 0
73 4 1.9000006781684 210 33 0
73 6 0.677778455946181 98 22 0
73 7 3.22222222222222 209 34 0
73 8 4.45555623372396 230 10 0
73 8 1.55555555555556 792 157 0
73 9 2.84444512261285 145 22 0
73 10 3.24444580078125 81 34 0
73 11 3.77777777777778 310 23 0
73 13 1.38888888888889 236 26 0
73 14 2 189 20 0
73 15 2.16666666666667 463 40 0
73 16 2.37778049045139 185 26 0
73 17 1.4888916015625 305 26 0
73 18 3.94444444444444 119 26 0
73 20 2.29999457465278 194 24 0
73 22 1.12221950954861 225 24 0
73 19 3.66666666666667 176 70 0
73 7 4.19999864366319 178 25 0
73 5 3.36666700575087 264 22 0
73 3 4.28888956705729 315 24 0
73 5 0.522221883138021 165 34 0
73 7 3.11111111111111 180 121 0
73 8 5.24444580078125 51 33 0
73 10 1.53333197699653 189 34 0
73 11 3.88888888888889 194 24 0
73 13 2.33333333333333 76 28 0
73 15 1.62221950954861 269 27 0
73 16 3.11111111111111 249 28 0
73 17 1.97777642144097 391 79 0
73 19 3.17777506510417 178 25 0
73 22 0.833333333333333 292 23 0
73 23 1.28947368421053 112 0 2
41 2 5.46666632758247 144 25 1
41 4 1.04444376627604 302 21 0
41 5 0.288889567057292 158 27 0
41 6 8 208 23 0
41 7 5.36666531032986 176 26 0
41 9 1.58888753255208 194 22 0
41 10 1.39999728732639 111 147 0
41 11 2.57777913411458 163 24 0
41 12 1.93333604600694 146 23 0
41 14 1.95555284288194 251 24 0
41 15 5.73333062065972 219 26 0
41 16 6.89999728732639 213 25 0
41 18 0.266669379340278 222 28 0
41 19 3.45555284288194 192 30 0
41 22 2.68888346354167 204 17 0
41 23 0.199994768415187 151 25 0
41 20 3.82222493489583 354 17 0
41 19 2.03333875868056 203 20 0
41 18 4.0111083984375 123 33 0
41 22 3.91110568576389 147 85 0
41 6 0.588887532552083 69 37 0
41 3 0.988888210720486 167 15 0
41 2 6.62222290039062 94 30 0
41 6 2.45555623372396 35 39 0
41 8 2.82222154405382 318 14 0
41 7 5.56666734483507 41 34 0
41 9 2.58888753255208 232 25 0
41 11 1.47777642144097 78 37 0
41 13 2.65555826822917 80 41 0
41 16 2.64444308810764 328 28 0
41 13 3.41111246744792 336 25 0
41 11 2.57777913411458 227 25 0
41 9 3.83333333333333 149 24 0
41 8 2 227 34 0
41 9 2.25555419921875 161 53 0
41 13 3.05555555555556 128 32 0
41 16 10.3999972873264 157 38 0
41 21 0.311116536458333 197 24 0
41 22 2.87778049045139 206 0 2
137 2 0.666666666666667 186 18 1
137 3 1.28888956705729 49 32 0
137 4 1.98888821072049 229 25 0
137 6 0.300001356336806 220 26 0
137 6 9.04444376627604 205 10 0
137 7 1.14444308810764 138 23 0
137 8 2.65555487738715 338 23 0
137 10 0.75555419921875 197 12 0
137 10 3.10000271267361 91 27 0
137 12 0.844441731770833 223 30 0
137 13 2.77777777777778 184 33 0
137 15 0.144443088107639 150 24 0
137 15 6.07777913411458 143 35 0
137 16 5.43333604600694 246 25 0
137 17 3.74444580078125 183 26 0
137 19 3.65555826822917 204 21 0
137 21 1.23333062065972 204 21 0
137 22 0.655558268229167 168 26 0
137 20 0.522216796875 263 26 0
137 21 5.23333062065972 187 14 0
137 22 0.733330620659722 299 14 0
137 23 1.31250508626302 177 90 0
137 3 4.17777845594618 322 26 0
137 5 0.900000678168403 182 23 0
137 6 2.55555555555556 126 24 0
137 7 4.47777642144097 216 24 0
137 9 0.733334011501736 172 25 0
137 10 4.17777506510417 200 78 0
137 6 6.34444512261285 288 34 0
137 7 4.71111043294271 148 26 0
137 10 3.95555284288194 285 26 0
137 12 0.666666666666667 191 29 0
137 9 0.333333333333333 64 39 0
137 11 0.333333333333333 50 36 0
137 13 1.16666666666667 176 21 0
137 14 0.899997287326389 54 33 0
137 15 5.22222222222222 224 25 0
137 16 3.81110975477431 309 26 0
137 16 8.78888617621528 116 35 0
137 17 6 148 24 0
137 19 3.42222764756944 234 21 0
137 21 0.399997287326389 118 24 0
137 22 1.15555826822917 131 0 2
153 4 0.266665988498264 193 26 1
153 5 1.96666802300347 236 21 0
153 6 1.98888821072049 170 34 0
153 7 2.83333333333333 204 24 0
153 8 4.01111178927951 258 20 0
153 8 9.42222086588542 59 32 0
153 10 2.24444580078125 262 25 0
153 11 3.71111382378472 202 24 0
153 13 1.81110975477431 211 22 0
153 14 0.611111111111111 312 23 0
153 15 3.44444444444444 247 26 0
153 16 2.33333333333333 204 26 0
153 17 4.92222086588542 231 26 0
153 19 0.766669379340278 380 20 0
153 20 3.82222493489583 282 25 0
153 21 5.38888888888889 181 22 0
153 23 1.46514892578126 698 7 0
153 23 2.85454027580493 137 0 2
89 3 1.03333367241753 164 24 1
89 4 2.21111043294271 254 23 0
89 6 0.300001356336806 235 26 0
89 7 2.86666531032986 286 24 0
89 8 4.45555623372396 129 148 0
89 10 0.344445122612847 201 24 0
89 10 3.96666802300347 190 25 0
89 12 0.688890245225694 447 35 0
89 13 3.5111083984375 438 19 0
89 14 1.22222222222222 199 24 0
89 16 0.144443088107639 171 25 0
89 17 0.0888875325520833 156 25 0
89 18 1.28888617621528 250 25 0
89 21 0.455552842881944 234 21 0
89 22 3.21111382378472 136 22 0
89 23 5.43333604600694 118 187 0
89 2 3.92222256130642 179 17 0
89 3 3.34444512261285 81 32 0
89 5 1.52222188313802 246 23 0
89 6 3.02222357855903 95 24 0
89 7 1.84444512261285 446 21 0
89 6 3.46666802300347 329 27 0
89 8 1.66666666666667 299 32 0
89 9 1.81110975477431 179 26 0
89 10 3.06666395399306 95 26 0
89 11 3.83333333333333 214 24 0
89 13 1.37778049045139 276 26 0
89 14 2.38888888888889 200 22 0
89 15 4.43333604600694 143 22 0
89 16 5.03333197699653 210 26 0
89 15 0.766669379340278 45 40 0
89 17 2.5111083984375 240 28 0
89 20 1.44444444444444 236 27 0
89 22 3 199 21 0
89 23 3.58889431423611 46 35 0
89 18 1.91111246744792 185 22 0
89 17 4.63333468967014 194 24 0
89 16 4.75555419921875 199 23 0
89 15 2.63333468967014 242 21 0
89 14 1.96666802300347 303 22 0
89 15 3.0111083984375 47 151 0
89 16 3.43333604600694 151 24 0
89 17 3.03333197699653 159 26 0
89 19 2.14444308810764 209 32 0
89 20 4.5111083984375 89 32 0
89 22 1.9888916015625 99 26 0
89 23 5.45555284288194 142 95 0
89 4 1.62222290039062 169 22 0
89 3 1.34444512261285 120 27 0
89 6 1.06666734483507 223 0 2
57 1 2.64137899464574 192 24 1
57 3 0.288889567057292 95 36 0
57 4 3.15555487738715 173 23 0
57 6 0.155554877387153 209 26 0
57 7 3.74444580078125 200 21 0
57 8 2.91111246744792 178 26 0
57 10 1.15555826822917 108 154 0
57 10 6.91111246744792 130 27 0
57 12 0.644443088107639 197 25 0
57 13 4.46666802300347 173 27 0
57 15 1.97777642144097 354 27 0
57 16 5.89999728732639 211 21 0
57 17 5.78888617621528 182 25 0
57 19 0.911105685763889 164 14 0
57 20 2.31111653645833 176 25 0
57 22 3.41110568576389 231 210 0
57 3 4.98888821072049 78 19 0
57 3 2.97777811686198 182 36 0
57 4 3.67777845594618 199 25 0
57 6 0.411112467447917 170 34 0
57 7 4.87777709960938 155 27 0
57 8 8.31110975477431 229 27 0
57 7 4.16666666666667 190 28 0
57 9 3.60000271267361 191 20 0
57 10 3.71111382378472 213 25 0
57 11 4.95555284288194 299 23 0
57 13 3.12221950954861 226 21 0
57 13 8.58888753255208 208 23 0
57 15 2.26666937934028 99 35 0
57 16 3.4888916015625 214 25 0
57 17 4.10000271267361 278 21 0
57 18 3.86667209201389 183 27 0
57 16 3.45555284288194 309 23 0
57 15 4.41111246744792 82 31 0
57 17 2.36666531032986 202 11 0
57 17 4.31110975477431 117 161 0
57 18 3.24443901909722 166 33 0
57 20 1.39999728732639 157 23 0
57 22 0.811116536458333 327 92 0
57 3 5.13333299424913 170 23 0
57 2 2.04444461398655 121 37 0
57 5 1.37777709960938 286 27 0
57 7 1.14444308810764 255 34 0
57 8 4.23333401150174 68 38 0
57 10 2.81110975477431 184 27 0
57 13 0.533331976996528 217 28 0
57 15 6.75555419921875 153 40 0
57 20 3.93333604600694 161 25 0
57 22 2.78888617621528 104 0 2
121 2 0.955555386013455 286 24 1
121 3 6.55555555555556 57 36 0
121 5 1.88888888888889 47 12 0
121 4 4.68888854980469 221 19 0
121 5 3.71111043294271 176 26 0
121 7 0.922220865885417 250 21 0
121 8 0.388888888888889 202 180 0
121 8 9.08888753255208 154 7 0
121 8 7.22222222222222 174 24 0
121 10 1.60000271267361 265 9 0
121 10 3.83333333333333 182 51 0
121 4 1.78888956705729 81 35 0
121 3 2.92222256130642 246 28 0
121 5 3.94444444444444 171 166 0
121 7 3.36666531032986 136 35 0
121 8 6.23333401150174 114 37 0
121 10 4.81110975477431 195 27 0
121 11 4.91111246744792 182 25 0
121 13 2.56666395399306 168 22 0
121 14 2.04444715711806 167 23 0
121 15 4.30000135633681 191 33 0
121 16 6.08888753255208 237 25 0
121 17 5.65555826822917 257 41 0
121 20 2.53333875868056 210 41 0
121 21 1.23333062065972 65 35 0
121 22 3.05555555555556 156 14 0
121 23 1.18421052631579 255 0 2
22 2 1.81111145019531 141 9 1
22 2 0.41111077202691 149 34 0
22 4 1.36666700575087 201 33 0
22 5 3.65555487738715 203 24 0
22 6 6.62222290039062 139 122 0
22 8 2.55555555555556 429 21 0
22 7 2.08888753255208 175 27 0
22 9 1.96666802300347 188 24 0
22 10 3.14444308810764 165 185 0
22 10 9.52222357855903 113 36 0
22 12 1.86666531032986 242 13 0
22 13 1.12221950954861 123 27 0
22 15 3.76666937934028 200 23 0
22 16 2.46666802300347 163 25 0
22 17 3.92222086588542 316 22 0
22 16 4.33333333333333 171 25 0
22 17 3.71111382378472 124 22 0
22 18 3.25555419921875 110 34 0
22 19 3.58889431423611 171 22 0
22 21 0.288886176215278 146 24 0
22 22 3.85555013020833 185 22 0
22 23 3.41110568576389 174 7 0
22 24 1.02631578947368 235 95 0
22 3 5.67777845594618 149 20 0
22 2 3.33333333333333 149 37 0
22 5 1.08888753255208 173 31 0
22 6 2.26666598849826 56 25 0
22 7 3.72222222222222 179 21 0
22 8 2.37777709960938 123 139 0
22 10 2.08888753255208 129 31 0
22 10 7.91111246744792 51 36 0
22 12 1.21111382378472 161 36 0
22 14 2.12221950954861 60 35 0
22 15 6.46666802300347 93 26 0
22 17 0.655558268229167 164 24 0
22 17 8.72222222222222 97 34 0
22 19 0.333333333333333 132 24 0
22 20 2.13332790798611 198 28 0
22 22 4.522216796875 102 33 0
22 24 0.942100123355263 62 0 2
118 3 1.03333367241753 159 27 1
118 4 3.38888888888889 300 23 0
118 3 4.14444478352865 205 36 0
118 6 2.36666531032986 236 154 0
118 7 3.56666734483507 288 25 0
118 5 0.266665988498264 301 27 0
118 7 0.388888888888889 78 36 0
118 8 2.12222290039062 300 25 0
118 10 0.5 234 16 0
118 10 4.32222493489583 212 24 0
118 12 0.188890245225694 259 24 0
118 13 3.05555555555556 247 25 0
118 15 0.300001356336806 183 20 0
118 15 4.95555284288194 161 24 0
118 16 4.33333333333333 199 25 0
118 17 4.83333333333333 209 25 0
118 18 3.71111382378472 156 22 0
118 20 2.06666395399306 93 32 0
118 21 2.522216796875 196 24 0
118 22 3.18888346354167 295 100 0
118 3 0.5 166 21 0
118 2 1.41111077202691 141 28 0
118 4 4.51111178927951 348 23 0
118 6 1.56666734483507 76 29 0
118 3 1.98888821072049 259 36 0
118 5 3.24444580078125 254 17 0
118 6 4.32222154405382 158 133 0
118 7 3.77777777777778 54 173 0
118 5 0.477776421440972 208 10 0
118 4 4.67777845594618 184 26 0
118 6 3 92 31 0
118 7 2.35555691189236 348 34 0
118 8 3.88888888888889 588 21 0
118 9 3.02222357855903 389 21 0
118 10 2.64444308810764 124 37 0
118 6 3.08888753255208 404 211 0
118 7 4.78888956705729 61 35 0
118 8 5.22222222222222 166 31 0
118 10 1.54444715711806 226 25 0
118 11 1.19999864366319 75 35 0
118 12 3.06666395399306 174 13 0
118 11 4.27777777777778 177 41 0
118 14 0.0666639539930556 277 25 0
118 15 4.25555419921875 196 25 0
118 16 3.12221950954861 493 23 0
118 15 5.47777642144097 220 33 0
118 16 1.60000271267361 194 21 0
118 16 4.76666937934028 325 23 0
118 16 7.9888916015625 78 22 0
118 17 5.5 329 23 0
118 16 5.97777642144097 137 24 0
118 17 4.55555555555556 105 17 0
118 17 7.82222493489583 89 24 0
118 18 5.977783203125 164 23 0
118 20 5.41110568576389 180 23 0
118 21 4.60000271267361 337 27 0
118 23 2.79285975864956 364 0 2
70 3 0.744444105360243 128 34 1
70 4 0.900000678168403 146 8 0
70 3 9.35555521647135 167 156 0
70 5 1.48888821072049 118 174 0
70 6 0.811109754774305 80 23 0
70 6 7.86666531032986 49 32 0
70 7 4.74444580078125 205 20 0
70 8 3 116 25 0
70 9 3.32222493489583 234 14 0
70 10 2.0111083984375 463 25 0
70 12 0.422220865885417 210 22 0
70 13 2.03333197699653 151 26 0
70 15 0.388888888888889 327 26 0
70 15 8.46666802300347 227 26 0
70 16 7.81110975477431 162 26 0
70 17 6.37778049045139 149 24 0
70 19 1.55555555555556 90 24 0
70 20 4.73333062065972 162 26 0
70 23 0.586491765202703 235 26 0
70 20 3.62221950954861 166 23 0
70 18 4.87778049045139 151 27 0
70 22 1.20000542534722 181 25 0
70 23 2.84594066722973 203 16 0
70 23 6.35945418074324 193 14 0
70 23 8.82432432432432 394 0 2
38 2 3.21111128065321 157 25 1
38 4 1.97777811686198 106 23 0
38 5 1.78888956705729 202 33 0
38 7 1.33333333333333 172 21 0
38 8 0.766665988498264 74 24 0
38 9 0.544443766276042 210 22 0
38 10 2.22222222222222 248 28 0
38 11 2.30000135633681 222 164 0
38 13 1.66666666666667 160 27 0
38 14 3.06666395399306 238 24 0
38 16 0.166666666666667 157 18 0
38 16 3.47777642144097 199 24 0
38 17 2.88888888888889 181 25 0
38 18 5.78888617621528 146 26 0
38 20 4.08889431423611 180 27 0
38 22 1.37778049045139 279 18 0
38 23 1.31052117598684 159 90 0
38 3 4.04444376627604 288 35 0
38 4 4.33333333333333 74 23 0
38 5 3.24444580078125 153 25 0
38 7 1.93333265516493 384 8 0
38 7 0.199998643663194 72 34 0
38 8 6.43333265516493 157 33 0
38 10 4.54444715711806 178 24 0
38 12 0.955552842881944 300 21 0
38 13 3.63333468967014 90 25 0
38 15 0.333333333333333 202 23 0
38 16 2.08888753255208 148 156 0
38 17 5.03333197699653 157 25 0
38 19 0.166666666666667 207 26 0
38 20 4.5 225 30 0
38 22 2.55555555555556 123 49 0
38 16 1.15555826822917 320 27 0
38 17 3.63333468967014 90 36 0
38 19 2.65555826822917 122 29 0
38 23 2.07894736842105 351 23 0
38 21 2.44444444444444 190 95 0
38 3 4.86666700575087 181 8 0
38 3 4.02222188313802 42 37 0
38 6 3.65555487738715 291 0 2
150 2 2.27777777777778 69 35 1
150 3 6.81111145019531 61 33 0
150 5 0.788889567057292 244 17 0
150 5 3.54444376627604 226 13 0
150 6 2.38888888888889 113 24 0
150 7 1.98888821072049 223 34 0
150 8 4.19999864366319 130 172 0
150 8 2.93333265516493 85 15 0
150 7 5.94444444444444 292 22 0
150 8 3.96666802300347 54 27 0
150 10 1.07777913411458 238 20 0
150 11 1.86666531032986 110 24 0
150 12 2.74444580078125 172 24 0
150 13 3.60000271267361 176 26 0
150 15 0.911112467447917 260 13 0
150 15 2.93333604600694 267 24 0
150 16 3.41111246744792 262 24 0
150 16 10.2888861762153 62 34 0
150 17 7.78888617621528 191 26 0
150 19 0.600002712673611 224 23 0
150 17 7.36667209201389 209 12 0
150 17 4.28888617621528 207 28 0
150 20 0.477783203125 371 23 0
150 20 7.34444173177083 226 26 0
150 22 1.83636104699338 187 27 0
150 19 1.39999728732639 266 188 0
150 20 8.91110568576389 128 10 0
150 20 6.37778049045139 344 27 0
150 22 1.27424760298296 298 149 0
150 3 1.68888854980469 261 83 0
150 4 1.41111077202691 175 32 0
150 6 1.28888956705729 227 26 0
150 7 1.37777709960938 546 25 0
150 6 4.23333401150174 780 25 0
150 7 4.15555487738715 218 19 0
150 8 2.5999993218316 69 27 0
150 9 3.19999864366319 237 23 0
150 11 0.288886176215278 231 26 0
150 13 1.77777777777778 304 28 0
150 15 0.9888916015625 429 20 0
150 15 3.78888617621528 156 26 0
150 16 5.74444580078125 205 27 0
150 17 6.93333604600694 240 26 0
150 18 4.89999728732639 205 24 0
150 20 3.17777506510417 222 24 0
150 20 13.4888916015625 178 20 0
150 22 1.27424760298296 67 0 2
166 3 0.855555216471354 130 26 1
166 4 4.35555521647135 204 32 0
166 6 0.966668023003472 126 26 0
166 7 3.54444376627604 213 25 0
166 9 0.166666666666667 173 21 0
166 10 1.92222086588542 137 160 0
166 11 1.72222222222222 141 24 0
166 12 2.27777777777778 309 22 0
166 14 0.74444580078125 194 23 0
166 15 2.42222086588542 206 27 0
166 16 5.41111246744792 302 24 0
166 17 3.97777642144097 72 25 0
166 18 5.80000135633681 233 22 0
166 20 2.69999864366319 196 26 0
166 22 3.522216796875 252 36 0
166 17 4.9888916015625 282 24 0
166 18 3.23333062065972 176 24 0
166 20 1.17777506510417 177 23 0
166 21 1.78888617621528 103 32 0
166 22 3.85555013020833 302 21 0
166 23 2.94286237444197 96 86 0
166 4 4.57777743869358 78 21 0
166 3 3.62222290039062 307 26 0
166 5 3.53333367241753 65 35 0
166 7 1.52222357855903 220 19 0
166 7 5.21111043294271 273 130 0
166 18 5.43333604600694 212 23 0
166 17 5.72222222222222 189 157 0
166 20 4.24444580078125 34 9 0
166 20 2.02222357855903 249 32 0
166 16 7.92222086588542 222 42 0
166 21 1.35555013020833 119 26 0
166 23 1.88214547293528 293 26 0
166 20 4.25555419921875 287 26 0
166 22 3.38888888888889 180 0 2
102 3 2.76666598849826 150 37 1
102 5 0.122222900390625 177 151 0
102 6 0.533331976996528 364 22 0
102 4 3.33333333333333 231 23 0
102 6 1.71111043294271 96 24 0
102 6 9.52222357855903 211 12 0
102 6 6.71111043294271 281 21 0
102 7 3.28888956705729 260 22 0
102 8 3.69999864366319 353 10 0
102 8 5.66666666666667 166 27 0
102 10 3.07777913411458 285 24 0
102 11 3.61111111111111 83 24 0
102 13 1.54444715711806 208 24 0
102 14 2.60000271267361 111 26 0
102 15 4.72222222222222 163 26 0
102 16 1.84444173177083 267 28 0
102 17 5.477783203125 208 23 0
102 20 0.922227647569444 118 24 0
102 21 2.522216796875 104 22 0
102 23 0.61785452706474 642 13 0
102 23 3.50000000000001 326 0 2
