19	3	0.599999321831597	212	26	1
19	4	3.88888888888889	289	24	0
19	6	3.04444376627604	280	22	0
19	7	4.81110975477431	166	128	0
19	8	3.06666734483507	181	29	0
19	10	1.34444173177083	431	26	0
19	10	9.86666531032986	257	21	0
19	12	0.666666666666667	285	20	0
19	13	3.54444715711806	359	20	0
19	14	1.38888888888889	222	26	0
19	15	4.76666937934028	509	27	0
19	17	0.166666666666667	276	25	0
19	19	0.788886176215278	319	22	0
19	20	3.977783203125	222	26	0
19	22	1.73333062065972	248	20	0
19	21	1.61111111111111	157	29	0
19	17	6.13332790798611	159	76	0
19	6	4.26666598849826	150	38	0
19	3	6.08888922797309	293	22	0
19	2	3.61111111111111	103	28	0
19	5	3.01111178927951	178	24	0
19	6	6.27777777777778	196	22	0
19	7	4.55555555555556	188	22	0
19	6	4.97777642144097	208	25	0
19	8	1.06666734483507	254	22	0
19	9	1.26666598849826	322	29	0
19	7	1.08888753255208	213	26	0
19	6	1.05555555555556	146	45	0
19	4	3.33333333333333	275	21	0
19	5	3.05555555555556	232	27	0
19	7	2.88888888888889	313	23	0
19	8	6.26666598849826	189	21	0
19	10	0.5	176	30	0
19	11	4.62221950954861	228	26	0
19	13	3.66666666666667	299	25	0
19	14	5.39999728732639	178	58	0
19	6	6.18889024522569	193	18	0
19	6	2.31110975477431	180	22	0
19	7	4.28888956705729	220	31	0
19	10	0.922220865885417	263	49	0
19	7	1.01111178927951	220	38	0
19	10	4.85555691189236	181	33	0
19	14	0.633334689670139	219	25	0
19	15	2.45555284288194	211	26	0
19	16	5.87778049045139	298	22	0
19	17	6.20000542534722	235	26	0
19	20	2.76666937934028	235	24	0
19	22	2.15555826822917	218	21	0
19	21	2.28888617621528	239	47	0
19	13	5.73333062065972	217	25	0
19	11	4.94444444444444	360	29	0
19	10	0.811109754774306	321	28	0
19	8	0.777777777777778	280	24	0
19	6	6.82222154405382	275	26	0
19	8	3.33333333333333	218	50	0
19	5	1.78888956705729	183	29	0
19	3	3.4000006781684	233	20	0
19	2	2.53333367241753	135	26	0
19	4	2.55555555555556	267	20	0
19	5	2.47777642144097	174	24	0
19	7	1.82222154405382	293	27	0
19	9	2.35555691189236	382	37	0
19	11	2.55555555555556	321	27	0
19	14	4.60000271267361	189	32	0
19	16	6.76666937934028	248	28	0
19	19	1.75556098090278	197	19	0
19	18	1.31111653645833	346	22	0
19	19	4.82222493489583	256	22	0
19	21	3.87778049045139	259	20	0
19	22	3.62221950954861	505	26	0
19	19	0.366672092013889	149	57	0
19	14	1.84444173177083	253	26	0
19	13	1	278	24	0
19	14	0.977776421440972	399	17	0
19	14	4.41111246744792	205	27	0
19	15	7.13333468967014	104	0	2
144	1	2.95172382223195	138	24	1
144	3	3.45555623372396	180	21	0
144	5	0.122222900390625	264	20	0
144	6	1.05555555555556	212	20	0
144	6	5.54444376627604	226	19	0
144	6	4.22222222222222	216	23	0
144	7	0.599999321831597	220	27	0
144	8	3.55555555555556	325	25	0
144	10	0.288886176215278	334	21	0
144	10	6.5	178	25	0
144	12	1.97777642144097	265	22	0
144	13	6.65555826822917	266	25	0
144	14	3.96666802300347	277	24	0
144	15	5.04444715711806	255	21	0
144	16	4.94444444444444	226	24	0
144	18	1.93333604600694	250	22	0
144	19	4.38888888888889	192	24	0
144	22	1.64642333984376	218	25	0
144	20	0.977783203125	244	16	0
144	21	1.4888916015625	446	22	0
144	19	4.16666666666667	138	19	0
144	21	0.588894314236111	269	18	0
144	22	2.77142333984376	133	157	0
144	5	3.87777709960938	80	26	0
144	3	4.12222290039062	168	24	0
144	2	2.74444410536024	178	29	0
144	6	2.4000006781684	211	22	0
144	7	2.52222357855903	245	22	0
144	8	6.26666598849826	221	23	0
144	10	1.83333333333333	259	27	0
144	12	1.10000271267361	290	19	0
144	13	1.96666802300347	206	26	0
144	11	0.0111083984375	156	20	0
144	12	1.31110975477431	271	36	0
144	10	3.61111111111111	203	39	0
144	8	10.6888902452257	245	23	0
144	10	4.08888753255208	178	25	0
144	12	1.74444580078125	261	23	0
144	13	5.5111083984375	371	30	0
144	14	2.27777777777778	284	25	0
144	15	4.21111382378472	325	21	0
144	14	7.58888753255208	302	25	0
144	15	5.95555284288194	278	23	0
144	16	6.42222086588542	243	23	0
144	18	2.54444715711806	179	23	0
144	16	6.25555419921875	272	20	0
144	18	0.688883463541667	292	21	0
144	19	2.73333062065972	247	24	0
144	21	2.45555284288194	170	19	0
144	20	2.57777235243056	173	26	0
144	22	3.77856881277903	335	24	0
144	21	0.366672092013889	260	19	0
144	22	0.778568812779026	217	131	0
144	6	6.07777913411458	100	28	0
144	3	1.51111178927951	337	28	0
144	6	1.42222086588542	259	24	0
144	7	2.02222357855903	378	23	0
144	8	3.9000006781684	245	24	0
144	9	1.13333468967014	308	20	0
144	10	2.9888916015625	278	25	0
144	11	2.31110975477431	281	26	0
144	13	5.42222086588542	240	25	0
144	14	3.13333468967014	308	24	0
144	15	4.36666531032986	387	25	0
144	16	3.94444444444444	151	29	0
144	13	10.9444444444444	228	22	0
144	14	4.36666531032986	195	32	0
144	16	0.533331976996528	215	23	0
144	16	8	275	26	0
144	15	5.35555691189236	225	24	0
144	16	7.11111111111111	214	23	0
144	19	0.255560980902778	278	27	0
144	21	1.89999728732639	288	20	0
144	22	4.46428571428572	89	152	0
144	4	3.05555555555556	162	40	0
144	2	2.61111111111111	211	28	0
144	6	1.96666802300347	246	25	0
144	7	4.81110975477431	291	29	0
144	9	1.82222493489583	225	26	0
144	8	6.5999993218316	226	27	0
144	10	1.91111246744792	423	29	0
144	8	7.4000006781684	198	27	0
144	10	5.74444580078125	255	38	0
144	13	3.03333197699653	218	27	0
144	14	3.15555826822917	483	19	0
144	14	2.61111111111111	126	26	0
144	15	4.62221950954861	206	25	0
144	16	6.83333333333333	224	34	0
144	20	1.23333062065972	188	22	0
144	19	1.70000542534722	92	31	0
144	22	1.75356619698662	216	21	0
144	21	0.0333387586805556	180	42	0
144	17	1.78888617621528	65	51	0
144	13	10.5666639539931	188	38	0
144	12	2.02222357855903	242	24	0
144	13	9.11111111111111	191	25	0
144	14	6.28888617621528	115	52	0
144	10	3.73333062065972	245	27	0
144	8	6.5	286	24	0
144	7	3.02222357855903	191	51	0
144	4	4.25555589463976	152	23	0
144	3	1.32222154405382	240	28	0
144	6	0.544443766276042	177	34	0
144	7	4.84444512261285	294	35	0
144	6	4.21111043294271	230	24	0
144	7	3.77777777777778	241	20	0
144	8	5.31110975477431	212	24	0
144	10	2.32222493489583	412	37	0
144	12	2.14444308810764	260	40	0
144	13	8.4888916015625	213	22	0
144	14	5.02222357855903	277	22	0
144	15	1.83333333333333	202	24	0
144	16	1.27777777777778	170	21	0
144	16	8.08888753255208	176	25	0
144	19	4.81111653645833	202	0	2
163	2	3.94444444444444	151	22	1
163	4	1.18888854980469	200	19	0
163	5	2.2000003390842	239	14	0
163	6	1.93333265516493	208	23	0
163	7	1.04444376627604	225	24	0
163	6	4.98888821072049	160	25	0
163	8	1.5999993218316	326	24	0
163	10	2.32222154405382	236	20	0
163	10	0.688890245225694	256	30	0
163	6	3.34444512261285	253	26	0
163	4	1.58888922797309	239	42	0
163	7	2.98888821072049	239	23	0
163	9	2.96666802300347	257	24	0
163	10	7.61111111111111	190	23	0
163	13	1.16666666666667	335	26	0
163	14	2.5111083984375	304	23	0
163	15	5	249	22	0
163	16	6.15555826822917	200	23	0
163	18	3.74444580078125	209	25	0
163	21	0.266669379340278	207	23	0
163	19	4	161	29	0
163	22	1.21785191127233	169	32	0
163	18	1.58888753255208	219	8	0
163	18	0.100002712673611	137	46	0
163	22	0.199994768415187	177	24	0
163	21	0.911105685763889	176	21	0
163	22	3.92857142857144	191	52	0
163	17	2.81110975477431	170	46	0
163	14	3.11111111111111	140	27	0
163	15	4.97777642144097	209	25	0
163	16	5.16666666666667	200	73	0
163	8	3.22222222222222	157	34	0
163	4	1.97777811686198	178	36	0
163	2	2.33333333333333	215	27	0
163	5	1.34444512261285	268	24	0
163	7	1.08888753255208	168	125	0
163	8	2.30000135633681	189	25	0
163	10	4.5	250	25	0
163	11	5.72222222222222	305	22	0
163	14	0.133334689670139	147	53	0
163	6	6.61111111111111	240	44	0
163	4	3.37777709960938	265	44	0
163	8	3.28888956705729	172	53	0
163	15	5.4888916015625	178	28	0
163	17	2.43333604600694	196	27	0
163	19	4.71111382378472	319	18	0
163	18	1.26666937934028	253	19	0
163	19	2.80000135633681	170	22	0
163	22	0.885711669921883	157	63	0
163	10	2.71111043294271	247	19	0
163	10	7.08888753255208	158	25	0
163	13	2.5111083984375	334	26	0
163	11	5.82222493489583	211	0	2
147	1	2.45517257164264	135	27	1
147	3	6.46666632758247	164	24	0
147	5	1.34444512261285	92	173	0
147	6	3.64444308810764	375	23	0
147	7	2.36666531032986	283	23	0
147	8	3.77777777777778	162	23	0
147	10	0.688890245225694	255	26	0
147	12	1.31110975477431	408	27	0
147	13	6.43333604600694	150	22	0
147	13	4.02222357855903	428	22	0
147	14	3.27777777777778	211	36	0
147	13	4.62221950954861	212	27	0
147	14	5.08888753255208	198	20	0
147	14	3.46666802300347	101	40	0
147	13	3.37778049045139	272	14	0
147	13	5.71111382378472	161	40	0
147	15	4.85555691189236	205	24	0
147	16	0.411112467447917	103	25	0
147	17	0.855556911892361	250	18	0
147	18	1.12221950954861	143	26	0
147	16	5.95555284288194	258	29	0
147	18	3.08889431423611	211	20	0
147	19	5.76666937934028	249	23	0
147	20	2.36667209201389	247	90	0
147	3	7.48888821072049	161	23	0
147	2	3.21111128065321	142	33	0
147	6	1.31110975477431	242	51	0
147	2	3.64444478352865	206	27	0
147	1	2.17586175326643	254	27	0
147	3	4.88888888888889	170	26	0
147	6	0.144443088107639	284	31	0
147	7	2.19999864366319	215	27	0
147	6	3.17777845594618	243	26	0
147	8	2.62222290039062	291	20	0
147	7	3.5	259	42	0
147	9	0.866665310329861	252	26	0
147	11	0.666666666666667	302	21	0
147	10	1.66666666666667	171	48	0
147	13	3.81110975477431	166	44	0
147	10	0.300001356336806	380	35	0
147	8	2.78888956705729	269	26	0
147	7	0.599999321831597	260	45	0
147	9	2.11111111111111	168	33	0
147	14	3.91111246744792	194	21	0
147	15	6.5111083984375	244	21	0
147	16	4.62221950954861	214	25	0
147	17	5.61111111111111	215	28	0
147	19	6.977783203125	172	25	0
147	21	0.468176639441295	177	23	0
147	19	8.96666124131944	181	16	0
147	19	5.0111083984375	218	37	0
147	21	0.73332815459281	139	0	2
138	2	2.27777777777778	159	23	1
138	3	6.18888854980469	226	24	0
138	5	1.98888821072049	223	23	0
138	6	4.47777642144097	186	26	0
138	7	4.47777642144097	254	19	0
138	9	0.588887532552083	194	20	0
138	10	2.55555555555556	243	27	0
138	12	0.377780490451389	262	22	0
138	13	2.68889024522569	142	50	0
138	8	3.51111178927951	234	15	0
138	9	2.03333197699653	368	22	0
138	8	1.02222357855903	180	23	0
138	9	3.67777845594618	175	24	0
138	11	0.311109754774306	260	23	0
138	12	0.844441731770833	320	23	0
138	11	1.75555419921875	221	23	0
138	13	0.822224934895833	203	23	0
138	14	3.9888916015625	313	31	0
138	16	4.15555826822917	157	8	0
138	16	3.35555691189236	161	26	0
138	17	5.04444715711806	194	26	0
138	16	5.31110975477431	226	29	0
138	17	6.36667209201389	200	24	0
138	20	0.222222222222222	161	15	0
138	19	0.744439019097222	297	35	0
138	21	6.71111382378472	273	12	0
138	23	0.281252543131506	140	88	0
138	4	4.5	99	43	0
138	2	3.41111077202691	339	23	0
138	3	6.83333333333333	167	24	0
138	6	3.91111246744792	256	23	0
138	7	2.53333197699653	297	24	0
138	9	3.53333197699653	421	25	0
138	11	0.25555419921875	274	22	0
138	12	1.19999864366319	379	24	0
138	13	7.15555826822917	194	47	0
138	11	0.600002712673611	133	41	0
138	9	1.08888753255208	343	23	0
138	7	4.88888888888889	370	21	0
138	9	1.07777913411458	347	24	0
138	10	4.32222493489583	233	20	0
138	11	4.03333197699653	420	21	0
138	13	2.15555826822917	147	36	0
138	8	3.56666734483507	204	38	0
138	6	8.53333197699653	221	39	0
138	6	2.76666598849826	79	27	0
138	8	0.900000678168403	224	21	0
138	7	2.84444512261285	250	25	0
138	9	0.422220865885417	357	22	0
138	10	2.60000271267361	164	35	0
138	6	0.544443766276042	252	27	0
138	4	0.344445122612847	324	66	0
138	10	5.54444715711806	214	26	0
138	12	3.60000271267361	274	7	0
138	13	1.21111382378472	228	25	0
138	11	3.82222493489583	284	18	0
138	12	3.42222086588542	287	26	0
138	13	8.91111246744792	185	21	0
138	15	1.69999864366319	319	27	0
138	16	4.44444444444444	288	24	0
138	15	5.56666395399306	195	44	0
138	13	2.88888888888889	224	38	0
138	11	4.15555826822917	301	45	0
138	10	0.988888210720486	290	26	0
138	11	4.24444580078125	303	30	0
138	8	0.933332655164931	213	34	0
138	6	4.16666666666667	193	46	0
138	4	3.57777743869358	132	25	0
138	3	2.78888956705729	286	25	0
138	5	0.622222900390625	205	26	0
138	6	9.03333197699653	239	17	0
138	7	2.74444580078125	274	20	0
138	8	3.34444512261285	203	34	0
138	7	4.25555419921875	247	24	0
138	9	2.54444376627604	351	27	0
138	11	1.31110975477431	284	21	0
138	13	1.04444715711806	181	28	0
138	15	4.26666937934028	207	28	0
138	16	8.74444580078125	183	21	0
138	17	6.75556098090278	214	19	0
138	19	2.64444986979167	189	26	0
138	23	0.395833333333329	362	0	2
32	3	4.74444410536024	205	23	1
32	5	1.95555623372396	257	20	0
32	6	2.80000135633681	178	25	0
32	7	2.46666802300347	258	25	0
32	6	4.33333333333333	213	34	0
32	7	4.01111178927951	207	23	0
32	8	4.77777777777778	482	21	0
32	9	2.4888916015625	144	37	0
32	8	4.01111178927951	233	18	0
32	8	7.74444580078125	246	25	0
32	9	4.89999728732639	236	17	0
32	11	0.0444471571180556	194	22	0
32	12	2.37778049045139	208	25	0
32	13	7.32222493489583	224	12	0
32	13	4.53333197699653	236	24	0
32	14	3.35555691189236	324	25	0
32	15	6.07777913411458	176	19	0
32	15	4.32222493489583	162	27	0
32	16	5.26666937934028	257	25	0
32	18	2.95555284288194	259	23	0
32	16	8.58888753255208	153	19	0
32	16	5.34444173177083	186	24	0
32	18	2.04444715711806	259	21	0
32	16	9.88888888888889	223	18	0
32	16	5.84444173177083	200	19	0
32	16	4.37778049045139	287	19	0
32	17	2.17777506510417	220	24	0
32	19	3.29999457465278	194	37	0
32	21	1.28888617621528	213	16	0
32	22	1.68787360913826	225	96	0
32	6	2.14444308810764	115	32	0
32	2	2.24444410536024	420	34	0
32	5	3.85555691189236	281	25	0
32	7	1.64444308810764	272	22	0
32	8	3.06666734483507	245	26	0
32	9	4.5111083984375	152	13	0
32	9	2.86666531032986	168	27	0
32	11	4.88888888888889	223	26	0
32	13	4.16666666666667	618	24	0
32	14	4.27777777777778	638	22	0
32	15	1.41111246744792	246	41	0
32	11	5.13333468967014	188	23	0
32	11	0.0777791341145833	236	23	0
32	12	1.18889024522569	229	63	0
32	15	2.93333604600694	263	25	0
32	16	5.89999728732639	217	22	0
32	18	1.34444173177083	198	21	0
32	16	6.83333333333333	217	9	0
32	16	5.25555419921875	79	26	0
32	18	0.711113823784722	243	26	0
32	19	7.522216796875	312	29	0
32	21	3.65555826822917	168	21	0
32	20	0.644449869791667	192	18	0
32	19	8.9888916015625	74	87	0
32	4	3.43333265516493	145	27	0
32	2	1.51111094156901	231	40	0
32	5	2.81111145019531	186	27	0
32	7	3.97777642144097	404	24	0
32	8	8.88888888888889	247	37	0
32	6	5.06666734483507	246	47	0
32	4	2.55555555555556	227	22	0
32	4	0.622222900390625	174	259	0
32	8	8.41111246744792	179	22	0
32	9	3.42222086588542	233	30	0
32	7	4.92222086588542	441	41	0
32	10	2.62221950954861	307	48	0
32	8	5.48888821072049	160	28	0
32	9	5.92222086588542	218	24	0
32	11	3.02222357855903	176	27	0
32	13	7.88888888888889	178	26	0
32	14	7.61111111111111	315	25	0
32	15	5.65555826822917	191	28	0
32	14	3.5	292	29	0
32	12	3.93333604600694	160	19	0
32	13	4.36666531032986	240	27	0
32	14	4.65555826822917	324	37	0
32	15	5.94444444444444	167	0	2
83	3	3.36666700575087	194	26	1
83	5	1.37777709960938	208	22	0
83	6	4.83333333333333	168	16	0
83	6	2.18889024522569	442	22	0
83	7	1.15555487738715	297	21	0
83	8	2.58888753255208	272	24	0
83	9	3.91111246744792	300	22	0
83	11	4.03333197699653	218	23	0
83	13	3.87778049045139	264	25	0
83	14	4.22222222222222	298	26	0
83	13	2.89999728732639	311	29	0
83	14	7.56666395399306	178	23	0
83	15	9.25555419921875	175	24	0
83	17	3.95555284288194	249	21	0
83	19	2.23333062065972	257	26	0
83	22	1.40322843161963	326	100	0
83	6	2.03333197699653	126	26	0
83	4	3.16666666666667	269	27	0
83	7	1.19999864366319	250	22	0
83	8	2.25555419921875	211	22	0
83	9	3.64444308810764	328	27	0
83	11	5.37778049045139	402	25	0
83	14	0.0888875325520833	293	54	0
83	8	1.53333197699653	221	26	0
83	7	0.522223578559028	156	149	0
83	8	6.63333468967014	224	21	0
83	10	2.12221950954861	180	30	0
83	11	5.4888916015625	262	25	0
83	13	7.34444173177083	193	39	0
83	15	4.87778049045139	169	23	0
83	16	4.34444173177083	255	24	0
83	18	1.18889024522569	205	30	0
83	15	6.18889024522569	266	0	2
106	3	1.94444444444444	194	26	1
106	5	2.64444478352865	234	26	0
106	7	0.155554877387153	256	19	0
106	8	0.733334011501736	283	22	0
106	8	8.32222154405382	160	20	0
106	9	3.43333604600694	263	17	0
106	10	1.84444173177083	190	25	0
106	12	1.87778049045139	312	21	0
106	11	1.96666802300347	193	26	0
106	14	1.19999864366319	316	26	0
106	15	5.87778049045139	281	22	0
106	16	4.54444715711806	130	26	0
106	15	1.68889024522569	235	24	0
106	16	2.91111246744792	178	40	0
106	13	3.67777506510417	260	14	0
106	14	1.30000135633681	171	29	0
106	16	5.87778049045139	279	15	0
106	17	2.04444715711806	200	26	0
106	18	3.4888916015625	282	25	0
106	20	0.644449869791667	142	52	0
106	16	5.68889024522569	107	45	0
106	8	6.44444444444444	180	63	0
106	18	4.32222493489583	269	35	0
106	17	5.77777777777778	253	37	0
106	16	2.92222086588542	191	31	0
106	17	8.81110975477431	139	20	0
106	17	5.76666937934028	215	26	0
106	18	6.19999864366319	152	116	0
106	7	0.788889567057292	62	260	0
106	2	3.16666666666667	166	27	0
106	5	0.377777099609375	255	24	0
106	6	7.47777642144097	303	24	0
106	7	5.51111178927951	218	25	0
106	9	0.133334689670139	301	19	0
106	9	5.5111083984375	279	20	0
106	11	2.33333333333333	218	23	0
106	13	1.63333468967014	226	22	0
106	14	3.64444308810764	474	10	0
106	15	1.96666802300347	204	25	0
106	16	4.0111083984375	326	24	0
106	17	4.46666802300347	268	24	0
106	19	1.76666937934028	276	21	0
106	20	3.74443901909722	161	26	0
106	22	3.66666666666667	301	111	0
106	9	2.52222357855903	141	31	0
106	6	3.73333401150174	282	35	0
106	3	2.2999996609158	183	25	0
106	1	2.44482790190598	153	25	0
106	4	0.222222222222222	283	24	0
106	5	3.02222188313802	197	29	0
106	7	1.38888888888889	264	25	0
106	8	5.42222086588542	257	20	0
106	9	2.33333333333333	327	19	0
106	10	1.43333604600694	490	22	0
106	11	3.23333062065972	340	17	0
106	10	3.46666802300347	162	22	0
106	12	0.444444444444444	398	22	0
106	13	2.23333062065972	245	23	0
106	15	0.266669379340278	386	26	0
106	13	2.15555826822917	151	26	0
106	15	2.21111382378472	182	31	0
106	10	2.78888617621528	221	17	0
106	11	1.24444580078125	257	49	0
106	16	2.13333468967014	233	25	0
106	17	6.83333333333333	233	25	0
106	16	4.42222086588542	287	30	0
106	14	1.86666531032986	311	21	0
106	15	3.68889024522569	216	23	0
106	16	3.52222357855903	291	25	0
106	17	5.60000271267361	143	60	0
106	11	3.26666937934028	198	22	0
106	13	1.43333604600694	150	51	0
106	8	4.32222154405382	226	42	0
106	6	0.122222900390625	118	29	0
106	3	1.18888854980469	162	11	0
106	2	2.58888922797309	216	24	0
106	4	2.36666700575087	454	18	0
106	3	4.68888854980469	281	19	0
106	5	0.533333672417535	493	15	0
106	6	0.655554877387153	355	23	0
106	6	7.82222154405382	474	26	0
106	8	3.12222290039062	267	24	0
106	9	2.05555555555556	581	24	0
106	8	7.19999864366319	289	24	0
106	9	4.91111246744792	180	33	0
106	11	3.32222493489583	221	27	0
106	13	2.55555555555556	243	20	0
106	14	2.77777777777778	207	13	0
106	14	0.777777777777778	274	26	0
106	16	3.62221950954861	542	24	0
106	15	7.68889024522569	388	61	0
106	8	2.76666598849826	198	41	0
106	6	6.12222290039062	250	31	0
106	4	2.11111111111111	226	22	0
106	5	2.0999993218316	402	0	2
125	3	5.46666632758247	169	23	1
125	4	4.95555623372396	189	23	0
125	6	2.64444308810764	190	22	0
125	7	3.25555419921875	259	25	0
125	8	5.61111111111111	240	26	0
125	9	3.06666395399306	276	22	0
125	11	1.0111083984375	212	26	0
125	13	2.02222357855903	334	22	0
125	15	0.977776421440972	282	27	0
125	16	4.64444308810764	266	25	0
125	17	3.42222086588542	236	30	0
125	19	2.61111111111111	265	23	0
125	21	1.83333333333333	218	21	0
125	22	1.91110568576389	108	24	0
125	23	3.76666937934028	374	15	0
125	24	2.96399739583333	50	235	0
125	3	7.85555521647135	125	19	0
125	3	3.77777777777778	255	21	0
125	4	3.01111178927951	208	27	0
125	2	3.7999996609158	220	36	0
125	1	1.63793103448276	142	28	0
125	4	4.0999993218316	241	25	0
125	6	3.74444580078125	208	56	0
125	7	3.27777777777778	243	13	0
125	7	2.31110975477431	484	26	0
125	6	4.45555623372396	206	37	0
125	7	5.51111178927951	210	26	0
125	9	1.52222357855903	258	21	0
125	10	3.63333468967014	337	23	0
125	12	0.855556911892361	245	26	0
125	14	2.60000271267361	312	27	0
125	16	4.07777913411458	348	26	0
125	17	2	250	20	0
125	17	6.10000271267361	244	23	0
125	19	0.377780490451389	192	25	0
125	21	4.46666124131944	179	27	0
125	24	0.873333333333333	411	72	0
125	7	4.72222222222222	315	37	0
125	6	5.41111246744792	134	35	0
125	5	3.30000135633681	223	0	2
29	3	3.16666666666667	233	250	1
29	4	4.07777743869358	177	11	0
29	5	1.87777709960938	171	16	0
29	6	3.11111111111111	186	26	0
29	7	3.71111043294271	460	20	0
29	9	0.144443088107639	207	22	0
29	7	5.73333401150174	200	20	0
29	7	5	137	26	0
29	9	2.22222222222222	310	9	0
29	9	3.5999993218316	168	31	0
29	13	0.177775065104167	247	25	0
29	11	0.977776421440972	182	19	0
29	10	0.900000678168403	235	26	0
29	8	4.28888956705729	230	11	0
29	9	1.74444580078125	358	26	0
29	7	4.4000006781684	193	21	0
29	8	3.19999864366319	226	24	0
29	10	3.9888916015625	197	25	0
29	12	1.17777506510417	155	21	0
29	11	2.84444173177083	146	33	0
29	15	0.0888875325520833	214	11	0
29	14	1.77777777777778	180	26	0
29	16	0.122219509548611	218	27	0
29	17	2.74444580078125	268	25	0
29	19	1.29999457465278	90	34	0
29	16	4.33333333333333	390	26	0
29	17	5.31110975477431	252	21	0
29	19	2.85555013020833	316	25	0
29	17	5.66666666666667	198	22	0
29	19	3.08889431423611	159	29	0
29	22	3.73333062065972	166	60	0
29	13	1.93333604600694	219	21	0
29	14	1.88888888888889	223	23	0
29	15	5.52222357855903	284	24	0
29	16	3.95555284288194	677	41	0
29	15	2.83333333333333	284	15	0
29	15	6.18889024522569	221	35	0
29	13	2.35555691189236	265	25	0
29	11	2.32222493489583	218	47	0
29	8	3.76666598849826	239	26	0
29	7	1.18889024522569	338	38	0
29	6	1.06666734483507	201	45	0
29	3	3.96666632758247	222	24	0
29	4	2.21111043294271	307	28	0
29	3	1.44444444444444	212	25	0
29	5	0.0111117892795139	226	23	0
29	6	4.13333468967014	256	21	0
29	7	1.23333401150174	409	53	0
29	10	3.34444173177083	263	28	0
29	13	1.13333468967014	222	26	0
29	14	3.45555284288194	280	25	0
29	16	1.96666802300347	395	23	0
29	15	4.13333468967014	362	23	0
29	14	0.0666639539930556	247	17	0
29	13	2.87778049045139	150	43	0
29	16	3.61111111111111	276	29	0
29	18	2.13333468967014	184	23	0
29	20	5.14444986979167	124	28	0
29	23	4.44286237444197	178	80	0
29	8	0.5	637	26	0
29	7	0.122222900390625	160	29	0
29	5	1.93333265516493	273	15	0
29	6	0.766665988498264	110	40	0
29	4	2.66666666666667	106	0	2
42	2	4.04444376627604	144	26	1
42	4	3.23333401150174	220	20	0
42	4	0.0222218831380208	135	29	0
42	6	6.76666598849826	195	25	0
42	7	5.66666666666667	298	21	0
42	9	0.866665310329861	285	21	0
42	11	0.177775065104167	290	21	0
42	12	1	348	30	0
42	13	9.58888753255208	260	19	0
42	13	4.92222086588542	156	26	0
42	15	1.36666531032986	324	24	0
42	16	3.52222357855903	332	26	0
42	15	3.54444715711806	257	26	0
42	16	8.89999728732639	271	25	0
42	18	1.83333333333333	231	25	0
42	20	0.711113823784722	201	121	0
42	6	4.63333468967014	118	29	0
42	3	3.62222290039062	102	35	0
42	2	3.31111145019531	227	24	0
42	4	1.2999996609158	245	25	0
42	6	4.0999993218316	260	21	0
42	7	2.58888753255208	476	25	0
42	8	5.42222086588542	116	127	0
42	10	1.39999728732639	278	25	0
42	12	3.12221950954861	211	21	0
42	11	3.03333197699653	331	33	0
42	7	3.07777913411458	347	27	0
42	9	0.377777099609375	225	31	0
42	12	2.66666666666667	243	38	0
42	15	0.577779134114583	257	26	0
42	16	6.67777506510417	219	21	0
42	17	4.0111083984375	180	22	0
42	19	0.555555555555556	232	22	0
42	20	5.61111111111111	158	25	0
42	23	2.21428571428572	182	24	0
42	21	0.844441731770833	212	88	0
42	10	1.28888617621528	174	19	0
42	10	3.89999728732639	159	27	0
42	13	0.466668023003472	219	26	0
42	14	1.47777642144097	257	21	0
42	15	3.94444444444444	237	19	0
42	15	0.344441731770833	182	25	0
42	16	3.86666531032986	185	58	0
42	7	4.97777642144097	259	27	0
42	6	2.85555691189236	257	36	0
42	3	0.266665988498264	202	23	0
42	4	4.84444512261285	288	25	0
42	7	1.30000135633681	555	29	0
42	8	7.67777845594618	219	22	0
42	10	3.14444308810764	249	26	0
42	12	3.0111083984375	254	27	0
42	14	3.25555419921875	489	16	0
42	15	3.75555419921875	177	25	0
42	16	4.13333468967014	340	25	0
42	17	2.61111111111111	154	32	0
42	21	0.622219509548611	227	24	0
42	23	1.1857169015067	475	0	2
157	1	1.98965533026333	234	21	1
157	2	3.86666700575087	192	21	0
157	2	0.211111280653212	298	33	0
157	1	1.59655156628839	206	7	0
157	1	2.24827601991851	446	24	0
157	3	1.68888854980469	179	33	0
157	2	0.422222561306424	165	39	0
157	2	0.399999830457899	143	34	0
157	1	2.30000015784954	36	24	0
157	1	2.31034482758621	132	58	0
157	2	2.91111077202691	187	58	0
157	2	0.0555555555555556	44	46	0
157	2	0.0888892279730903	39	22	0
157	1	1.80344811801253	348	22	0
157	2	2.75555589463976	247	26	0
157	4	0.388888888888889	94	86	0
157	4	2.51111178927951	172	23	0
157	6	1.9000006781684	428	35	0
157	3	7.58888922797309	234	22	0
157	3	2.88888888888889	290	16	0
157	3	7.36666700575087	236	17	0
157	4	3.62222290039062	253	26	0
157	6	6.19999864366319	254	27	0
157	7	3.25555419921875	355	23	0
157	8	4.53333197699653	357	22	0
157	9	3.94444444444444	269	23	0
157	10	4.66666666666667	238	27	0
157	11	4.10000271267361	284	24	0
157	13	4.28888617621528	225	25	0
157	15	1.77777777777778	340	25	0
157	16	7.23333062065972	208	23	0
157	17	5.82222493489583	221	27	0
157	20	0.5111083984375	268	24	0
157	22	0.425762754498113	268	45	0
157	17	6.91110568576389	132	93	0
157	3	4.7999996609158	152	37	0
157	3	0.177778455946181	191	26	0
157	5	0.788889567057292	222	24	0
157	6	7.06666734483507	234	23	0
157	7	3.36666531032986	335	26	0
157	6	9.85555691189236	148	30	0
157	8	3.33333333333333	239	26	0
157	10	1.10000271267361	394	55	0
157	6	6.22222222222222	263	53	0
157	10	4.02222357855903	219	50	0
157	15	5.38888888888889	275	43	0
157	10	0.377780490451389	254	34	0
157	8	3.15555487738715	204	27	0
157	10	2.16666666666667	309	26	0
157	12	0.0666639539930556	148	24	0
157	10	7.97777642144097	156	26	0
157	12	3.4888916015625	198	27	0
157	14	3.08888753255208	251	25	0
157	16	1.54444715711806	227	23	0
157	17	4.29999457465278	246	28	0
157	19	3.39999728732639	192	23	0
157	21	1.28888617621528	182	28	0
157	18	0.355550130208333	240	19	0
157	17	5.60000271267361	158	24	0
157	19	2.35555013020833	568	23	0
157	20	4.42222764756944	191	20	0
157	19	1.84444173177083	279	24	0
157	21	0.877780490451389	261	15	0
157	21	3.68888346354167	935	89	0
157	6	7.17777845594618	250	19	0
157	6	3.23333401150174	200	23	0
157	4	3.24444410536024	229	22	0
157	3	3.44444444444444	213	18	0
157	2	2.7999996609158	132	26	0
157	4	1.61111111111111	280	26	0
157	6	2.30000135633681	179	26	0
157	7	0.344445122612847	254	31	0
157	8	7.32222493489583	282	51	0
157	6	5.24444580078125	738	0	2
93	3	5.95555623372396	220	24	1
93	4	4.17777845594618	252	23	0
93	6	1.82222154405382	284	25	0
93	7	1.68889024522569	362	26	0
93	6	1.44444444444444	261	24	0
93	7	2.44444444444444	252	19	0
93	8	2.32222154405382	279	25	0
93	9	1.61111111111111	444	27	0
93	11	3.66666666666667	448	22	0
93	13	3.39999728732639	300	23	0
93	14	3.42222086588542	279	25	0
93	16	2.74444580078125	241	21	0
93	15	5.19999864366319	267	24	0
93	16	6.30000135633681	227	21	0
93	17	4.66666666666667	186	23	0
93	20	2.022216796875	261	26	0
93	23	1.09393680456914	128	117	0
93	3	8.05555555555556	197	23	0
93	3	1.92222256130642	285	25	0
93	4	3.25555589463976	231	23	0
93	6	2.35555691189236	200	23	0
93	7	2.14444308810764	303	24	0
93	8	4.23333401150174	215	28	0
93	10	1.06666395399306	438	29	0
93	12	1.63333468967014	226	21	0
93	13	6.93333604600694	202	24	0
93	15	5.28888617621528	248	22	0
93	16	4.91111246744792	226	25	0
93	15	8.13333468967014	120	26	0
93	16	7.06666395399306	246	24	0
93	17	4.21111382378472	165	27	0
93	20	2.20000542534722	260	30	0
93	23	2.91818699692236	227	20	0
93	22	0.544447157118056	133	81	0
93	7	2.96666802300347	250	28	0
93	6	3.07777913411458	209	17	0
93	6	0	241	23	0
93	6	4.24444580078125	184	0	2
109	2	3.55555555555556	187	22	1
109	3	7.64444478352865	219	25	0
109	5	0.644443088107639	221	21	0
109	6	2.13333468967014	328	16	0
109	6	6.19999864366319	216	14	0
109	6	3.91111246744792	264	130	0
109	7	3.52222357855903	559	23	0
109	8	3.69999864366319	186	25	0
109	7	2.13333468967014	273	26	0
109	9	1.46666802300347	227	21	0
109	10	2.94444444444444	384	25	0
109	12	3.32222493489583	297	14	0
109	11	4.22222222222222	224	21	0
109	13	0.566663953993056	277	16	0
109	13	4.88888888888889	167	22	0
109	15	0.0888875325520833	236	23	0
109	16	2.91111246744792	220	20	0
109	15	0.800001356336806	236	36	0
109	17	2.18889024522569	335	21	0
109	16	4.64444308810764	218	26	0
109	17	6.38888888888889	185	24	0
109	19	3.56666395399306	284	24	0
109	20	5.63332790798611	279	21	0
109	22	0.333333333333333	283	19	0
109	23	1.64545972419508	286	22	0
109	22	0.155558268229167	279	113	0
109	10	0.788886176215278	205	57	0
109	16	2.77777777777778	214	300	0
109	18	0	102	25	0
109	16	5.80000135633681	257	54	0
109	7	5.69999864366319	277	28	0
109	4	4.47777642144097	189	49	0
109	2	0.0777774386935764	211	19	0
109	3	4.46666632758247	175	26	0
109	4	4.77777777777778	260	24	0
109	6	5.31110975477431	291	75	0
109	7	5.74444580078125	164	16	0
109	7	3.31110975477431	315	21	0
109	8	3.82222154405382	193	22	0
109	10	0.588887532552083	591	25	0
109	11	3.34444173177083	291	27	0
109	13	3.9888916015625	248	23	0
109	14	3.65555826822917	220	23	0
109	16	2.93333604600694	167	25	0
109	15	1.32222493489583	216	17	0
109	16	0.544447157118056	128	28	0
109	17	4.80000135633681	262	26	0
109	19	4.42222764756944	329	28	0
109	21	2.66666666666667	278	20	0
109	22	1.70000542534722	189	15	0
109	23	1.65606319543088	147	78	0
109	7	5.94444444444444	313	23	0
109	7	0.388888888888889	140	50	0
109	13	2.84444173177083	241	42	0
109	10	1.44444444444444	250	37	0
109	6	7.96666802300347	307	15	0
109	7	3.06666734483507	201	25	0
109	6	1.38888888888889	323	28	0
109	4	1.22222222222222	215	0	2
35	2	1.17777760823568	156	26	1
35	4	2.42222256130642	275	26	0
35	6	3.24444580078125	228	23	0
35	8	1.01111178927951	218	23	0
35	7	2.44444444444444	170	34	0
35	9	3.68889024522569	293	27	0
35	11	1.61111111111111	252	26	0
35	13	1.03333197699653	208	23	0
35	14	4.47777642144097	279	23	0
35	16	1.37778049045139	313	40	0
35	18	3.03333197699653	226	17	0
35	18	0.911112467447917	239	21	0
35	19	3.33333333333333	133	23	0
35	21	0.277777777777778	225	29	0
35	17	5.21111382378472	207	47	0
35	11	1.80000135633681	267	38	0
35	10	5.18889024522569	136	47	0
35	7	3.28888956705729	298	25	0
35	8	6.64444308810764	151	33	0
35	4	1.77777777777778	234	29	0
35	3	0.377777099609375	283	25	0
35	4	4.48888821072049	296	22	0
35	6	3.5999993218316	331	16	0
35	7	3.65555487738715	457	39	0
35	10	5.66666666666667	273	24	0
35	12	2.62221950954861	235	28	0
35	15	1.19999864366319	457	23	0
35	16	1.5	331	21	0
35	15	3.84444173177083	195	52	0
35	19	3.37778049045139	249	25	0
35	21	1.25556098090278	186	48	0
35	14	0.666666666666667	165	25	0
35	12	2.34444173177083	141	26	0
35	10	10.3777804904514	167	26	0
35	10	0.811109754774306	255	27	0
35	11	3.53333197699653	147	51	0
35	19	5.78888617621528	358	43	0
35	16	5.83333333333333	171	18	0
35	16	0.9888916015625	181	25	0
35	15	1.32222493489583	193	47	0
35	19	5.78888617621528	229	24	0
35	21	0.4888916015625	469	0	2
26	3	0.433332655164931	177	21	1
26	1	1.68965517241379	262	20	0
26	3	0.433332655164931	167	27	0
26	4	4.30000135633681	265	18	0
26	6	1.14444308810764	157	25	0
26	7	0.844445122612847	232	21	0
26	8	1.82222154405382	265	21	0
26	9	3.65555826822917	376	20	0
26	10	6.58888753255208	188	24	0
26	12	2.37778049045139	235	21	0
26	13	6.03333197699653	157	24	0
26	15	4.33333333333333	359	23	0
26	16	2.89999728732639	361	22	0
26	17	4.04444715711806	221	25	0
26	20	1.22222222222222	259	27	0
26	23	0.748044481464472	323	292	0
26	3	4.84444512261285	349	25	0
26	4	3.15555487738715	247	27	0
26	6	8.80000135633681	263	23	0
26	7	4.93333265516493	446	27	0
26	9	1.37778049045139	237	26	0
26	10	7.93333604600694	248	22	0
26	10	4.05555555555556	133	25	0
26	12	0.522223578559028	297	18	0
26	13	2.28888617621528	180	27	0
26	15	0.444444444444444	178	23	0
26	13	3.72222222222222	410	24	0
26	14	3.44444444444444	190	31	0
26	16	0.0444471571180556	180	24	0
26	15	7.82222493489583	175	24	0
26	16	5.54444715711806	268	36	0
26	15	6.73333062065972	289	24	0
26	16	4.36666531032986	466	28	0
26	15	1.89999728732639	344	29	0
26	16	4.82222493489583	249	28	0
26	17	4.76666937934028	215	24	0
26	20	4.24443901909722	253	20	0
26	19	2.34444173177083	283	21	0
26	20	3.5111083984375	153	25	0
26	19	1.31111653645833	489	31	0
26	15	5.45555284288194	255	38	0
26	13	3.58888753255208	228	33	0
26	12	0.9888916015625	138	25	0
26	13	6.9888916015625	167	39	0
26	19	3.18888346354167	329	32	0
26	23	0.456860112208957	168	29	0
26	18	3.83333333333333	255	19	0
26	17	3.10000271267361	386	20	0
26	16	5.74444580078125	414	24	0
26	17	4.44444444444444	159	22	0
26	19	2.31111653645833	226	29	0
26	22	1.07777235243056	192	23	0
26	20	0.788886176215278	194	22	0
26	18	5.92222764756944	256	19	0
26	20	0.0555555555555556	167	29	0
26	23	1.40588498583028	156	85	0
26	7	3.04444376627604	242	44	0
26	6	1.66666666666667	219	26	0
26	3	7.27777777777778	218	18	0
26	3	2.4000006781684	297	26	0
26	4	2.65555487738715	282	24	0
26	6	4.67777845594618	258	21	0
26	7	1.72222222222222	261	21	0
26	8	2.69999864366319	226	22	0
26	10	2.93333604600694	285	25	0
26	12	0.922220865885417	276	23	0
26	13	5.62221950954861	209	22	0
26	15	1.55555555555556	322	25	0
26	16	1.28888617621528	300	22	0
26	17	3.67777506510417	279	23	0
26	19	0.533338758680556	221	20	0
26	20	2.96666124131944	220	25	0
26	23	0.262750363817413	269	80	0
26	7	4.91111246744792	292	29	0
26	6	2.11111111111111	196	18	0
26	6	4.92222086588542	176	63	0
26	16	7.5111083984375	292	24	0
26	18	3.5	289	24	0
26	20	3.07777235243056	174	43	0
26	16	5.4888916015625	334	40	0
26	14	1.67777506510417	208	183	0
26	12	2	220	27	0
26	10	0.866665310329861	244	42	0
26	6	8.19999864366319	203	19	0
26	7	2.25555419921875	224	41	0
26	6	3.08888753255208	343	76	0
26	18	4.79999457465278	226	30	0
26	22	0.611111111111111	188	0	2
51	3	1.53333367241753	181	25	1
51	5	1.28888956705729	231	21	0
51	6	6.88888888888889	221	21	0
51	8	2.28888956705729	190	25	0
51	10	0.177778455946181	417	25	0
51	11	4.06666395399306	283	23	0
51	13	2.32222493489583	306	19	0
51	14	1.87778049045139	180	25	0
51	15	3.62221950954861	172	23	0
51	16	4.46666802300347	217	24	0
51	18	2.56666395399306	227	18	0
51	20	1.14444308810764	334	20	0
51	21	3.37778049045139	56	63	0
51	10	5.97777642144097	163	27	0
51	8	5.31110975477431	249	22	0
51	10	2.55555555555556	243	20	0
51	11	2.24444580078125	297	22	0
51	13	0.111111111111111	246	26	0
51	15	0.75555419921875	198	28	0
51	16	3.54444715711806	248	19	0
51	17	3.78888617621528	218	20	0
51	19	2.05555555555556	250	16	0
51	18	2.85555691189236	171	33	0
51	14	2.65555826822917	81	66	0
51	5	2.51111178927951	119	35	0
51	3	1.46666632758247	253	20	0
51	4	0.866667005750868	207	25	0
51	6	3.84444512261285	249	20	0
51	7	1.08888753255208	254	38	0
51	9	3.81110975477431	268	25	0
51	12	1.26666937934028	209	39	0
51	15	5.35555691189236	132	27	0
51	13	3.33333333333333	221	28	0
51	11	0.366665310329861	204	27	0
51	9	3.86666531032986	178	23	0
51	11	0.600002712673611	185	27	0
51	8	4.95555623372396	221	16	0
51	9	1.87777709960938	263	28	0
51	11	3.14444308810764	239	32	0
51	15	0	489	14	0
51	15	2.91111246744792	137	20	0
51	14	3.69999864366319	162	41	0
51	16	5.55555555555556	265	27	0
51	19	0.800001356336806	168	25	0
51	17	2.55555555555556	310	23	0
51	19	2.57777913411458	271	19	0
51	21	0.933336046006944	186	81	0
51	5	3.23333401150174	200	37	0
51	3	5.46666632758247	271	24	0
51	5	2.31111145019531	366	0	2
61	3	2.7999996609158	210	27	1
61	5	3.68889024522569	271	24	0
61	7	3.06666734483507	548	55	0
61	3	2.32222154405382	211	24	0
61	5	0.611111111111111	259	12	0
61	4	3.18888854980469	244	27	0
61	6	6.38888888888889	246	23	0
61	7	3.14444308810764	168	20	0
61	8	3.22222222222222	188	25	0
61	9	3.68889024522569	291	29	0
61	11	4.93333604600694	339	26	0
61	13	6.47777642144097	210	17	0
61	13	3.43333604600694	163	26	0
61	15	1.10000271267361	319	19	0
61	15	5.30000135633681	182	24	0
61	16	2.82222493489583	260	21	0
61	17	3.13333468967014	297	28	0
61	19	3.26666937934028	241	13	0
61	19	1.15555826822917	130	26	0
61	21	0.144449869791667	206	23	0
61	23	0.404542865175196	333	72	0
61	15	12.3999972873264	290	46	0
61	13	4.86666531032986	261	25	0
61	11	2.92222086588542	331	23	0
61	10	0.0999993218315972	536	56	0
61	5	1.18888854980469	190	49	0
61	2	2.72222222222222	201	24	0
61	3	5.15555487738715	163	23	0
61	6	0.277777777777778	235	24	0
61	7	1.14444308810764	308	72	0
61	8	6.91111246744792	144	15	0
61	8	4.32222154405382	177	26	0
61	10	0.866665310329861	162	29	0
61	7	5.78888956705729	445	24	0
61	8	7.05555555555556	175	22	0
61	10	1.65555826822917	232	28	0
61	12	0.211113823784722	267	24	0
61	13	5.32222493489583	155	27	0
61	15	2.42222086588542	216	25	0
61	13	9.52222357855903	121	35	0
61	13	2.53333197699653	216	21	0
61	13	8.30000135633681	182	25	0
61	13	4.83333333333333	292	27	0
61	15	1.55555555555556	267	41	0
61	16	5.25555419921875	321	26	0
61	18	2.87778049045139	224	26	0
61	20	4.0111083984375	315	27	0
61	22	3.60000271267361	220	21	0
61	21	1.81111653645833	156	99	0
61	6	5.71111043294271	135	38	0
61	3	4.81111145019531	217	24	0
61	5	1.53333367241753	231	25	0
61	7	1.12222290039062	296	159	0
61	6	2.77777777777778	191	16	0
61	6	2.08888753255208	276	27	0
61	8	2.77777777777778	346	48	0
61	6	2.25555419921875	242	27	0
61	8	0.277777777777778	200	42	0
61	10	6.13333468967014	353	27	0
61	13	0.0222235785590278	224	42	0
61	15	2.42222086588542	353	29	0
61	15	13.2444458007812	190	21	0
61	17	0.166666666666667	298	27	0
61	19	1.24443901909722	208	27	0
61	22	0.022216796875	248	84	0
61	7	3.21111043294271	125	29	0
61	3	5.16666666666667	355	26	0
61	3	5.56666734483507	130	23	0
61	3	4.72222222222222	478	12	0
61	3	3.91111077202691	240	19	0
61	3	2.38888888888889	238	0	2
74	4	1.52222188313802	179	24	1
74	6	1.45555623372396	227	22	0
74	7	3.74444580078125	258	23	0
74	8	4.97777642144097	187	22	0
74	10	1.71111043294271	264	10	0
74	9	3.63333468967014	78	25	0
74	12	0.833333333333333	188	38	0
74	6	1.37777709960938	196	29	0
74	3	0.422222561306424	230	22	0
74	4	3.61111111111111	167	116	0
74	6	3.98888821072049	363	25	0
74	8	0.5	184	22	0
74	9	2.28888956705729	382	25	0
74	11	3.96666802300347	273	24	0
74	13	3.9888916015625	221	24	0
74	15	0.555555555555556	327	33	0
74	14	0	250	41	0
74	12	0.333333333333333	151	23	0
74	10	7.83333333333333	197	25	0
74	12	1.87778049045139	172	38	0
74	14	2.17777506510417	238	30	0
74	16	4.19999864366319	532	27	0
74	17	4.92222086588542	198	25	0
74	19	3.91110568576389	270	23	0
74	21	1.74443901909722	198	41	0
74	18	3.74444580078125	246	21	0
74	19	3.17777506510417	242	27	0
74	21	2.29999457465278	148	81	0
74	10	6.4000006781684	149	56	0
74	6	4.28888956705729	205	24	0
74	5	3.65555487738715	123	38	0
74	3	3.96666632758247	176	16	0
74	2	3.61111111111111	110	23	0
74	4	2.46666632758247	203	28	0
74	7	2.48888821072049	324	26	0
74	9	1.52222357855903	195	21	0
74	10	3.36666531032986	155	29	0
74	13	3.21111382378472	299	19	0
74	14	0.944444444444444	155	45	0
74	11	2.16666666666667	229	20	0
74	12	1.88888888888889	250	28	0
74	14	2.07777913411458	263	28	0
74	15	9.55555555555556	150	32	0
74	15	4.03333197699653	181	28	0
74	16	4.85555691189236	255	35	0
74	15	2.86666531032986	181	36	0
74	16	6.37778049045139	211	29	0
74	18	0.144443088107639	225	26	0
74	20	2.72222222222222	262	22	0
74	18	5.28888617621528	260	118	0
74	8	5.86666531032986	341	26	0
74	7	3.07777913411458	277	23	0
74	9	0.422220865885417	132	39	0
74	6	2.11111111111111	209	26	0
74	4	0.788889567057292	217	0	2
58	3	4.2000003390842	183	24	1
58	5	0.488888210720486	270	21	0
58	3	6.96666632758247	173	25	0
58	3	2.87777709960938	140	29	0
58	6	1.83333333333333	244	26	0
58	7	2.11111111111111	285	25	0
58	6	4.96666802300347	280	24	0
58	7	2.56666734483507	303	21	0
58	8	2.46666802300347	210	27	0
58	9	3.19999864366319	325	21	0
58	10	8.22222222222222	201	22	0
58	12	1.11111111111111	332	21	0
58	11	4.82222493489583	240	23	0
58	13	5.0111083984375	237	24	0
58	15	3.78888617621528	184	29	0
58	13	0.633334689670139	192	31	0
58	15	5.73333062065972	269	24	0
58	16	5.44444444444444	295	24	0
58	17	3.85555691189236	255	25	0
58	18	5.38888888888889	281	20	0
58	20	4.12221950954861	110	44	0
58	15	6.55555555555556	204	17	0
58	15	3	261	25	0
58	14	0.699998643663194	231	23	0
58	15	5.24444580078125	195	21	0
58	16	3.12221950954861	320	29	0
58	17	6.88888888888889	271	21	0
58	19	0.555555555555556	177	23	0
58	21	1.5	251	123	0
58	3	3.28888956705729	147	24	0
58	2	1	148	25	0
58	4	2.46666632758247	197	25	0
58	6	1.78888956705729	158	114	0
58	7	2.57777913411458	239	9	0
58	7	0.988888210720486	185	23	0
58	8	5.08888753255208	254	25	0
58	9	3.94444444444444	287	26	0
58	11	4.97777642144097	414	23	0
58	14	0.24444580078125	307	25	0
58	15	4.18889024522569	249	26	0
58	16	2.9888916015625	236	22	0
58	17	4.13333468967014	246	25	0
58	18	4.32222493489583	371	23	0
58	20	3.44444444444444	240	23	0
58	22	0.911105685763889	306	30	0
58	17	3.88888888888889	226	46	0
58	16	1.15555826822917	406	35	0
58	17	2.84444173177083	178	49	0
58	14	0.211113823784722	345	35	0
58	11	4.17777506510417	210	23	0
58	13	2.58888753255208	151	25	0
58	15	0.9888916015625	275	25	0
58	16	4.44444444444444	255	23	0
58	18	0	261	23	0
58	20	1.29999457465278	178	25	0
58	22	0.322224934895833	186	106	0
58	8	7.94444444444444	168	42	0
58	7	2.95555623372396	310	42	0
58	6	2.07777913411458	248	22	0
58	7	0.988888210720486	203	44	0
58	5	2.92222086588542	159	26	0
58	3	7.98888821072049	312	22	0
58	6	0.0333319769965278	231	25	0
58	7	1.54444376627604	264	34	0
58	9	2.13333468967014	318	25	0
58	10	8.83333333333333	188	23	0
58	13	0.300001356336806	286	30	0
58	15	5.17777506510417	401	43	0
58	18	4.08889431423611	183	27	0
58	21	1.94444444444444	175	0	2
48	2	3.77777777777778	179	24	1
48	3	6.92222256130642	314	25	0
48	4	4.4000006781684	251	23	0
48	3	8.5999993218316	280	25	0
48	5	2.87777709960938	240	20	0
48	6	2.78888956705729	235	26	0
48	8	0.122222900390625	274	25	0
48	10	0.188890245225694	261	25	0
48	11	1.68889024522569	190	29	0
48	13	4.31110975477431	359	26	0
48	14	2.57777913411458	173	26	0
48	15	4.11111111111111	180	21	0
48	16	3.43333604600694	249	37	0
48	18	3.5111083984375	262	30	0
48	21	2.89999728732639	102	568	0
48	20	2.41110568576389	329	42	0
48	17	5.977783203125	221	12	0
48	18	2.57777235243056	138	29	0
48	22	2.52151062668012	271	16	0
48	21	3	79	84	0
48	5	3	142	30	0
48	3	4.28888956705729	237	27	0
48	6	0.133334689670139	283	23	0
48	7	2.0999993218316	321	11	0
48	7	0.0999993218315972	136	23	0
48	8	1.37777709960938	276	26	0
48	10	0.166666666666667	277	24	0
48	11	0.866665310329861	203	28	0
48	13	3.30000135633681	155	26	0
48	11	5.4888916015625	340	25	0
48	13	3.21111382378472	287	36	0
48	11	2.78888617621528	188	21	0
48	10	5.43333604600694	212	47	0
48	8	6.93333265516493	198	15	0
48	9	3.5111083984375	173	31	0
48	12	0.922220865885417	278	22	0
48	11	4.68889024522569	203	26	0
48	13	6.80000135633681	225	28	0
48	15	0.311109754774306	184	21	0
48	15	7.75555419921875	242	22	0
48	17	0.155558268229167	180	26	0
48	19	1.68888346354167	270	29	0
48	22	2.63978757140458	226	24	0
48	20	1.92222764756944	265	10	0
48	19	6.77777777777778	256	28	0
48	22	4.86558877268146	276	87	0
48	6	4.98888821072049	252	22	0
48	6	3.17777845594618	238	23	0
48	7	4.07777913411458	603	11	0
48	8	0.788889567057292	193	26	0
48	10	0.722222222222222	257	30	0
48	13	0.388888888888889	271	25	0
48	14	1.60000271267361	222	31	0
48	15	7.0111083984375	263	25	0
48	16	6.53333197699653	142	50	0
48	13	2.67777506510417	169	26	0
48	11	2.52222357855903	276	21	0
48	12	2.77777777777778	190	43	0
48	10	3.21111382378472	316	26	0
48	8	3.86666531032986	223	20	0
48	9	2.17777845594618	314	25	0
48	8	3.53333197699653	204	25	0
48	7	3.56666734483507	185	25	0
48	9	3.42222086588542	245	25	0
48	11	1	237	18	0
48	11	4.89999728732639	167	0	2
90	2	2.55555555555556	177	22	1
90	4	1.56666734483507	186	24	0
90	6	1.32222154405382	170	123	0
90	7	2.07777913411458	167	19	0
90	6	5.68889024522569	337	24	0
90	7	5.63333468967014	348	20	0
90	8	5.56666734483507	195	24	0
90	10	2.34444173177083	301	24	0
90	12	2.11111111111111	386	29	0
90	15	0.711113823784722	286	28	0
90	17	2.14444308810764	279	23	0
90	18	2.72222222222222	220	24	0
90	20	4.56666395399306	267	23	0
90	19	2.28888617621528	195	28	0
90	23	2.79999457465278	252	18	0
90	22	2.477783203125	162	42	0
90	16	1.61111111111111	189	46	0
90	10	6.76666937934028	170	37	0
90	6	8.36666531032986	185	37	0
90	4	2.28888956705729	234	53	0
90	6	4.91111246744792	189	23	0
90	7	3.74444580078125	346	22	0
90	8	5.31110975477431	207	24	0
90	10	2.02222357855903	328	27	0
90	11	3.77777777777778	213	20	0
90	13	1.11111111111111	190	26	0
90	15	1.78888617621528	371	25	0
90	16	5.96666802300347	225	23	0
90	17	6.47777642144097	262	25	0
90	20	1.56666395399306	207	29	0
90	23	0.922227647569444	129	85	0
90	6	0.322221544053819	215	21	0
90	6	5.12222290039062	254	75	0
90	21	1.23333062065972	266	8	0
90	22	0.411105685763889	151	27	0
90	24	0.394736842105263	216	83	0
90	7	5.41111246744792	199	37	0
90	6	6.04444376627604	592	29	0
90	8	2.57777913411458	72	70	0
90	22	0.866672092013889	388	0	2
122	3	3.84444512261285	232	22	1
122	5	0.188888549804688	225	20	0
122	6	4.01111178927951	108	137	0
122	7	0.533331976996528	176	25	0
122	8	2.61111111111111	243	21	0
122	7	4.38888888888889	158	24	0
122	9	2.21111382378472	268	25	0
122	10	7.24444580078125	363	24	0
122	12	0.322224934895833	286	22	0
122	13	3.54444715711806	278	23	0
122	15	1.17777506510417	408	23	0
122	16	4.04444715711806	236	22	0
122	15	4.28888617621528	199	28	0
122	17	3	449	16	0
122	17	8.05555555555556	186	23	0
122	19	2.31111653645833	481	23	0
122	20	7.83333333333333	245	37	0
122	21	4.4888916015625	275	19	0
122	23	1.23684210526316	229	21	0
122	21	4.87778049045139	187	83	0
122	11	2.94444444444444	150	77	0
122	4	0.955556233723958	155	34	0
122	3	4.03333367241753	178	28	0
122	6	1.52222357855903	322	23	0
122	7	1.78888956705729	372	22	0
122	8	3.18889024522569	224	26	0
122	10	0.622219509548611	312	25	0
122	12	0.122219509548611	213	23	0
122	13	5.41111246744792	168	23	0
122	15	2.25555419921875	343	21	0
122	16	5	283	24	0
122	17	5.58888753255208	243	40	0
122	20	3.53333875868056	247	11	0
122	20	0.899997287326389	166	81	0
122	7	5.12222290039062	195	32	0
122	7	0.188890245225694	284	18	0
122	6	5.58888753255208	325	79	0
122	21	1.39999728732639	206	41	0
122	16	3.18889024522569	264	0	2
16	2	3.5	160	24	1
16	3	7.51111178927951	162	25	0
16	5	3.54444376627604	229	24	0
16	6	7.91111246744792	220	39	0
16	7	5.91111246744792	253	25	0
16	9	1.9000006781684	168	158	0
16	10	6.46666802300347	55	12	0
16	10	6.30000135633681	100	33	0
16	12	2.18889024522569	336	21	0
16	11	4.25555419921875	159	28	0
16	14	1.94444444444444	175	30	0
16	15	7	226	25	0
16	16	4.92222086588542	269	30	0
16	18	2.23333062065972	338	19	0
16	19	4.38888888888889	171	27	0
16	17	1.022216796875	159	18	0
16	16	4.87778049045139	168	23	0
16	17	5.53333875868056	270	27	0
16	19	6.91110568576389	243	26	0
16	22	1.17200520833333	233	205	0
16	3	6.44444444444444	72	23	0
16	3	0.799999660915799	241	26	0
16	5	0.211110432942708	257	15	0
16	4	1.7999996609158	437	28	0
16	6	1.30000135633681	169	25	0
16	7	2.22222222222222	380	26	0
16	9	2.69999864366319	324	26	0
16	10	10.0666639539931	233	22	0
16	12	1.28888617621528	438	22	0
16	13	6.43333604600694	301	25	0
16	15	1.13333468967014	324	27	0
16	13	5.84444173177083	181	38	0
16	15	4.84444173177083	270	28	0
16	16	4.85555691189236	308	23	0
16	17	4.63332790798611	300	19	0
16	19	0.344441731770833	254	18	0
16	19	6.41110568576389	300	27	0
16	17	4.86667209201389	159	18	0
16	19	0.144449869791667	147	76	0
16	22	3.7106640625	302	25	0
16	20	3.5	241	26	0
16	21	3.93333604600694	145	0	2
112	2	2.75555589463976	65	36	1
112	4	4.23333401150174	185	270	0
112	6	6.05555555555556	234	24	0
112	7	4.34444512261285	322	25	0
112	8	5.72222222222222	287	26	0
112	9	3.47777642144097	343	19	0
112	10	5.44444444444444	244	25	0
112	13	0.577779134114583	170	24	0
112	12	0.788886176215278	164	22	0
112	10	7.14444308810764	200	25	0
112	12	3.41111246744792	244	12	0
112	12	1.35555691189236	166	25	0
112	13	5.82222493489583	202	24	0
112	14	5.07777913411458	256	22	0
112	15	6.69999864366319	301	24	0
112	14	5.23333062065972	192	23	0
112	15	8.5	210	19	0
112	16	6.5	183	26	0
112	15	5.31110975477431	212	29	0
112	17	0.266669379340278	207	21	0
112	19	0.355550130208333	221	35	0
112	21	3.78888617621528	193	86	0
112	6	0.0111117892795139	150	31	0
112	3	1.13333299424913	203	27	0
112	6	4.21111043294271	207	29	0
112	8	0.0444437662760417	240	23	0
112	8	6.97777642144097	199	22	0
112	10	0.933336046006944	417	44	0
112	14	2.46666802300347	214	70	0
112	5	1.27777777777778	292	24	0
112	6	5.33333333333333	245	24	0
112	7	2.86666531032986	336	163	0
112	9	2.30000135633681	230	22	0
112	10	5.06666395399306	224	28	0
112	13	0.699998643663194	270	26	0
112	14	5.67777506510417	232	30	0
112	16	4.81110975477431	202	26	0
112	19	2.29999457465278	203	30	0
112	21	2.74443901909722	237	21	0
112	19	5.15555826822917	389	22	0
112	19	0.688883463541667	174	28	0
112	21	3.32222493489583	215	0	2
160	3	4.58888922797309	184	26	1
160	6	1.67777845594618	124	144	0
160	7	2.47777642144097	258	25	0
160	8	3.12222290039062	458	19	0
160	9	2.14444308810764	269	21	0
160	10	5.07777913411458	259	23	0
160	11	4.4888916015625	295	29	0
160	13	5.25555419921875	263	24	0
160	14	6.78888617621528	413	28	0
160	15	6.36666531032986	547	25	0
160	16	3.82222493489583	219	27	0
160	19	1.022216796875	289	21	0
160	19	8.25556098090278	251	24	0
160	21	0.4893359375	265	14	0
160	21	3.58266927083333	172	78	0
160	10	1.44444444444444	110	74	0
160	20	2.95555284288194	171	17	0
160	20	5.81111653645833	156	223	0
160	4	2.5	126	25	0
160	2	3.47777811686198	231	25	0
160	1	2	190	24	0
160	3	3.32222154405382	257	25	0
160	6	0.488888210720486	291	27	0
160	7	4.44444444444444	236	26	0
160	9	2.43333265516493	218	35	0
160	8	3.78888956705729	162	27	0
160	10	2.74444580078125	282	28	0
160	11	5.25555419921875	312	27	0
160	13	4.33333333333333	216	24	0
160	14	7.13333468967014	282	22	0
160	15	6.10000271267361	298	24	0
160	16	6.08888753255208	241	28	0
160	19	4.14444986979167	253	25	0
160	20	5.28888617621528	379	91	0
160	6	0.444444444444444	184	24	0
160	4	2.05555555555556	218	29	0
160	7	3.74444580078125	309	28	0
160	9	2.36666531032986	242	26	0
160	10	6.75555419921875	242	25	0
160	12	1.35555691189236	392	24	0
160	14	2.19999864366319	245	16	0
160	13	4.06666395399306	176	25	0
160	14	6.0111083984375	154	0	2
131	3	6.26666598849826	186	24	1
131	5	1.15555487738715	345	24	0
131	6	6.84444512261285	342	22	0
131	7	5.52222357855903	281	21	0
131	8	6.41111246744792	234	22	0
131	10	1.53333197699653	255	24	0
131	11	5.67777506510417	270	20	0
131	13	1.82222493489583	296	24	0
131	14	3.72222222222222	305	24	0
131	13	1	369	14	0
131	13	5.14444308810764	173	23	0
131	14	5.78888617621528	210	22	0
131	15	5.12221950954861	338	22	0
131	14	4.93333604600694	268	28	0
131	12	0.722222222222222	410	23	0
131	10	6.47777642144097	289	43	0
131	13	5.46666802300347	51	43	0
131	16	3.65555826822917	356	22	0
131	17	2.61111111111111	206	22	0
131	19	4.56666395399306	218	30	0
131	22	1.63484330610796	200	24	0
131	20	2.91110568576389	158	32	0
131	16	4.71111382378472	175	51	0
131	21	2.83333333333333	216	20	0
131	20	2.64444986979167	83	15	0
131	20	2.74443901909722	74	14	0
131	21	3.08889431423611	138	137	0
131	3	7.78888956705729	163	27	0
131	3	0.0111117892795139	197	25	0
131	4	3.37777709960938	249	23	0
131	6	3.06666734483507	79	141	0
131	7	3.64444308810764	273	26	0
131	8	7.5999993218316	275	13	0
131	9	0.855556911892361	59	36	0
131	5	2.62222290039062	324	28	0
131	3	6.7999996609158	222	26	0
131	5	3.65555487738715	213	26	0
131	7	2.69999864366319	262	34	0
131	10	0.0888875325520833	265	31	0
131	11	5.18889024522569	286	25	0
131	13	6.62221950954861	358	19	0
131	13	3.63333468967014	94	27	0
131	14	4.93333604600694	202	24	0
131	15	5.75555419921875	260	28	0
131	16	5.41111246744792	207	37	0
131	19	1.21111382378472	171	27	0
131	21	0.888888888888889	170	25	0
131	19	4.88888888888889	241	16	0
131	20	1.57777235243056	71	40	0
131	17	1.94444444444444	210	18	0
131	18	2.86667209201389	244	30	0
131	21	3.34444173177083	543	23	0
131	20	0.422227647569444	191	28	0
131	22	3.55455063328599	238	0	2
96	3	5.53333367241753	218	24	1
96	5	2.57777913411458	197	15	0
96	4	4.22222222222222	126	28	0
96	7	4.33333333333333	246	19	0
96	8	4.11111111111111	236	22	0
96	9	3.13333468967014	247	41	0
96	11	1.72222222222222	221	24	0
96	13	2.66666666666667	252	21	0
96	14	5.73333062065972	160	72	0
96	4	2.01111178927951	169	22	0
96	3	3.72222222222222	159	29	0
96	6	1.5	237	24	0
96	4	3.48888821072049	204	26	0
96	3	4.63333299424913	166	26	0
96	5	3.92222086588542	248	27	0
96	7	4.54444376627604	361	27	0
96	8	7.44444444444444	254	47	0
96	7	0.533331976996528	215	22	0
96	8	1.05555555555556	320	29	0
96	10	1.32222493489583	242	22	0
96	11	3.0111083984375	196	26	0
96	14	0.477776421440972	356	27	0
96	11	5.42222086588542	165	27	0
96	14	4.34444173177083	310	26	0
96	15	6.68889024522569	286	24	0
96	16	5.24444580078125	219	26	0
96	18	1.28888617621528	199	23	0
96	20	1.28888617621528	211	24	0
96	22	0.433336046006944	277	21	0
96	23	1.14696710759944	352	25	0
96	21	3.21111382378472	195	48	0
96	17	0.522223578559028	163	76	0
96	7	2.96666802300347	213	43	0
96	5	1	188	25	0
96	7	2.38888888888889	291	27	0
96	8	8.17777845594618	216	24	0
96	10	1.45555284288194	273	22	0
96	11	1.17777506510417	207	26	0
96	13	4.24444580078125	170	50	0
96	8	9.55555555555556	244	23	0
96	8	3.72222222222222	129	25	0
96	7	2.53333197699653	327	59	0
96	16	0.0111083984375	178	23	0
96	17	3.67777506510417	256	26	0
96	19	4.72222222222222	205	26	0
96	21	1.77777777777778	239	16	0
96	22	2.32222493489583	176	58	0
96	13	3.18889024522569	395	17	0
96	14	2.74444580078125	200	26	0
96	15	5.57777913411458	334	21	0
96	16	1.07777913411458	302	20	0
96	16	6.02222357855903	94	72	0
96	5	3.38888888888889	278	24	0
96	7	3.05555555555556	108	0	2
99	1	2.72413793103448	187	25	1
99	3	3.56666734483507	217	25	0
99	5	0.488888210720486	240	21	0
99	6	3.97777642144097	271	22	0
99	7	3.98888821072049	298	21	0
99	8	5.58888753255208	264	25	0
99	9	3.82222493489583	272	26	0
99	12	0.666666666666667	195	25	0
99	10	4.52222357855903	295	25	0
99	12	0.777777777777778	159	25	0
99	13	7	237	27	0
99	14	5.03333197699653	391	24	0
99	15	5.07777913411458	230	24	0
99	14	6.57777913411458	289	22	0
99	15	5.16666666666667	234	22	0
99	16	5.13332790798611	221	23	0
99	19	1.58889431423611	581	45	0
99	21	3.5111083984375	165	35	0
99	20	4.17777506510417	163	105	0
99	4	4.38888888888889	193	26	0
99	3	2.87777709960938	253	25	0
99	5	1.83333333333333	96	142	0
99	5	3.62222290039062	84	23	0
99	4	3.13333299424913	204	26	0
99	3	3.27777777777778	314	19	0
99	4	3.06666734483507	304	25	0
99	6	4.06666734483507	245	23	0
99	7	2.37777709960938	338	22	0
99	8	2.23333401150174	230	33	0
99	6	0.800001356336806	231	13	0
99	6	4.04444376627604	195	25	0
99	7	4	290	23	0
99	8	5.24444580078125	292	27	0
99	10	2.24444580078125	308	26	0
99	13	0.0111083984375	244	22	0
99	12	0.766669379340278	204	26	0
99	13	6.78888617621528	290	26	0
99	14	5.30000135633681	423	21	0
99	15	2.61111111111111	234	23	0
99	16	0.5	202	20	0
99	16	6.33333333333333	299	22	0
99	19	1.14444986979167	208	15	0
99	18	0.322224934895833	157	30	0
99	20	3.55555555555556	252	22	0
99	22	1.4964338030134	166	94	0
99	6	3.25555419921875	363	26	0
99	7	5.56666734483507	349	26	0
99	10	1.84444173177083	236	14	0
99	9	3.57777913411458	171	30	0
99	12	0.699998643663194	256	23	0
99	13	6.95555284288194	250	26	0
99	14	6.10000271267361	484	38	0
99	13	7.63333468967014	159	33	0
99	15	6.54444715711806	326	37	0
99	19	2.93333604600694	145	87	0
99	7	5.77777777777778	174	46	0
99	6	1.81110975477431	151	34	0
99	3	4.94444444444444	293	23	0
99	4	2.73333401150174	163	34	0
99	6	9.73333401150174	363	28	0
99	8	6.44444444444444	326	24	0
99	10	3.89999728732639	227	27	0
99	13	1.69999864366319	181	24	0
99	11	5.61111111111111	192	29	0
99	14	4.25555419921875	219	27	0
99	16	4.04444715711806	247	24	0
99	19	2.24443901909722	258	25	0
99	21	2.25556098090278	339	78	0
99	6	8.02222357855903	224	22	0
99	6	4.67777845594618	180	0	2
128	2	3	158	21	1
128	2	0.733333163791233	123	25	0
128	4	1.92222256130642	205	25	0
128	6	2.0999993218316	293	23	0
128	7	2.96666802300347	282	21	0
128	8	3.77777777777778	376	23	0
128	7	4.42222086588542	149	29	0
128	9	3.25555419921875	199	8	0
128	9	1.64444308810764	210	21	0
128	10	3.4888916015625	186	23	0
128	12	0.688890245225694	253	8	0
128	11	1.95555284288194	186	20	0
128	13	3.75555419921875	439	21	0
128	14	3.56666395399306	542	22	0
128	15	3.4888916015625	314	24	0
128	16	5.19999864366319	265	21	0
128	18	2.05555555555556	267	61	0
128	10	5.14444308810764	150	221	0
128	3	5.88888888888889	149	23	0
128	3	0.288889567057292	167	25	0
128	5	0.0888892279730903	322	22	0
128	6	4.22222222222222	280	23	0
128	7	4.35555691189236	285	26	0
128	8	7.97777642144097	216	21	0
128	9	2.96666802300347	222	24	0
128	11	2.12221950954861	297	22	0
128	10	6.78888617621528	199	23	0
128	12	2.89999728732639	245	25	0
128	14	0.24444580078125	235	23	0
128	13	2.87778049045139	318	22	0
128	14	1.82222493489583	212	28	0
128	15	3.74444580078125	238	23	0
128	14	5.58888753255208	175	23	0
128	15	5.38888888888889	504	21	0
128	16	5.24444580078125	188	24	0
128	19	0.588894314236111	181	15	0
128	18	1.07777235243056	174	28	0
128	20	3.29999457465278	360	26	0
128	23	0.80000523158483	206	16	0
128	21	2.95555284288194	131	7	0
128	21	2.74443901909722	47	273	0
128	4	4.52222188313802	363	47	0
128	2	2.57777743869358	269	26	0
128	4	3.4000006781684	195	25	0
128	6	6.48888821072049	339	24	0
128	8	0.355556911892361	319	22	0
128	6	8.97777642144097	293	25	0
128	8	2.96666802300347	333	27	0
128	10	2.68889024522569	442	28	0
128	8	0.922220865885417	237	20	0
128	8	5.54444376627604	177	35	0
128	5	2.36666531032986	208	23	0
128	4	0.322221544053819	249	26	0
128	6	4.11111111111111	200	32	0
128	4	0.133332994249132	149	41	0
128	2	3.54444376627604	187	30	0
128	6	2.53333197699653	259	26	0
128	7	2.76666598849826	260	23	0
128	8	6.64444308810764	340	22	0
128	10	0.677775065104167	295	22	0
128	11	0.25555419921875	212	26	0
128	13	1.53333197699653	326	41	0
128	14	7.5	283	23	0
128	16	0.722222222222222	213	22	0
128	17	0.944444444444444	183	30	0
128	20	0.966661241319444	292	22	0
128	22	2.65555826822917	485	19	0
128	23	3.27500261579242	197	67	0
128	10	1.12221950954861	185	25	0
128	8	7.46666802300347	199	27	0
128	7	1.12222290039062	192	43	0
128	6	0.833333333333333	209	34	0
128	3	7.94444444444444	256	19	0
128	4	4.37777709960938	216	38	0
128	7	1.06666734483507	342	31	0
128	8	8.84444512261285	214	46	0
128	7	0.766665988498264	282	63	0
128	13	7.77777777777778	186	35	0
128	18	3.08889431423611	181	49	0
128	21	0.944444444444444	196	35	0
128	23	2.08571951729912	127	0	2
80	3	4.35555521647135	256	26	1
80	4	4.91111246744792	174	17	0
80	4	1.77777777777778	176	25	0
80	3	1.33333333333333	239	12	0
80	3	4.32222154405382	317	23	0
80	4	2.47777811686198	202	22	0
80	6	2.48888821072049	245	22	0
80	7	1.21111043294271	240	22	0
80	8	1.75555419921875	217	24	0
80	10	0.766669379340278	188	16	0
80	9	1.43333265516493	186	23	0
80	10	7.76666937934028	342	16	0
80	11	5.69999864366319	297	10	0
80	12	3.54444715711806	684	14	0
80	13	3.85555691189236	130	19	0
80	14	5.04444715711806	334	26	0
80	15	5.72222222222222	283	67	0
80	6	7.27777777777778	144	48	0
80	3	5.96666632758247	180	25	0
80	5	1.34444512261285	385	46	0
80	2	3.85555521647135	217	24	0
80	4	2.37777709960938	240	25	0
80	3	1.22222222222222	200	25	0
80	4	4.28888956705729	314	25	0
80	6	6.73333401150174	587	15	0
80	6	5.13333468967014	104	22	0
80	7	2.5	286	22	0
80	8	4.08888753255208	276	18	0
80	9	3.35555691189236	242	29	0
80	11	4.18889024522569	318	22	0
80	13	2.92222086588542	200	30	0
80	15	2.22222222222222	247	26	0
80	16	3.58888753255208	244	26	0
80	19	3.0111083984375	297	20	0
80	18	0.24444580078125	294	36	0
80	23	3.95583597819009	266	25	0
80	21	2.36667209201389	60	60	0
80	14	2.65555826822917	133	65	0
80	22	1.31111653645833	213	38	0
80	23	3.69583333333332	141	26	0
80	23	3.82582804361978	41	32	0
80	17	0.466668023003472	211	22	0
80	19	4.44444444444444	261	35	0
80	23	5.2991719563802	248	94	0
80	6	4.19999864366319	319	22	0
80	7	4.32222154405382	233	32	0
80	4	4.0999993218316	259	42	0
80	3	5.71111043294271	277	22	0
80	4	3.5999993218316	258	23	0
80	6	4.85555691189236	318	19	0
80	7	2.37777709960938	447	201	0
80	9	0.288889567057292	154	45	0
80	6	5.92222086588542	259	27	0
80	8	2.80000135633681	248	16	0
80	7	3.61111111111111	206	25	0
80	10	0.777777777777778	460	25	0
80	11	3.30000135633681	261	24	0
80	13	2.13333468967014	234	54	0
80	9	3.32222154405382	237	25	0
80	8	1.57777913411458	208	22	0
80	7	2.67777845594618	173	30	0
80	10	2.78888617621528	272	28	0
80	12	2.82222493489583	332	14	0
80	11	5.92222086588542	271	35	0
80	14	3.56666395399306	171	26	0
80	15	5.05555555555556	389	27	0
80	16	4.97777642144097	525	21	0
80	19	0.122219509548611	377	44	0
80	15	0.788886176215278	161	24	0
80	15	7.34444173177083	575	19	0
80	16	0.288886176215278	268	21	0
80	16	6.92222086588542	107	85	0
80	6	4.12222290039062	257	28	0
80	5	1.14444308810764	162	84	0
80	16	3.65555826822917	175	25	0
80	19	0.477783203125	168	29	0
80	22	3.41110568576389	260	22	0
80	20	2.74443901909722	309	26	0
80	23	1.14999999999999	316	33	0
80	19	2.71111382378472	256	0	2
115	1	2.37241363525391	147	25	1
115	3	5.78888956705729	191	23	0
115	5	0.400000678168403	225	24	0
115	6	3.91111246744792	248	22	0
115	7	3.52222357855903	353	26	0
115	9	2.88888888888889	269	23	0
115	10	7.13333468967014	228	20	0
115	12	2.32222493489583	279	20	0
115	13	7.45555284288194	262	15	0
115	13	4.08888753255208	180	26	0
115	14	4.13333468967014	374	20	0
115	15	5.71111382378472	240	22	0
115	16	5.56666395399306	301	20	0
115	17	5	234	22	0
115	19	4.63332790798611	264	22	0
115	20	6.82222493489583	454	22	0
115	22	2.73928833007813	211	22	0
115	21	3.18888346354167	206	22	0
115	20	5.89999728732639	202	31	0
115	15	8.4888916015625	48	68	0
115	9	0.433332655164931	201	10	0
115	9	3.16666666666667	268	58	0
115	16	7.81110975477431	234	22	0
115	17	6.77777777777778	249	39	0
115	16	2.11111111111111	207	24	0
115	17	5.13333468967014	270	21	0
115	19	1.17777506510417	120	75	0
115	4	3.28888956705729	159	26	0
115	3	1.27777777777778	259	27	0
115	6	0.488888210720486	264	25	0
115	7	3.74444580078125	272	22	0
115	8	5.98888821072049	262	19	0
115	10	1.34444173177083	376	48	0
115	7	2.93333265516493	133	37	0
115	5	2.35555691189236	244	23	0
115	4	2.43333265516493	300	22	0
115	6	1.53333197699653	211	24	0
115	7	2	498	25	0
115	9	0.0222235785590278	228	19	0
115	8	2.24444580078125	232	26	0
115	7	2	332	21	0
115	8	1.96666802300347	303	22	0
115	9	1.30000135633681	202	50	0
115	7	2.22222222222222	147	220	0
115	8	0.977776421440972	296	25	0
115	10	0.288886176215278	183	18	0
115	9	2.25555419921875	205	35	0
115	12	0.25555419921875	239	22	0
115	13	5.76666937934028	328	19	0
115	14	4.23333062065972	271	23	0
115	13	6.52222357855903	285	27	0
115	15	0.933336046006944	344	17	0
115	15	5.94444444444444	263	22	0
115	16	6.68889024522569	223	28	0
115	14	1.58888753255208	427	33	0
115	10	6.42222086588542	266	20	0
115	10	1.87778049045139	204	25	0
115	11	1.64444308810764	227	52	0
115	17	1.52222357855903	286	23	0
115	19	0.166666666666667	245	22	0
115	20	2.54444715711806	295	34	0
115	22	2.07499476841519	254	36	0
115	18	2.22222222222222	187	24	0
115	16	5.88888888888889	82	46	0
115	13	8.89999728732639	302	19	0
115	15	1.03333197699653	304	16	0
115	14	2.38888888888889	94	26	0
115	13	0.822224934895833	230	26	0
115	10	7.66666666666667	178	21	0
115	10	2.35555691189236	200	42	0
115	6	2.5999993218316	426	23	0
115	7	2.9000006781684	442	24	0
115	8	6.48888821072049	285	23	0
115	10	6.12221950954861	243	25	0
115	12	3.95555284288194	298	21	0
115	11	0.74444580078125	241	28	0
115	13	8.02222357855903	219	27	0
115	15	4.24444580078125	351	25	0
115	16	6.10000271267361	380	66	0
115	8	2.58888753255208	249	0	2
141	2	4.7999996609158	165	26	1
141	4	3.93333265516493	211	25	0
141	6	3.54444376627604	197	23	0
141	7	3.9000006781684	305	25	0
141	7	0.5	201	23	0
141	8	1.41111246744792	143	30	0
141	6	5.24444580078125	307	26	0
141	7	4.92222086588542	379	27	0
141	10	1.34444173177083	245	12	0
141	9	3.17777845594618	178	38	0
141	12	2.62221950954861	177	25	0
141	10	4.91111246744792	103	38	0
141	9	0.155554877387153	210	20	0
141	8	1.65555487738715	167	27	0
141	10	2.64444308810764	321	169	0
141	6	9.23333401150174	329	24	0
141	8	1.11111111111111	160	46	0
141	6	0.455556233723958	134	27	0
141	3	3.31111145019531	253	21	0
141	4	4.32222154405382	332	21	0
141	6	0.233334011501736	440	39	0
141	4	4.04444376627604	162	24	0
141	2	4.75555589463976	503	19	0
141	3	1.94444444444444	218	20	0
141	4	3.97777811686198	263	17	0
141	5	3.75555419921875	268	26	0
141	7	0.25555419921875	202	26	0
141	8	2.5	274	32	0
141	10	3.07777913411458	242	28	0
141	13	0.844441731770833	250	24	0
141	14	1	269	24	0
141	13	5.71111382378472	205	25	0
141	15	0.977776421440972	203	25	0
141	15	8.97777642144097	188	25	0
141	16	6.60000271267361	255	23	0
141	17	6.87778049045139	274	26	0
141	20	1.022216796875	222	27	0
141	22	2.88888888888889	230	25	0
141	20	6.53333875868056	215	26	0
141	22	1.89999728732639	92	93	0
141	6	4.25555419921875	318	25	0
141	7	4.18889024522569	429	24	0
141	9	1.66666666666667	310	25	0
141	10	7.80000135633681	194	21	0
141	12	3	78	32	0
141	7	4.62222290039062	249	22	0
141	9	0.0444437662760417	185	26	0
141	10	5.96666802300347	267	25	0
141	13	2.21111382378472	249	29	0
141	15	4.24444580078125	172	24	0
141	14	0.855556911892361	165	29	0
141	15	8.97777642144097	166	26	0
141	16	5.65555826822917	239	25	0
141	17	7.44444444444444	201	24	0
141	20	2.37778049045139	221	27	0
141	23	2.00399739583333	135	90	0
141	6	9.25555419921875	181	26	0
141	6	5.08888753255208	343	24	0
141	7	5.76666598849826	242	0	2
64	3	0.955556233723958	196	27	1
64	5	1.28888956705729	250	20	0
64	6	4.84444512261285	223	22	0
64	7	5.32222154405382	262	22	0
64	9	2.80000135633681	348	19	0
64	10	3.23333062065972	240	26	0
64	13	2.08888753255208	293	22	0
64	14	5.22222222222222	313	27	0
64	13	1.46666802300347	218	26	0
64	11	0.100002712673611	293	19	0
64	11	5.11111111111111	305	24	0
64	10	1.30000135633681	394	23	0
64	11	4.68889024522569	129	35	0
64	15	5.11111111111111	308	23	0
64	16	7.58888753255208	349	24	0
64	19	1.73333062065972	261	18	0
64	18	2.17777506510417	194	27	0
64	22	0.711113823784722	282	19	0
64	21	1.57777235243056	294	17	0
64	22	1.95555284288194	205	74	0
64	11	5.24444580078125	260	27	0
64	14	0.677775065104167	219	44	0
64	10	3.33333333333333	336	27	0
64	8	2.30000135633681	183	26	0
64	6	2.31110975477431	346	21	0
64	4	2.05555555555556	187	24	0
64	3	0.644444783528646	352	25	0
64	5	1.45555623372396	216	23	0
64	6	7.19999864366319	385	27	0
64	8	6.44444444444444	320	20	0
64	9	5.54444376627604	283	20	0
64	11	0.522223578559028	194	22	0
64	12	2.54444715711806	257	26	0
64	14	5.53333197699653	250	23	0
64	15	6.56666395399306	197	28	0
64	16	8.39999728732639	213	26	0
64	19	2.78888617621528	276	30	0
64	22	4.83333333333333	449	25	0
64	21	0.522216796875	316	32	0
64	23	0.916002604166667	122	0	2
67	2	1.96666632758247	121	269	1
67	4	3.18889024522569	151	19	0
67	5	2.01111178927951	237	25	0
67	6	5.04444376627604	429	26	0
67	7	3.86666531032986	290	26	0
67	9	0.855556911892361	336	21	0
67	10	4.24444580078125	256	25	0
67	12	1.75555419921875	338	24	0
67	13	6.0111083984375	183	194	0
67	14	5.4888916015625	237	27	0
67	15	7.82222493489583	275	21	0
67	16	6.32222493489583	222	28	0
67	19	2.34444173177083	333	42	0
67	22	3.92702174831081	180	36	0
67	19	2.91110568576389	151	22	0
67	17	4.26666937934028	197	25	0
67	16	3.81110975477431	78	64	0
67	3	8.27777777777778	159	26	0
67	2	3.5999993218316	186	26	0
67	4	4.73333401150174	231	28	0
67	3	5.17777845594618	272	27	0
67	5	1.98888821072049	196	31	0
67	3	2.84444512261285	200	43	0
67	1	1.92758652259564	217	26	0
67	3	3.68888854980469	273	27	0
67	4	4.68889024522569	259	26	0
67	6	6.23333401150174	238	21	0
67	7	2.61111111111111	381	24	0
67	8	4.85555691189236	192	22	0
67	10	1.16666666666667	297	21	0
67	11	5.56666395399306	268	22	0
67	13	4.72222222222222	194	25	0
67	14	5.71111382378472	253	22	0
67	15	5.52222357855903	326	20	0
67	16	3.03333197699653	177	23	0
67	15	5.43333604600694	297	22	0
67	14	6.24444580078125	259	21	0
67	15	5.39999728732639	212	25	0
67	16	6.63333468967014	256	25	0
67	19	1.16666666666667	317	12	0
67	19	4.28888617621528	118	22	0
67	18	2.71111382378472	210	31	0
67	22	2.74865392736486	324	24	0
67	21	0.899997287326389	154	82	0
67	6	1.80000135633681	269	21	0
67	6	4.95555623372396	270	0	2
10	2	6.56666734483507	186	25	1
10	5	2.71111043294271	243	22	0
10	7	0.288889567057292	250	23	0
10	8	2.05555555555556	298	21	0
10	8	7.61111111111111	290	11	0
10	8	6.01111178927951	152	24	0
10	10	0.4888916015625	188	23	0
10	8	4.56666734483507	230	14	0
10	8	2.43333265516493	257	12	0
10	8	4.38888888888889	200	23	0
10	10	0.300001356336806	267	25	0
10	11	3.89999728732639	460	21	0
10	10	5.36666531032986	178	22	0
10	11	3.67777506510417	216	20	0
10	13	2.43333604600694	213	23	0
10	14	3.66666666666667	126	187	0
10	15	8.17777506510417	245	18	0
10	15	3.38888888888889	213	26	0
10	16	7.0111083984375	230	24	0
10	17	6.72222222222222	245	26	0
10	19	3.16666666666667	214	21	0
10	21	0.733330620659722	292	19	0
10	23	0.942100123355263	189	154	0
10	4	2.67777845594618	131	40	0
10	3	1.03333367241753	151	37	0
10	2	2.08888922797309	243	29	0
10	4	4.67777845594618	285	26	0
10	6	7.78888956705729	294	26	0
10	8	2.71111043294271	269	25	0
10	10	0.366665310329861	272	27	0
10	12	2.33333333333333	292	27	0
10	14	3	307	20	0
10	15	5.23333062065972	440	28	0
10	16	5.89999728732639	387	25	0
10	17	4.91110568576389	268	31	0
10	20	0.688883463541667	225	10	0
10	20	0.733330620659722	80	60	0
10	22	2.56666395399306	276	147	0
10	6	2.42222086588542	311	22	0
10	5	1.01111178927951	241	0	2
45	2	5.82222154405382	450	22	1
45	4	1.07777743869358	229	25	0
45	6	2.92222086588542	304	21	0
45	7	2.31110975477431	218	20	0
45	8	2.45555623372396	205	22	0
45	10	1.37777709960938	234	24	0
45	12	1.24444580078125	261	20	0
45	13	4.28888617621528	154	29	0
45	11	2.5	353	20	0
45	12	3.78888617621528	250	25	0
45	15	1.63333468967014	287	22	0
45	16	4.28888617621528	213	25	0
45	15	4.14444308810764	263	26	0
45	16	6.10000271267361	232	26	0
45	17	6.18889024522569	154	29	0
45	20	0.411105685763889	218	25	0
45	21	1.977783203125	263	28	0
45	20	8.08889431423611	220	24	0
45	20	0.633327907986111	181	77	0
45	23	3.82258327032931	165	92	0
45	4	4.43333265516493	131	32	0
45	2	2.21111128065321	266	25	0
45	4	2.06666734483507	238	25	0
45	6	2.91111246744792	304	25	0
45	7	2.48888821072049	245	20	0
45	8	1.68889024522569	273	22	0
45	7	0.555555555555556	259	27	0
45	10	1.05555555555556	142	35	0
45	6	2.37777709960938	220	0	2
