105	4	1.67777845594618	248	21	1
105	5	3.43333265516493	174	24	0
105	7	1.35555691189236	181	14	0
105	7	5.64444308810764	166	23	0
105	8	8.11111111111111	225	25	0
105	7	3.33333333333333	233	17	0
105	6	7.13333468967014	204	31	0
105	8	4.41111246744792	187	22	0
105	9	2.48888821072049	248	26	0
105	11	2.42222086588542	192	26	0
105	13	4.94444444444444	184	21	0
105	15	3.26666937934028	178	32	0
105	17	0.0888875325520833	208	23	0
105	17	8.61111111111111	170	36	0
105	20	3.84444173177083	178	34	0
105	23	3.11969179095645	181	129	0
105	4	3.94444444444444	107	15	0
105	3	4.75555589463976	243	36	0
105	7	2.94444444444444	200	26	0
105	8	7.86666531032986	228	25	0
105	10	2.37778049045139	286	25	0
105	12	2.76666937934028	170	25	0
105	15	0.733330620659722	165	25	0
105	16	2.5	178	44	0
105	19	0.977783203125	157	36	0
105	23	1.55000258937027	191	0	2
12	4	0.5	213	18	1
12	5	2.67777845594618	178	22	0
12	6	6.54444376627604	153	21	0
12	8	1.33333333333333	175	21	0
12	8	9.51111178927951	152	23	0
12	10	3.65555826822917	236	36	0
12	13	3.34444173177083	192	39	0
12	15	2.91111246744792	198	23	0
12	16	1.31110975477431	151	21	0
12	16	8.74444580078125	169	32	0
12	20	0.644449869791667	221	18	0
12	21	2.43333604600694	396	97	0
12	4	2.78888956705729	235	21	0
12	6	1.01111178927951	161	35	0
12	8	5.69999864366319	193	27	0
12	10	2.94444444444444	196	24	0
12	12	1.0111083984375	189	29	0
12	14	6.55555555555556	178	31	0
12	16	0.0888875325520833	235	27	0
12	18	0.977776421440972	246	34	0
12	20	3.05555555555556	134	0	2
108	3	6.31111145019531	268	25	1
108	5	3.36666531032986	229	20	0
108	6	4.81110975477431	221	26	0
108	8	2.08888753255208	258	12	0
108	7	4.4000006781684	212	27	0
108	6	0.800001356336806	182	26	0
108	3	4.2000003390842	252	19	0
108	3	8.63333299424913	141	22	0
108	5	2.46666802300347	195	27	0
108	7	2.16666666666667	178	24	0
108	8	6.55555555555556	172	20	0
108	10	0.477776421440972	227	25	0
108	11	5.87778049045139	171	26	0
108	14	5.16666666666667	254	25	0
108	16	1.30000135633681	155	35	0
108	18	0.811109754774306	184	21	0
108	19	0.311116536458333	183	39	0
108	22	1.28485107421876	221	169	0
108	3	8.74444410536024	359	12	0
108	3	6.02222188313802	168	33	0
108	6	5.5999993218316	243	27	0
108	8	0.944444444444444	147	30	0
108	10	0.977776421440972	188	37	0
108	14	3.36666531032986	257	0	2
44	2	1.81111145019531	224	27	1
44	3	3.48888821072049	178	26	0
44	6	3.31110975477431	220	24	0
44	7	5.86666531032986	271	24	0
44	10	0.222222222222222	220	39	0
44	13	2.38888888888889	235	38	0
44	14	10.8111097547743	252	39	0
44	16	5.16666666666667	167	20	0
44	17	2.06666395399306	163	34	0
44	20	2.38888888888889	170	23	0
44	22	4.58602150537635	268	118	0
44	5	0.922222561306424	125	21	0
44	3	3.96666632758247	229	27	0
44	7	2.64444308810764	194	28	0
44	10	2.01111178927951	227	41	0
44	14	0.544447157118056	171	19	0
44	14	6.80000135633681	173	27	0
44	15	4.56666395399306	283	23	0
44	14	9.86666531032986	328	51	0
44	19	7	245	28	0
44	21	3.43333604600694	121	0	2
86	3	7.5999993218316	161	19	1
86	5	0.455556233723958	171	24	0
86	6	6.48888821072049	263	14	0
86	7	2.04444376627604	336	23	0
86	8	3.73333401150174	181	27	0
86	10	3.72222222222222	240	12	0
86	10	0.0444437662760417	222	25	0
86	12	0.177775065104167	190	23	0
86	13	6.45555284288194	254	27	0
86	15	7.84444173177083	197	25	0
86	16	10.4111124674479	212	18	0
86	17	4.78888617621528	249	35	0
86	21	0.622219509548611	184	25	0
86	23	4.75806189096103	221	129	0
86	3	3.27777777777778	194	20	0
86	4	1.82222154405382	148	37	0
86	7	0.855556911892361	232	11	0
86	6	5.67777845594618	176	26	0
86	8	5.08888753255208	144	19	0
86	10	0.677775065104167	168	22	0
86	11	2.4888916015625	161	30	0
86	14	0.75555419921875	188	30	0
86	15	8.69999864366319	280	26	0
86	16	10.8444417317708	183	22	0
86	18	2.92222086588542	326	38	0
86	22	3.96666124131944	188	0	2
140	4	0.888888888888889	145	29	1
140	6	4.64444308810764	217	24	0
140	7	5.85555691189236	209	15	0
140	8	4.21111043294271	183	22	0
140	10	4.47777642144097	249	27	0
140	7	4.74444580078125	502	20	0
140	8	4.16666666666667	191	26	0
140	10	5.75555419921875	212	31	0
140	13	4.94444444444444	205	31	0
140	14	4.31110975477431	203	29	0
140	15	8.93333604600694	184	36	0
140	18	2.55555555555556	190	26	0
140	21	1.74443901909722	236	212	0
140	2	2.58888922797309	170	22	0
140	3	0.700000339084201	300	60	0
140	3	1.32222154405382	56	20	0
140	5	0.0444437662760417	52	190	0
140	6	5.37777709960938	232	25	0
140	7	5.32222154405382	203	17	0
140	8	3.68889024522569	171	20	0
140	10	1	177	21	0
140	11	1	196	38	0
140	13	10.7666693793403	249	27	0
140	15	3.21111382378472	187	34	0
140	16	6.63333468967014	219	24	0
140	18	3.54444715711806	157	29	0
140	22	0.3506640625	183	0	2
54	4	0.733334011501736	160	27	1
54	6	4.87777709960938	243	28	0
54	8	2.42222086588542	215	41	0
54	11	0.777777777777778	344	23	0
54	13	0.466668023003472	185	22	0
54	15	0.277777777777778	160	23	0
54	16	3.88888888888889	185	32	0
54	18	0.411112467447917	175	32	0
54	21	0.4888916015625	140	28	0
54	23	4.11600260416667	386	79	0
54	6	2.33333333333333	151	26	0
54	3	3.17777845594618	197	19	0
54	4	1.54444376627604	163	34	0
54	6	6.62222290039062	168	26	0
54	8	4.27777777777778	210	30	0
54	10	5.93333604600694	292	32	0
54	13	3.33333333333333	201	24	0
54	16	0.855556911892361	549	35	0
54	17	5.65555826822917	228	41	0
54	23	1.38533854166667	201	0	2
92	2	3.28888871934679	352	19	1
92	3	5.36666700575087	202	20	0
92	4	4.43333265516493	205	27	0
92	6	4.84444512261285	279	23	0
92	7	5.97777642144097	182	18	0
92	8	5.58888753255208	177	26	0
92	10	2.32222493489583	287	30	0
92	13	3.74444580078125	191	22	0
92	14	2.76666937934028	195	23	0
92	15	2.52222357855903	171	25	0
92	16	3.16666666666667	238	39	0
92	21	3.71111382378472	185	18	0
92	22	4.33938876065342	34	25	0
92	19	5.35555013020833	183	77	0
92	4	0.777777777777778	143	20	0
92	3	2.61111111111111	166	23	0
92	4	1.88888888888889	167	28	0
92	6	4.98888821072049	212	26	0
92	8	1.02222357855903	249	21	0
92	8	7.43333265516493	169	19	0
92	9	0.455552842881944	182	21	0
92	10	3.35555691189236	254	34	0
92	13	7.38888888888889	228	25	0
92	15	0.211113823784722	175	23	0
92	16	2.65555826822917	227	37	0
92	20	2.33333333333333	313	0	2
70	2	1.02222188313802	300	19	1
70	3	1.5999993218316	168	22	0
70	3	10.9444444444444	164	24	0
70	6	2.67777845594618	209	29	0
70	7	4.26666598849826	216	19	0
70	8	4.22222222222222	187	25	0
70	10	3.18889024522569	267	25	0
70	12	1.64444308810764	168	26	0
70	13	9.61111111111111	184	26	0
70	15	8.93333604600694	209	27	0
70	17	2.68889024522569	202	19	0
70	18	3.23333062065972	168	39	0
70	22	1.64444986979167	172	21	0
70	23	5.07297825168919	166	152	0
70	3	9.63333299424913	216	28	0
70	6	2.35555691189236	228	24	0
70	7	4.18889024522569	223	30	0
70	9	2.9888916015625	211	20	0
70	11	0.25555419921875	185	36	0
70	13	5.66666666666667	218	23	0
70	15	1.14444308810764	198	26	0
70	16	4.19999864366319	185	45	0
70	20	0.744439019097222	234	21	0
70	21	1.65555826822917	95	27	0
70	19	0.277777777777778	82	40	0
70	23	2.98648648648649	209	0	2
38	3	4.7999996609158	161	22	1
38	5	0.58888922797309	174	24	0
38	7	1.53333197699653	195	19	0
38	8	4.38888888888889	178	33	0
38	10	6.08888753255208	299	24	0
38	12	0.411112467447917	167	27	0
38	14	1.76666937934028	190	21	0
38	15	5.73333062065972	162	23	0
38	17	2.9888916015625	205	31	0
38	19	0.866665310329861	174	34	0
38	21	2.44444444444444	247	17	0
38	20	7.42222764756944	236	67	0
38	9	2.74444580078125	160	46	0
38	3	6.01111178927951	245	31	0
38	6	3.43333265516493	218	20	0
38	8	1.9000006781684	187	25	0
38	10	0.711110432942708	161	25	0
38	11	3.0111083984375	176	27	0
38	13	6.64444308810764	204	26	0
38	16	1.43333604600694	298	35	0
38	18	1.95555284288194	201	37	0
38	20	8.67777506510417	202	25	0
38	23	1.52104749177632	170	0	2
156	4	0.522221883138021	129	23	1
156	6	2.45555623372396	190	24	0
156	7	1.06666734483507	217	22	0
156	8	3.57777913411458	201	25	0
156	9	3.27777777777778	189	22	0
156	10	5.93333604600694	291	33	0
156	13	1.22222222222222	177	21	0
156	14	1.73333062065972	173	24	0
156	15	2.76666937934028	181	23	0
156	16	2.42222086588542	192	22	0
156	17	2.28888617621528	171	38	0
156	20	3.477783203125	189	20	0
156	19	4.5111083984375	227	22	0
156	21	1.64545972419508	202	142	0
156	4	2.64444478352865	92	28	0
156	2	2.92222256130642	190	23	0
156	3	6.5	158	25	0
156	5	2.98888821072049	152	25	0
156	6	10.5333319769965	174	25	0
156	8	0.477776421440972	241	40	0
156	10	3.44444444444444	272	39	0
156	13	2.55555555555556	224	28	0
156	14	7.15555826822917	265	25	0
156	16	0.533331976996528	170	38	0
156	19	1.4888916015625	176	25	0
156	20	3.9888916015625	243	0	2
95	3	7.5999993218316	187	23	1
95	6	0.655554877387153	236	18	0
95	5	0.555555555555556	162	31	0
95	8	1.31110975477431	173	25	0
95	9	0.466668023003472	143	28	0
95	11	1.19999864366319	181	28	0
95	14	2.12221950954861	197	27	0
95	15	6.92222086588542	216	35	0
95	17	3	208	28	0
95	19	3.53333875868056	189	37	0
95	22	5.43333604600694	315	46	0
95	16	2.53333197699653	223	21	0
95	15	4.34444173177083	180	18	0
95	14	4.69999864366319	128	39	0
95	9	3.24444580078125	226	12	0
95	10	1.39999728732639	86	27	0
95	11	3.72222222222222	162	28	0
95	14	2.97777642144097	235	19	0
95	15	0.955552842881944	284	28	0
95	16	0.855556911892361	164	23	0
95	17	2.69999864366319	187	19	0
95	18	0.800001356336806	137	43	0
95	21	1.0111083984375	170	28	0
95	23	2.12273245146781	212	0	2
150	2	3.46666632758247	202	24	1
150	4	0.555555555555556	154	22	0
150	6	0.155554877387153	182	23	0
150	6	8.84444512261285	170	18	0
150	7	4.44444444444444	150	22	0
150	8	8.55555555555556	204	22	0
150	10	3.10000271267361	194	24	0
150	12	1.62221950954861	168	24	0
150	14	0.199998643663194	161	24	0
150	15	6.53333197699653	266	30	0
150	16	9.43333604600694	199	25	0
150	17	8.31111653645833	221	39	0
150	20	9.67777506510417	235	24	0
150	22	2.28182336055872	215	127	0
150	2	2.87777794731988	195	26	0
150	3	8.37777709960938	144	18	0
150	5	1.45555623372396	176	22	0
150	6	6.0999993218316	189	25	0
150	8	0.400000678168403	197	25	0
150	9	1.87778049045139	186	22	0
150	10	5.91111246744792	144	26	0
150	13	1	176	21	0
150	13	6.93333604600694	149	24	0
150	15	4.5111083984375	194	26	0
150	16	6.56666395399306	249	34	0
150	18	0.5	309	10	0
150	17	6.67777506510417	279	33	0
150	20	2.17777506510417	219	22	0
150	20	10.5111083984375	269	0	2
166	4	3.14444478352865	190	26	1
166	6	6.47777642144097	217	23	0
166	9	0.233334011501736	427	26	0
166	11	0.688890245225694	209	25	0
166	13	4.07777913411458	262	26	0
166	15	5.64444308810764	203	30	0
166	17	2.38888888888889	254	44	0
166	20	3.77777777777778	198	35	0
166	23	4.77500261579242	81	48	0
166	15	5.0111083984375	174	18	0
166	14	2.60000271267361	371	31	0
166	17	0.355556911892361	200	24	0
166	18	3.88888888888889	167	26	0
166	20	5.05555555555556	221	24	0
166	23	0.97143118722099	198	67	0
166	8	1.82222154405382	188	22	0
166	6	5.75555419921875	267	37	0
166	3	3.05555555555556	301	26	0
166	6	5.64444308810764	197	21	0
166	7	5.66666666666667	224	22	0
166	9	1.51111178927951	160	24	0
166	10	7.39999728732639	197	0	2
63	4	3.27777777777778	194	26	1
63	6	6.94444444444444	261	23	0
63	8	2.77777777777778	205	44	0
63	3	5.41111077202691	212	32	0
63	6	5.83333333333333	165	22	0
63	8	1.55555555555556	164	25	0
63	9	3.58888753255208	179	25	0
63	11	3.75555419921875	197	33	0
63	14	3.92222086588542	298	26	0
63	15	9.88888888888889	148	28	0
63	17	1.71111382378472	186	25	0
63	19	6.73333062065972	195	26	0
63	16	8.85555691189236	283	40	0
63	20	0.722222222222222	173	26	0
63	22	6.62221950954861	256	27	0
63	19	5.022216796875	232	40	0
63	23	1.7906640625	231	102	0
63	3	2.36666700575087	58	21	0
63	3	5.71111043294271	181	32	0
63	6	4.57777913411458	193	25	0
63	8	1.82222154405382	209	25	0
63	9	4.83333333333333	221	22	0
63	11	3.14444308810764	174	35	0
63	14	3.04444715711806	346	27	0
63	15	9.30000135633681	200	31	0
63	17	0.222222222222222	244	41	0
63	22	4.34444173177083	272	0	2
121	4	0.677778455946181	140	27	1
121	6	3.37777709960938	221	33	0
121	8	0.144443088107639	194	27	0
121	9	3.5111083984375	210	20	0
121	10	6.61111111111111	239	34	0
121	13	0.644443088107639	185	21	0
121	14	0.311109754774306	203	25	0
121	16	1.94444444444444	187	26	0
121	17	1.45555284288194	206	20	0
121	17	9.68888346354167	178	37	0
121	20	9.36667209201389	218	26	0
121	23	0.626310649671053	225	180	0
121	4	0.822221544053819	128	24	0
121	2	2.8999998304579	177	23	0
121	4	0.644444783528646	161	32	0
121	6	7.66666666666667	237	26	0
121	8	5.0999993218316	334	25	0
121	6	8.03333197699653	277	19	0
121	7	5.12222290039062	127	23	0
121	8	8.97777642144097	164	24	0
121	10	3.63333468967014	184	37	0
121	12	3.97777642144097	198	23	0
121	14	2.10000271267361	212	26	0
121	16	1.94444444444444	183	32	0
121	17	6.88888888888889	215	41	0
121	20	9.18888346354167	255	25	0
121	22	3.73333062065972	130	0	2
47	3	6.5	195	21	1
47	4	4.93333265516493	157	25	0
47	7	0.344445122612847	308	24	0
47	8	3.47777642144097	362	26	0
47	10	6.26666937934028	205	38	0
47	13	7.4888916015625	273	29	0
47	15	1.67777506510417	170	28	0
47	16	5.89999728732639	172	43	0
47	21	2.13332790798611	207	23	0
47	19	3.79999457465278	176	143	0
47	2	3.22222222222222	85	13	0
47	3	0.855555216471354	147	23	0
47	3	8.63333299424913	157	19	0
47	5	1.13333468967014	167	23	0
47	7	2.23333401150174	195	23	0
47	8	3.56666734483507	233	21	0
47	10	0.5111083984375	173	25	0
47	11	3.25555419921875	193	26	0
47	13	7.10000271267361	366	24	0
47	14	3.67777506510417	182	32	0
47	16	0.0444471571180556	235	22	0
47	17	1	167	24	0
47	19	0.399997287326389	168	27	0
47	21	1.64444986979167	204	30	0
47	17	5.61111111111111	249	23	0
47	19	4.477783203125	371	0	2
76	3	1.64444478352865	197	22	1
76	4	1.87777709960938	181	23	0
76	6	3.9000006781684	290	55	0
76	5	0.511111789279514	153	11	0
76	4	2.92222256130642	170	35	0
76	7	3.92222086588542	174	19	0
76	8	2.93333265516493	165	23	0
76	9	4.73333401150174	285	22	0
76	8	3.81110975477431	219	37	0
76	11	5.08888753255208	170	26	0
76	13	7.38888888888889	162	19	0
76	14	5.80000135633681	154	23	0
76	15	7.64444308810764	187	21	0
76	17	0.711113823784722	189	32	0
76	18	3.43333604600694	180	35	0
76	20	2.94444444444444	215	22	0
76	19	5.53333875868056	314	34	0
76	22	2.98570905412947	221	117	0
76	2	3.68888854980469	32	20	0
76	3	5.58888922797309	71	20	0
76	3	2.28888956705729	197	27	0
76	5	1.66666666666667	167	25	0
76	6	7.9000006781684	200	19	0
76	8	0.233334011501736	198	23	0
76	9	1.08888753255208	281	19	0
76	10	1.14444308810764	191	24	0
76	12	0.5	158	29	0
76	14	2.95555284288194	354	60	0
76	4	0.888888888888889	171	13	0
76	3	4.7999996609158	180	24	0
76	5	1.19999864366319	265	33	0
76	7	3.52222357855903	210	24	0
76	9	3.15555487738715	185	50	0
76	15	8.73333062065972	153	22	0
76	17	0.75555419921875	159	37	0
76	19	3.15555826822917	201	36	0
76	22	2.77142333984376	190	0	2
9	3	1.9000006781684	181	25	1
9	6	0.988888210720486	193	32	0
9	8	0.344445122612847	201	22	0
9	9	0.911112467447917	254	34	0
9	10	8.82222493489583	261	38	0
9	13	5.87778049045139	230	35	0
9	15	8.55555555555556	176	36	0
9	17	0.366665310329861	161	20	0
9	17	7.77777777777778	187	41	0
9	21	2.91110568576389	202	21	0
9	20	3.66666666666667	236	16	0
9	21	0.811116536458333	180	16	0
9	23	0.0368395353618421	196	94	0
9	6	7.67777845594618	85	26	0
9	4	4.33333333333333	185	17	0
9	3	3.01111178927951	128	41	0
9	8	1.38888888888889	167	26	0
9	9	3.35555691189236	178	27	0
9	11	1.02222357855903	174	33	0
9	13	7.54444715711806	175	48	0
9	8	6.4000006781684	409	29	0
9	10	6.52222357855903	176	36	0
9	13	5.36666531032986	248	32	0
9	15	6.24444580078125	244	35	0
9	17	0.177775065104167	161	25	0
9	18	0.0111083984375	307	0	2
79	3	5.98888821072049	320	24	1
79	5	1.07777913411458	169	22	0
79	6	6.06666734483507	219	20	0
79	8	0.866665310329861	227	26	0
79	10	4.47777642144097	419	14	0
79	11	0.0333319769965278	146	23	0
79	12	1.96666802300347	182	17	0
79	13	3.69999864366319	164	27	0
79	15	3.30000135633681	198	34	0
79	16	1.69999864366319	177	22	0
79	17	2.10000271267361	177	26	0
79	20	1.68888346354167	295	34	0
79	23	5.73250528971353	253	98	0
79	5	0.922220865885417	85	26	0
79	2	3.78888956705729	213	22	0
79	3	7.67777845594618	156	28	0
79	6	2.36666531032986	200	26	0
79	8	1.01111178927951	218	28	0
79	10	4.05555555555556	211	38	0
79	14	2.21111382378472	265	9	0
79	14	0.611111111111111	84	31	0
79	15	9.22222222222222	220	26	0
79	17	2.02222357855903	358	26	0
79	15	8.55555555555556	238	50	0
79	23	3.92333068847655	250	24	0
79	20	3.04444715711806	285	20	0
79	19	1.56666395399306	329	0	2
143	4	0.977778116861979	173	24	1
143	6	1.22222222222222	183	21	0
143	6	8.53333197699653	269	23	0
143	8	3.19999864366319	206	40	0
143	4	3.34444512261285	477	25	0
143	6	5.16666666666667	145	27	0
143	8	1.88888888888889	189	19	0
143	8	8.44444444444444	179	23	0
143	10	3.28888617621528	235	23	0
143	12	1.97777642144097	175	27	0
143	13	9.96666802300347	219	32	0
143	14	11.8666653103299	298	25	0
143	16	2.4888916015625	301	25	0
143	18	0.899997287326389	208	24	0
143	20	0.666666666666667	201	28	0
143	16	4.977783203125	301	33	0
143	19	0.677775065104167	188	18	0
143	20	0.977783203125	234	23	0
143	22	1.66785975864956	221	26	0
143	19	0.233330620659722	358	26	0
143	21	2.03333875868056	238	122	0
143	3	2.35555521647135	234	25	0
143	5	1.66666666666667	192	23	0
143	6	9.26666598849826	176	18	0
143	7	5.11111111111111	176	24	0
143	8	9.94444444444444	213	24	0
143	10	5.41111246744792	266	35	0
143	13	6.23333062065972	235	19	0
143	14	1.95555284288194	158	17	0
143	14	8.44444444444444	195	26	0
143	15	7.10000271267361	180	25	0
143	16	8.522216796875	177	24	0
143	19	2.44444444444444	180	24	0
143	22	0.628566196986615	172	0	2
73	4	2.63333299424913	174	26	1
73	7	1.30000135633681	205	30	0
73	8	5.78888956705729	184	25	0
73	10	7.69999864366319	237	31	0
73	13	7.23333062065972	239	26	0
73	15	8.02222357855903	217	32	0
73	17	1.27777777777778	187	19	0
73	18	1.33333333333333	191	39	0
73	22	1.73333062065972	195	50	0
73	15	1.77777777777778	181	39	0
73	10	7.96666802300347	192	14	0
73	10	3.4000006781684	91	35	0
73	13	4.63333468967014	148	26	0
73	15	7.77777777777778	270	23	0
73	16	7.08888753255208	356	20	0
73	15	9.88888888888889	381	25	0
73	16	9.31110975477431	208	21	0
73	17	5.18889024522569	238	38	0
73	15	2.31110975477431	226	59	0
73	4	4.52222188313802	193	28	0
73	7	1.67777845594618	127	23	0
73	8	5.02222357855903	207	23	0
73	10	4.42222086588542	219	24	0
73	12	1.23333062065972	271	42	0
73	15	7.12221950954861	187	26	0
73	16	8.24444580078125	149	26	0
73	18	4.10000271267361	204	35	0
73	22	0.877780490451389	207	18	0
73	20	3.41110568576389	198	17	0
73	19	2.32222493489583	379	32	0
73	23	0.552631578947368	291	0	2
124	3	7.63333299424913	272	25	1
124	5	2.58888753255208	168	18	0
124	6	4.73333401150174	187	19	0
124	7	4.55555555555556	178	23	0
124	8	8.14444308810764	157	23	0
124	10	3.82222493489583	171	36	0
124	13	4.35555691189236	213	28	0
124	15	1.17777506510417	424	41	0
124	10	3.32222493489583	240	17	0
124	9	1.95555623372396	229	35	0
124	12	3.23333062065972	161	33	0
124	14	2.81110975477431	197	27	0
124	15	4.91111246744792	199	38	0
124	17	3.12221950954861	180	13	0
124	16	8.74444580078125	218	35	0
124	20	1.24443901909722	211	17	0
124	21	2.022216796875	201	24	0
124	23	2.64399739583333	277	221	0
124	3	4.35555521647135	89	21	0
124	2	1.3999998304579	220	28	0
124	4	2.5	210	25	0
124	6	4.26666598849826	213	22	0
124	8	0.733334011501736	314	12	0
124	7	3.87777709960938	175	31	0
124	9	1.75555419921875	185	20	0
124	11	0.111111111111111	193	38	0
124	13	8.30000135633681	196	25	0
124	15	1.61111111111111	219	20	0
124	15	7.68889024522569	198	31	0
124	17	0.277777777777778	291	35	0
124	20	0.477783203125	191	19	0
124	21	0.911105685763889	305	33	0
124	23	4.42533854166667	152	93	0
124	4	0.522221883138021	204	9	0
124	3	6.67777845594618	165	29	0
124	6	3.11111111111111	203	34	0
124	8	4.25555419921875	223	25	0
124	10	0.0777791341145833	176	25	0
124	11	2.82222493489583	199	33	0
124	13	6.91111246744792	190	24	0
124	15	1.96666802300347	229	18	0
124	15	6.85555691189236	248	33	0
124	17	0.111111111111111	217	25	0
124	19	2.0111083984375	189	19	0
124	20	4.83333333333333	187	33	0
124	23	1.37466145833333	187	0	2
137	3	7.68888854980469	169	21	1
137	5	2.95555623372396	164	23	0
137	6	6.68889024522569	238	25	0
137	8	0.733334011501736	252	26	0
137	10	3.95555284288194	392	36	0
137	13	4.82222493489583	286	31	0
137	15	8.74444580078125	272	29	0
137	12	2.93333604600694	199	21	0
137	14	0.188890245225694	128	37	0
137	16	1.71111382378472	179	23	0
137	17	0.288886176215278	160	22	0
137	18	1.80000135633681	211	37	0
137	21	5.28888617621528	225	18	0
137	23	1.90625	213	26	0
137	19	1.43333604600694	260	23	0
137	17	1.86666531032986	132	116	0
137	3	6.16666666666667	206	31	0
137	6	3.30000135633681	197	23	0
137	7	1.57777913411458	176	24	0
137	9	3.42222086588542	283	33	0
137	13	1.37778049045139	282	25	0
137	15	4.27777777777778	179	40	0
137	17	6.57777913411458	221	27	0
137	21	2.25556098090278	233	0	2
28	3	6.47777811686198	189	20	1
28	5	0.322221544053819	185	21	0
28	6	5.48888821072049	207	22	0
28	8	0.166666666666667	237	21	0
28	9	3.15555487738715	165	23	0
28	10	5.75555419921875	164	21	0
28	12	1.35555691189236	158	34	0
28	14	0.666666666666667	210	25	0
28	15	1.72222222222222	174	22	0
28	16	2.03333197699653	252	27	0
28	18	2.93333604600694	160	27	0
28	21	2.53333875868056	241	84	0
28	2	3.76666598849826	213	23	0
28	4	0.277777777777778	163	25	0
28	6	0.733334011501736	178	20	0
28	6	7.24444580078125	149	24	0
28	8	2.03333197699653	303	23	0
28	10	2.02222357855903	163	22	0
28	11	3.89999728732639	190	30	0
28	13	7.57777913411458	262	27	0
28	11	2.74444580078125	183	14	0
28	10	3.61111111111111	231	41	0
28	14	2.21111382378472	187	27	0
28	15	6.77777777777778	201	17	0
28	16	6.33333333333333	171	27	0
28	20	0.566663953993056	224	28	0
28	22	4.25000000000001	66	0	2
134	3	4.35555521647135	207	27	1
134	5	0.911112467447917	182	23	0
134	6	6.92222086588542	148	19	0
134	7	5.21111043294271	164	25	0
134	8	8.67777845594618	171	21	0
134	10	2.89999728732639	259	21	0
134	11	1.63333468967014	171	27	0
134	13	4.19999864366319	276	26	0
134	15	4.37778049045139	237	28	0
134	16	10.3666653103299	201	24	0
134	17	9.23333062065972	248	28	0
134	20	6.96666124131944	235	27	0
134	23	0.701517740885424	217	28	0
134	19	2.88888888888889	197	37	0
134	23	2.30303030303031	235	178	0
134	3	8.38888888888889	107	31	0
134	2	0.788888719346788	300	27	0
134	4	1.12222290039062	259	24	0
134	6	3.01111178927951	217	26	0
134	7	4.31110975477431	177	22	0
134	8	6.82222154405382	204	21	0
134	10	2.16666666666667	273	27	0
134	12	0.722222222222222	210	26	0
134	14	1.53333197699653	193	22	0
134	15	6.26666937934028	261	22	0
134	16	5.37778049045139	184	36	0
134	18	1.31111653645833	186	28	0
134	20	7.64444986979167	167	25	0
134	23	2.51515151515152	152	0	2
118	3	6.53333367241753	200	25	1
118	5	3.64444308810764	194	17	0
118	6	5.68889024522569	201	17	0
118	7	4.0999993218316	166	21	0
118	8	5.06666734483507	167	25	0
118	10	4.56666395399306	238	27	0
118	13	1	284	26	0
118	15	0.800001356336806	165	25	0
118	16	0.933336046006944	177	23	0
118	17	0.366665310329861	175	21	0
118	18	0.111111111111111	247	24	0
118	19	1.55555555555556	199	27	0
118	21	4.57777235243056	211	22	0
118	23	2.25714547293528	203	26	0
118	20	5.65555826822917	235	22	0
118	22	1.13332790798611	167	13	0
118	23	1.1642804827009	263	14	0
118	23	4.82857404436385	234	107	0
118	5	1.41111246744792	135	33	0
118	3	1.37777709960938	260	30	0
118	6	0.677778455946181	197	25	0
118	7	3.53333197699653	216	22	0
118	8	6.15555487738715	160	22	0
118	10	4.08888753255208	214	28	0
118	13	0.422220865885417	203	25	0
118	14	3.69999864366319	168	26	0
118	16	1.05555555555556	175	20	0
118	16	8.69999864366319	169	27	0
118	15	5.91111246744792	322	37	0
118	17	5.33333333333333	185	33	0
118	19	3.32222493489583	195	23	0
118	21	1.34444173177083	148	21	0
118	22	0.555555555555556	210	0	2
127	3	7.13333299424913	150	23	1
127	5	2.73333401150174	156	22	0
127	6	6.85555691189236	192	20	0
127	7	4.82222154405382	193	25	0
127	8	9.83333333333333	308	28	0
127	10	6.88888888888889	167	32	0
127	8	2.57777913411458	260	25	0
127	10	1.87778049045139	189	19	0
127	10	8.88888888888889	100	28	0
127	13	4.61111111111111	237	23	0
127	14	3.67777506510417	192	25	0
127	13	3.73333062065972	197	33	0
127	15	2.9888916015625	216	24	0
127	16	4.43333604600694	221	33	0
127	19	4.15555826822917	197	21	0
127	20	5.58889431423611	167	29	0
127	23	2.64285714285715	212	135	0
127	3	2.45555623372396	229	24	0
127	4	2.98888821072049	209	26	0
127	6	5.23333401150174	237	20	0
127	7	2.13333468967014	220	25	0
127	8	8.21111043294271	243	24	0
127	10	6.68889024522569	393	21	0
127	12	1.36666531032986	170	26	0
127	13	8.30000135633681	255	31	0
127	15	3.96666802300347	177	28	0
127	17	2.33333333333333	70	95	0
127	23	0.746433803013401	78	0	2
22	3	7.76666598849826	206	23	1
22	5	3.77777777777778	187	18	0
22	6	6.52222357855903	201	33	0
22	8	3.31110975477431	255	28	0
22	10	5.53333197699653	288	22	0
22	9	1.46666802300347	319	29	0
22	11	0.177775065104167	153	21	0
22	12	2.64444308810764	172	21	0
22	14	2.31110975477431	188	25	0
22	16	2.12221950954861	183	22	0
22	17	1.82222493489583	182	17	0
22	17	8.06666395399306	419	28	0
22	19	0.899997287326389	168	28	0
22	22	1.58889431423611	209	26	0
22	24	3.18421052631579	223	167	0
22	2	2.78888871934679	186	24	0
22	3	7.38888888888889	177	19	0
22	5	0.877777099609375	254	9	0
22	4	3.83333333333333	170	27	0
22	7	0.633334689670139	242	10	0
22	6	5.07777913411458	219	25	0
22	8	1.65555487738715	212	23	0
22	9	2.56666734483507	186	27	0
22	10	8.93333604600694	258	21	0
22	11	4.53333197699653	147	25	0
22	14	0.311109754774306	224	34	0
22	16	4.83333333333333	231	31	0
22	18	0.888888888888889	210	28	0
22	20	0.811116536458333	175	39	0
22	23	2.23333062065972	269	0	2
89	4	0.944444444444444	185	24	1
89	6	5.02222357855903	296	24	0
89	8	1.19999864366319	231	10	0
89	7	4.16666666666667	275	22	0
89	6	4.9000006781684	300	26	0
89	8	1.36666531032986	324	26	0
89	9	1.84444512261285	175	21	0
89	10	6.10000271267361	574	27	0
89	12	3.45555284288194	182	21	0
89	13	7.08888753255208	297	25	0
89	15	3.66666666666667	238	25	0
89	13	4.12221950954861	204	26	0
89	11	1.69999864366319	303	28	0
89	13	6.11111111111111	177	29	0
89	16	1.44444444444444	186	25	0
89	17	3	261	26	0
89	19	1.54444715711806	94	31	0
89	22	1.74443901909722	177	22	0
89	24	0.0684236225328947	144	86	0
89	3	4.98888821072049	164	21	0
89	2	2.14444478352865	172	21	0
89	4	0.700000339084201	189	28	0
89	6	3.30000135633681	237	23	0
89	7	1.85555691189236	184	27	0
89	8	6.58888753255208	208	23	0
89	10	3.41111246744792	256	34	0
89	13	3.18889024522569	196	20	0
89	14	2.23333062065972	183	23	0
89	16	4.44444444444444	270	32	0
89	18	3.05555555555556	170	31	0
89	22	0.311116536458333	302	0	2
31	2	1.97777811686198	184	22	1
31	4	1.7000003390842	176	26	0
31	6	6.05555555555556	225	26	0
31	8	3.61111111111111	218	23	0
31	7	0.544443766276042	263	18	0
31	8	1.11111111111111	143	19	0
31	8	8.75555419921875	170	25	0
31	10	0.777777777777778	360	33	0
31	13	1.5	173	26	0
31	14	3.24444580078125	257	32	0
31	16	0.966668023003472	176	24	0
31	17	1.52222357855903	241	27	0
31	19	9.64444986979167	238	31	0
31	22	1.84696451822917	347	89	0
31	5	1.53333367241753	146	24	0
31	3	0.822221544053819	283	18	0
31	4	0.722222222222222	206	24	0
31	6	0.477776421440972	231	23	0
31	6	7.52222357855903	505	21	0
31	7	5.22222222222222	172	25	0
31	8	7.81110975477431	262	22	0
31	10	0.0666639539930556	329	37	0
31	13	4.46666802300347	225	25	0
31	14	5.5	245	65	0
31	3	0.0222218831380208	177	11	0
31	2	1.53333367241753	142	26	0
31	4	3.64444478352865	215	32	0
31	6	7.63333468967014	211	24	0
31	7	5.42222086588542	177	25	0
31	8	9	327	24	0
31	9	5.18889024522569	189	38	0
31	7	0.177778455946181	153	15	0
31	6	4.38888888888889	155	29	0
31	8	4.26666598849826	169	30	0
31	9	5.96666802300347	160	25	0
31	11	4.44444444444444	175	28	0
31	13	8.5	232	26	0
31	15	4.80000135633681	170	22	0
31	16	2.22222222222222	132	22	0
31	18	0.211113823784722	166	40	0
31	19	7.74443901909722	113	22	0
31	21	1.11111111111111	183	0	2
41	3	2.68888854980469	165	29	1
41	6	1.0999993218316	183	23	0
41	7	2.96666802300347	288	25	0
41	9	0.422220865885417	184	26	0
41	11	1.85555691189236	191	25	0
41	13	3.78888617621528	256	34	0
41	16	4.28888617621528	233	19	0
41	15	5.78888617621528	244	26	0
41	13	0.466668023003472	221	33	0
41	16	0.233330620659722	206	30	0
41	17	1.56666395399306	225	20	0
41	18	1.96666802300347	182	32	0
41	20	4.07777235243056	203	27	0
41	23	3.27500261579242	235	94	0
41	2	6.97777811686198	163	18	0
41	2	1.81111145019531	165	36	0
41	6	3.46666802300347	195	26	0
41	7	5.32222154405382	192	37	0
41	10	0.444444444444444	364	22	0
41	11	1.73333062065972	245	23	0
41	12	3.81110975477431	181	26	0
41	15	0.277777777777778	155	25	0
41	16	4.80000135633681	219	38	0
41	18	6.24444580078125	127	0	2
102	3	0.144444783528646	141	25	1
102	4	1.88888888888889	194	25	0
102	6	5.61111111111111	253	23	0
102	7	5.92222086588542	160	26	0
102	8	10.6888902452257	184	21	0
102	10	3.27777777777778	350	21	0
102	11	1	198	31	0
102	13	2.89999728732639	190	23	0
102	14	2.9888916015625	172	26	0
102	15	11.3111097547743	211	26	0
102	17	0.633334689670139	275	26	0
102	19	1.43333604600694	171	33	0
102	22	2.05555555555556	205	22	0
102	20	4.85555013020833	163	23	0
102	17	6.75556098090278	250	24	0
102	20	4.07777235243056	181	22	0
102	22	0.899997287326389	198	22	0
102	23	3.46785191127233	177	209	0
102	3	7.2999996609158	135	22	0
102	2	1.83333333333333	245	30	0
102	4	1.5	226	27	0
102	6	2.55555555555556	177	34	0
102	3	3.42222256130642	254	27	0
102	5	1.92222086588542	185	24	0
102	6	7.32222154405382	223	25	0
102	8	0.344445122612847	202	24	0
102	9	1.10000271267361	257	25	0
102	10	6.46666802300347	329	28	0
102	13	5.33333333333333	245	23	0
102	15	1.19999864366319	153	23	0
102	16	0.833333333333333	193	24	0
102	17	2.0111083984375	169	38	0
102	21	3.77777777777778	310	0	2
60	4	0.0555555555555556	144	24	1
60	5	1.47777811686198	188	19	0
60	6	5.02222357855903	243	24	0
60	8	1.77777777777778	231	28	0
60	10	1	201	27	0
60	12	0.566663953993056	175	34	0
60	13	12.0555555555556	245	28	0
60	15	2.77777777777778	239	26	0
60	17	2.13333468967014	189	27	0
60	19	7.55555555555556	210	31	0
60	22	2.66363895300664	256	23	0
60	20	0.0777723524305556	255	93	0
60	4	1.88888888888889	179	20	0
60	3	1.36666700575087	183	25	0
60	4	3.92222256130642	163	26	0
60	6	3.97777642144097	249	24	0
60	8	1.02222357855903	236	10	0
60	7	4.43333265516493	284	19	0
60	8	5.96666802300347	214	25	0
60	10	2.91111246744792	253	23	0
60	11	1.39999728732639	163	30	0
60	13	9.77777777777778	233	23	0
60	14	3.76666937934028	297	22	0
60	15	6.0111083984375	165	27	0
60	17	4.87778049045139	192	42	0
60	20	2.77777777777778	171	22	0
60	22	3.61818440755209	108	0	2
15	3	6.23333401150174	295	29	1
15	6	2.52222357855903	182	26	0
15	7	3.48888821072049	317	21	0
15	8	3.19999864366319	144	25	0
15	10	3.62221950954861	175	25	0
15	11	1.60000271267361	192	34	0
15	13	6.52222357855903	243	27	0
15	14	8.81110975477431	181	26	0
15	15	11.6555582682292	214	25	0
15	17	3.62221950954861	275	29	0
15	20	0.0444471571180556	248	26	0
15	22	2.95333333333333	175	35	0
15	18	1.0111083984375	312	81	0
15	6	3.62222290039062	83	32	0
15	3	5.03333367241753	246	29	0
15	6	3.48888821072049	163	26	0
15	8	1.62222290039062	271	35	0
15	10	7.31110975477431	181	33	0
15	13	1.55555555555556	188	25	0
15	14	3.13333468967014	164	34	0
15	15	10.3222249348958	264	25	0
15	16	6.12221950954861	192	21	0
15	15	11.6888902452257	93	28	0
15	17	2.56666395399306	154	21	0
15	18	2.86667209201389	98	33	0
15	21	1.477783203125	189	0	2
57	2	2.84444427490234	184	22	1
57	3	5.85555521647135	219	24	0
57	5	2.28888956705729	180	24	0
57	6	8.17777845594618	167	17	0
57	7	5.07777913411458	165	25	0
57	8	8.5999993218316	152	23	0
57	10	3.83333333333333	202	42	0
57	13	4.86666531032986	228	27	0
57	15	3.31110975477431	171	26	0
57	16	6.45555284288194	220	25	0
57	18	0.144449869791667	349	25	0
57	16	6.32222493489583	184	27	0
57	15	0.655558268229167	157	23	0
57	16	0.188890245225694	141	25	0
57	17	2.5111083984375	269	19	0
57	17	7.37778049045139	168	32	0
57	20	5.76666937934028	220	23	0
57	23	1.35416158040364	240	157	0
57	3	3.81111145019531	178	11	0
57	3	1.7000003390842	172	25	0
57	4	2.95555623372396	206	29	0
57	6	8.21111043294271	170	20	0
57	7	5.53333197699653	181	20	0
57	8	7.23333401150174	178	25	0
57	10	6.06666395399306	231	36	0
57	13	4.57777913411458	227	26	0
57	15	3.78888617621528	367	23	0
57	16	3.13333468967014	224	19	0
57	17	0.811109754774306	213	22	0
57	18	0.0111083984375	188	29	0
57	15	6.44444444444444	190	18	0
57	15	1.43333604600694	295	21	0
57	13	6.88888888888889	166	27	0
57	11	1.61111111111111	158	19	0
57	11	4.9888916015625	222	50	0
57	17	1.38888888888889	144	26	0
57	18	2.33333333333333	163	20	0
57	20	1.65555826822917	173	25	0
57	22	2.70000542534722	255	42	0
57	16	5.47777642144097	265	35	0
57	18	5.68888346354167	196	20	0
57	20	5.5111083984375	509	28	0
57	23	1.51041158040364	245	0	2
159	4	2.34444512261285	222	23	1
159	6	4.32222154405382	203	20	0
159	7	4.68889024522569	161	22	0
159	8	6.21111043294271	409	20	0
159	10	1.55555555555556	220	25	0
159	10	10.1000027126736	166	30	0
159	13	1.56666395399306	254	36	0
159	15	0.0111083984375	211	34	0
159	17	0.300001356336806	188	42	0
159	20	4.89999728732639	231	23	0
159	19	6.55555555555556	224	97	0
159	4	0.111111111111111	141	19	0
159	2	2.58888922797309	188	21	0
159	3	4.71111043294271	193	23	0
159	6	1.72222222222222	275	20	0
159	7	1.48888821072049	212	25	0
159	8	4.01111178927951	280	26	0
159	10	1.93333265516493	200	22	0
159	10	10.3777804904514	193	38	0
159	13	2.23333062065972	233	31	0
159	14	8.03333197699653	280	30	0
159	15	9.21111382378472	211	24	0
159	16	8.55555555555556	212	27	0
159	15	7.43333604600694	250	24	0
159	16	6.21111382378472	169	35	0
159	19	3.75556098090278	175	27	0
159	21	1.56666666666667	193	194	0
159	4	3.18888854980469	156	21	0
159	3	2.93333265516493	197	31	0
159	6	5.4000006781684	175	20	0
159	7	5.4000006781684	160	21	0
159	9	0.422220865885417	172	24	0
159	10	5.71111382378472	268	38	0
159	13	1	190	25	0
159	14	8.45555284288194	211	29	0
159	15	8.47777642144097	163	33	0
159	18	0.866665310329861	140	40	0
159	21	3.61466145833333	201	0	2
25	3	3.75555589463976	152	22	1
25	4	0.622222900390625	163	22	0
25	5	3.11111111111111	160	20	0
25	6	7.57777913411458	189	24	0
25	8	0.555555555555556	321	31	0
25	10	3.80000135633681	217	26	0
25	13	1.33333333333333	202	31	0
25	15	6.88888888888889	183	37	0
25	17	0.466668023003472	190	21	0
25	18	3.24444580078125	184	37	0
25	22	2.29999457465278	173	23	0
25	23	5.60098565793506	197	10	0
25	23	7.82255165249695	129	94	0
25	3	1.83333333333333	181	17	0
25	2	1.78888871934679	138	25	0
25	3	8.31111145019531	167	19	0
25	5	0.400000678168403	180	22	0
25	6	3.76666598849826	224	22	0
25	7	2.28888956705729	222	20	0
25	8	3.45555623372396	168	24	0
25	10	2.62221950954861	201	22	0
25	12	0.677775065104167	184	23	0
25	14	2.86666531032986	167	26	0
25	15	9.68889024522569	174	24	0
25	17	0.333333333333333	170	18	0
25	18	1.34444173177083	170	40	0
25	22	1.41110568576389	203	0	2
153	2	6.26666598849826	168	21	1
153	4	1.64444478352865	153	33	0
153	6	6.37777709960938	228	25	0
153	8	5.64444308810764	206	22	0
153	10	1.06666395399306	319	21	0
153	11	1.45555284288194	168	35	0
153	14	1.58888753255208	250	30	0
153	16	0.155558268229167	225	29	0
153	17	5.30000135633681	176	25	0
153	20	0.0111083984375	180	31	0
153	21	1.25556098090278	434	11	0
153	20	8.44444444444444	89	35	0
153	23	1.45454545454546	227	92	0
153	3	2.9000006781684	209	18	0
153	2	4.64444478352865	185	34	0
153	6	3.33333333333333	241	24	0
153	7	5.24444580078125	180	25	0
153	8	8.37777709960938	266	24	0
153	10	4.61111111111111	264	25	0
153	13	0.188890245225694	173	22	0
153	14	1.87778049045139	214	22	0
153	15	7.12221950954861	208	25	0
153	13	6.33333333333333	308	37	0
153	16	1.45555284288194	246	25	0
153	17	4.27777777777778	175	32	0
153	19	3.81111653645833	179	26	0
153	21	2.36667209201389	174	24	0
153	23	2.46212121212122	139	0	2
