103	3	2.61111111111111	113	19	1
103	4	3.07777743869358	141	10	0
103	5	1.36666700575087	166	20	0
103	4	1.21111043294271	93	36	0
103	6	8.83333333333333	153	26	0
103	6	3.12222290039062	149	21	0
103	5	3.69999864366319	237	35	0
103	7	4.03333197699653	173	27	0
103	8	3.23333401150174	146	23	0
103	9	0.111111111111111	393	27	0
103	10	1.73333062065972	215	21	0
103	12	0.333333333333333	266	28	0
103	13	4.46666802300347	198	23	0
103	15	0.722222222222222	338	31	0
103	16	3.74444580078125	202	14	0
103	16	7.81110975477431	283	25	0
103	18	0.277777777777778	192	36	0
103	20	0.288886176215278	347	26	0
103	22	2.28182336055872	250	0	2
113	3	3.7999996609158	209	20	1
113	5	0.0555555555555556	94	23	0
113	6	3.56666734483507	198	15	0
113	6	7.98888821072049	245	10	0
113	7	0.5	93	23	0
113	8	1.82222154405382	265	22	0
113	8	8.28888956705729	194	21	0
113	8	1.28888956705729	269	25	0
113	6	3.35555691189236	173	33	0
113	3	2.81111145019531	201	20	0
113	4	3.38888888888889	148	26	0
113	6	2.85555691189236	90	39	0
113	8	3.5	274	33	0
113	10	0.411112467447917	311	24	0
113	10	5.69999864366319	82	35	0
113	8	4.31110975477431	249	26	0
113	9	0.866665310329861	103	25	0
113	10	3.37778049045139	234	24	0
113	11	1.30000135633681	104	27	0
113	12	1.83333333333333	211	21	0
113	13	2.5	162	24	0
113	15	1.60000271267361	272	14	0
113	14	1.07777913411458	104	32	0
113	11	2.22222222222222	175	42	0
113	15	6.94444444444444	238	26	0
113	16	6.18889024522569	201	24	0
113	17	5.16666666666667	216	25	0
113	16	3.88888888888889	199	40	0
113	17	7.26666937934028	151	22	0
113	19	0.466661241319444	171	22	0
113	20	4.41110568576389	258	26	0
113	23	1.72666666666667	338	0	2
14	3	4.98888821072049	128	21	1
14	5	0.722222222222222	143	23	0
14	6	2.46666802300347	162	20	0
14	6	7.35555691189236	199	25	0
14	8	0.766665988498264	225	27	0
14	8	6.69999864366319	199	21	0
14	10	1.28888617621528	277	26	0
14	11	3.39999728732639	179	19	0
14	13	2.34444173177083	194	24	0
14	13	8.5	186	26	0
14	15	2.94444444444444	244	19	0
14	16	3.66666666666667	220	15	0
14	15	3.58888753255208	247	34	0
14	17	4	186	23	0
14	18	1.02222357855903	191	20	0
14	20	1.44444444444444	224	19	0
14	21	0.299994574652778	183	24	0
14	23	2.57777235243056	151	15	0
14	22	1.70000542534722	273	26	0
14	24	3.41200520833333	130	299	0
14	22	1.477783203125	230	43	0
14	17	1.36666531032986	252	54	0
14	24	3.73200520833333	208	0	2
110	3	3.45555623372396	192	11	1
110	3	5.55555555555556	119	18	0
110	3	9.24444410536024	142	26	0
110	5	2.53333197699653	214	24	0
110	6	4.34444512261285	125	126	0
110	7	0.955556233723958	71	24	0
110	8	1.21111043294271	241	30	0
110	6	7.24444580078125	166	31	0
110	8	0.877777099609375	205	23	0
110	9	0.666666666666667	168	29	0
110	7	5.76666598849826	214	22	0
110	8	6.71111043294271	117	21	0
110	9	4.56666395399306	190	22	0
110	10	3.73333062065972	177	28	0
110	12	2.33333333333333	252	19	0
110	11	1.4888916015625	106	21	0
110	10	0.966668023003472	208	33	0
110	12	2.4888916015625	59	131	0
110	14	1.9888916015625	239	24	0
110	16	3.67777506510417	215	24	0
110	15	1.46666802300347	218	37	0
110	17	5.84444173177083	571	10	0
110	17	0.711113823784722	198	24	0
110	17	7.55555555555556	174	25	0
110	19	5.35555013020833	215	25	0
110	21	1.0111083984375	142	32	0
110	22	3.477783203125	208	17	0
110	23	4.41363895300664	387	95	0
110	4	3.34444512261285	68	30	0
110	3	0.433332655164931	175	20	0
110	3	5.7999996609158	181	24	0
110	4	4.27777777777778	180	20	0
110	6	0.955556233723958	197	30	0
110	7	0.333333333333333	200	20	0
110	8	2.03333197699653	478	22	0
110	9	0.611111111111111	181	25	0
110	10	2.60000271267361	232	42	0
110	13	4.16666666666667	208	28	0
110	15	3.10000271267361	91	0	2
46	5	3.78888956705729	222	20	1
46	6	5.69999864366319	112	21	0
46	8	0.811109754774306	207	24	0
46	9	1.80000135633681	311	9	0
46	8	5.38888888888889	125	29	0
46	10	4.5111083984375	231	20	0
46	9	3.75555419921875	236	20	0
46	10	4.97777642144097	275	26	0
46	12	3.04444715711806	166	24	0
46	13	7.24444580078125	319	20	0
46	13	1.78888617621528	120	16	0
46	12	1.93333604600694	70	47	0
46	6	0.611111111111111	90	43	0
46	3	1.31111145019531	103	27	0
46	2	2.25555589463976	194	24	0
46	4	2.58888922797309	217	22	0
46	6	0.644443088107639	168	38	0
46	7	3.97777642144097	259	26	0
46	8	5.88888888888889	145	21	0
46	10	0.5	197	151	0
46	11	2.82222493489583	236	25	0
46	13	4.54444715711806	194	33	0
46	14	1.86666531032986	317	22	0
46	15	3.82222493489583	166	19	0
46	15	7.96666802300347	149	18	0
46	16	5.14444308810764	206	30	0
46	15	3.66666666666667	243	30	0
46	16	6.10000271267361	203	24	0
46	17	6.17777506510417	279	36	0
46	20	2.71111382378472	271	39	0
46	23	3.31719905073926	196	19	0
46	22	2.04444715711806	356	29	0
46	23	8.55376606602823	251	77	0
46	11	4.26666937934028	230	42	0
46	7	1.96666802300347	110	48	0
46	2	4.61111111111111	282	24	0
46	5	1.11111111111111	161	25	0
46	7	0.555555555555556	256	18	0
46	6	2.75555419921875	95	36	0
46	9	1.36666531032986	218	22	0
46	8	1.78888956705729	154	0	2
84	4	0.644444783528646	148	21	1
84	5	2.32222154405382	156	25	0
84	6	6.85555691189236	194	23	0
84	6	0.577779134114583	105	21	0
84	4	4.56666734483507	214	38	0
84	8	0.544443766276042	175	19	0
84	8	5.74444580078125	298	30	0
84	10	5.41111246744792	201	49	0
84	6	3.72222222222222	225	35	0
84	3	4	139	21	0
84	2	2.93333350287543	153	45	0
84	7	4.54444376627604	333	20	0
84	8	5.66666666666667	119	27	0
84	10	2.76666937934028	187	16	0
84	11	0.411112467447917	84	28	0
84	12	3.12221950954861	204	23	0
84	13	6.75555419921875	201	23	0
84	14	6.18889024522569	283	24	0
84	15	6.36666531032986	169	26	0
84	16	4.26666937934028	236	35	0
84	19	0.388888888888889	174	23	0
84	21	1.34444173177083	176	20	0
84	22	2.77956464213711	218	47	0
84	15	7.96666802300347	80	48	0
84	10	2.55555555555556	45	57	0
84	3	6.86666700575087	207	25	0
84	6	1.07777913411458	172	17	0
84	6	5.42222086588542	112	25	0
84	7	4.86666531032986	190	20	0
84	8	4.35555691189236	212	18	0
84	10	2.14444308810764	174	36	0
84	12	2.91111246744792	297	30	0
84	14	0.355556911892361	226	18	0
84	14	5.93333604600694	160	24	0
84	15	8.56666395399306	147	37	0
84	18	0.666666666666667	195	7	0
84	17	3.97777642144097	72	40	0
84	22	0.349459740423397	176	22	0
84	19	5.83333333333333	241	25	0
84	22	3.52150275117608	71	157	0
84	22	3.17742198000673	288	55	0
84	14	3.14444308810764	357	70	0
84	4	2.2999996609158	104	26	0
84	3	0.988888210720486	164	23	0
84	4	1.17777845594618	89	26	0
84	6	5.80000135633681	253	25	0
84	7	5.66666666666667	160	39	0
84	10	1.31110975477431	183	22	0
84	11	3.4888916015625	127	34	0
84	13	7.22222222222222	178	18	0
84	13	4.55555555555556	115	40	0
84	15	6.22222222222222	58	39	0
84	20	2.42222764756944	224	26	0
84	22	4.67204826108872	87	0	2
142	3	3.2000003390842	102	23	1
142	5	2.5	200	15	0
142	6	3.11111111111111	136	15	0
142	6	6.87777709960938	173	24	0
142	7	5.43333265516493	181	23	0
142	9	1.19999864366319	65	175	0
142	10	0.633334689670139	105	16	0
142	8	4.55555555555556	359	28	0
142	10	4.73333062065972	192	24	0
142	11	3.64444308810764	217	23	0
142	13	1.24444580078125	186	21	0
142	11	3.57777913411458	86	35	0
142	9	3.94444444444444	71	42	0
142	6	2.64444308810764	50	46	0
142	3	0.0999993218315972	207	24	0
142	4	4.17777845594618	166	31	0
142	6	7.96666802300347	163	22	0
142	8	0.155554877387153	228	21	0
142	9	2.63333468967014	163	30	0
142	10	7.5111083984375	222	27	0
142	12	3.58888753255208	197	19	0
142	14	1.38888888888889	170	22	0
142	15	2.89999728732639	113	22	0
142	15	9.12221950954861	231	29	0
142	16	5.62221950954861	235	28	0
142	17	6.87778049045139	221	36	0
142	20	0.0888943142361111	218	25	0
142	20	6.88888888888889	248	27	0
142	23	1.55600260416667	326	0	2
52	3	2.38888888888889	108	25	1
52	4	2.37777709960938	103	24	0
52	6	1.4000006781684	178	15	0
52	6	5.54444376627604	99	21	0
52	7	5.35555691189236	171	24	0
52	9	0.377777099609375	274	24	0
52	10	3.12221950954861	213	17	0
52	9	1.61111111111111	374	27	0
52	10	3.45555284288194	130	128	0
52	11	4.72222222222222	126	26	0
52	13	3.45555284288194	244	22	0
52	14	4.96666802300347	209	23	0
52	15	7.05555555555556	147	26	0
52	17	2	215	34	0
52	21	0.0888875325520833	254	27	0
52	22	4.23333333333333	220	27	0
52	20	1.77777777777778	161	0	2
94	3	6.86666700575087	220	23	1
94	5	0.455556233723958	160	16	0
94	6	1.53333197699653	220	21	0
94	7	3.73333401150174	236	34	0
94	6	1.54444376627604	189	11	0
94	6	4.42222086588542	110	20	0
94	6	0.0555555555555556	266	8	0
94	5	2.18889024522569	170	28	0
94	6	7.5	184	21	0
94	7	4.67777845594618	210	21	0
94	8	5.91111246744792	269	33	0
94	9	2.55555555555556	214	16	0
94	10	2.18889024522569	208	9	0
94	10	0.666666666666667	110	18	0
94	10	5.38888888888889	144	19	0
94	11	3.65555826822917	75	29	0
94	9	2.94444444444444	79	140	0
94	9	1.16666666666667	188	25	0
94	10	3.21111382378472	150	15	0
94	9	2.26666937934028	195	28	0
94	10	4.45555284288194	159	24	0
94	12	0.155558268229167	257	20	0
94	13	1.76666937934028	187	23	0
94	14	2.38888888888889	172	28	0
94	15	6.42222086588542	217	25	0
94	16	7.03333197699653	346	20	0
94	18	0.822224934895833	115	24	0
94	19	3.93333604600694	163	15	0
94	20	4.35555013020833	150	26	0
94	23	0.977272727272734	282	0	2
68	3	1.61111111111111	235	20	1
68	3	8.25555589463976	236	19	0
68	4	4.34444512261285	224	21	0
68	6	3.74444580078125	155	25	0
68	7	3.34444512261285	118	91	0
68	8	2.67777845594618	50	162	0
68	8	6.42222086588542	173	24	0
68	10	3.72222222222222	214	45	0
68	6	6.78888956705729	48	34	0
68	3	9	109	27	0
68	3	1.21111043294271	175	22	0
68	3	5.17777845594618	99	25	0
68	5	0.522223578559028	349	30	0
68	7	0.711110432942708	136	20	0
68	7	5.35555691189236	171	23	0
68	8	6.83333333333333	176	23	0
68	10	2.0111083984375	219	8	0
68	9	3.9888916015625	125	24	0
68	11	3.03333197699653	240	26	0
68	13	3.91111246744792	195	23	0
68	14	5.66666666666667	285	24	0
68	15	4.32222493489583	181	27	0
68	13	7.12221950954861	204	20	0
68	13	0.377780490451389	130	21	0
68	11	5.84444173177083	86	37	0
68	14	3.45555284288194	179	32	0
68	15	7.19999864366319	227	24	0
68	17	0.677775065104167	272	25	0
68	19	2.13332790798611	181	15	0
68	20	0.111111111111111	88	32	0
68	22	6.82432432432432	209	19	0
68	22	1.8189136402027	204	0	2
36	3	2.74444410536024	113	19	1
36	3	6.13333299424913	171	25	0
36	5	0.5	165	25	0
36	7	1.22222222222222	176	21	0
36	8	2.36666531032986	148	18	0
36	9	0.311109754774306	256	24	0
36	10	5.96666802300347	250	25	0
36	11	3.68889024522569	266	23	0
36	12	3.55555555555556	167	12	0
36	13	2.13333468967014	122	25	0
36	14	4.52222357855903	206	23	0
36	15	5.45555284288194	262	21	0
36	16	5.02222357855903	33	34	0
36	14	3.94444444444444	255	34	0
36	15	5.52222357855903	181	29	0
36	17	3.64444308810764	235	26	0
36	19	4.54444715711806	209	39	0
36	16	3.52222357855903	200	21	0
36	15	4.24444580078125	185	26	0
36	17	0.911112467447917	94	26	0
36	18	3.69999864366319	113	28	0
36	19	9.35555013020833	175	24	0
36	22	1.36315275493421	221	22	0
36	20	1.23333062065972	463	67	0
36	11	0.844441731770833	162	51	0
36	3	3.88888888888889	222	23	0
36	3	1.56666734483507	33	39	0
36	7	0.833333333333333	198	22	0
36	8	4.80000135633681	260	37	0
36	11	0.477776421440972	324	24	0
36	10	5.75555419921875	101	47	0
36	16	0.733330620659722	164	0	2
158	3	4.84444512261285	311	21	1
158	4	4.5999993218316	156	20	0
158	6	1.91111246744792	184	15	0
158	6	5.07777913411458	165	19	0
158	6	12.7666659884983	188	20	0
158	7	3.65555487738715	121	21	0
158	8	2.07777913411458	222	25	0
158	9	2.77777777777778	183	21	0
158	10	3.62221950954861	142	31	0
158	12	0.466668023003472	94	210	0
158	12	3.97777642144097	183	63	0
158	4	4.46666632758247	169	27	0
158	3	4.28888956705729	189	24	0
158	2	1.88888888888889	123	40	0
158	6	2.14444308810764	178	37	0
158	7	2.25555419921875	203	24	0
158	8	7.39999728732639	165	26	0
158	10	5.06666395399306	289	24	0
158	11	4.53333197699653	274	26	0
158	13	3.63333468967014	186	34	0
158	15	2.72222222222222	261	18	0
158	15	7.27777777777778	205	21	0
158	16	5.86666531032986	220	23	0
158	17	4.66666666666667	293	12	0
158	17	7.85555013020833	69	30	0
158	20	3.477783203125	251	26	0
158	22	1.84696451822917	265	9	0
158	21	2.85555013020833	385	24	0
158	20	0.688883463541667	166	19	0
158	18	2.25556098090278	285	20	0
158	17	5.67777506510417	253	34	0
158	20	6.18888346354167	192	24	0
158	22	2.70606578480114	152	166	0
158	15	5.25555419921875	152	0	2
97	3	2.85555521647135	122	21	1
97	4	3.97777811686198	168	18	0
97	6	0.288889567057292	116	15	0
97	6	3.84444512261285	127	24	0
97	5	1.27777777777778	139	11	0
97	4	3.26666598849826	179	27	0
97	6	3.93333265516493	158	31	0
97	8	3.61111111111111	233	19	0
97	9	0.788889567057292	220	28	0
97	10	2.42222086588542	238	27	0
97	11	4.85555691189236	260	20	0
97	13	1.04444715711806	279	19	0
97	14	1.04444715711806	196	20	0
97	15	2.45555284288194	139	25	0
97	16	5.5111083984375	75	128	0
97	16	7.77777777777778	199	22	0
97	16	0.355556911892361	145	17	0
97	14	3.21111382378472	153	40	0
97	17	3.80000135633681	225	25	0
97	18	5.26666937934028	171	34	0
97	21	1.11111111111111	220	35	0
97	23	5.45555284288194	305	22	0
97	24	3.91514633641099	197	0	2
148	2	2.38888888888889	162	22	1
148	3	4.26666598849826	209	32	0
148	4	3.75555589463976	211	21	0
148	6	1.65555487738715	201	23	0
148	6	9.62222290039062	178	20	0
148	7	5.71111043294271	129	21	0
148	8	5.73333401150174	136	30	0
148	10	4.63333468967014	234	15	0
148	10	0.911112467447917	124	39	0
148	12	2.5111083984375	343	23	0
148	13	3.53333197699653	171	28	0
148	14	4.54444715711806	262	22	0
148	13	3.19999864366319	357	29	0
148	11	5.36666531032986	160	21	0
148	13	0.955552842881944	160	17	0
148	13	4.27777777777778	376	28	0
148	14	6.31110975477431	199	29	0
148	15	6.4888916015625	195	25	0
148	16	3.81110975477431	209	26	0
148	17	4.04444715711806	218	30	0
148	19	5.66666666666667	320	24	0
148	21	0.850005178740537	380	0	2
164	3	0.933332655164931	131	21	1
164	4	0.733334011501736	125	25	0
164	5	2.08888922797309	175	20	0
164	6	4.25555419921875	142	26	0
164	8	0.688890245225694	72	183	0
164	8	3.05555555555556	182	15	0
164	7	5.69999864366319	85	30	0
164	10	2.5	222	18	0
164	9	2.71111043294271	180	37	0
164	11	4.85555691189236	273	28	0
164	13	3.80000135633681	425	26	0
164	14	5.24444580078125	246	21	0
164	15	4.83333333333333	164	25	0
164	16	3.30000135633681	289	20	0
164	17	3.93333604600694	112	29	0
164	19	5.14444308810764	174	33	0
164	22	4.27142333984376	156	27	0
164	19	2.62221950954861	315	40	0
164	22	5.16071428571429	521	0	2
65	3	1.82222154405382	141	20	1
65	4	0.0111117892795139	215	20	0
65	3	0.144444783528646	135	16	0
65	2	2.18888854980469	340	19	0
65	3	4.12222290039062	154	35	0
65	5	2.44444444444444	194	23	0
65	6	5.21111043294271	245	22	0
65	7	4.24444580078125	225	24	0
65	8	5.27777777777778	306	21	0
65	9	5.14444308810764	252	29	0
65	12	0.111111111111111	184	25	0
65	13	3.82222493489583	270	29	0
65	16	2.55555555555556	228	19	0
65	16	6.46666802300347	135	24	0
65	15	1.53333197699653	178	16	0
65	14	2.60000271267361	178	41	0
65	17	2.80000135633681	200	20	0
65	16	6.84444173177083	102	27	0
65	17	7.53333197699653	178	33	0
65	20	1.87778049045139	171	17	0
65	20	5.57777235243056	118	34	0
65	23	1.977783203125	191	22	0
65	24	1.14	195	18	0
65	23	4.74443901909722	192	11	0
65	23	1.62221950954861	150	11	0
65	22	2.61111111111111	558	0	2
119	3	1.17777845594618	121	13	1
119	3	5.5999993218316	130	21	0
119	5	2.91111246744792	196	21	0
119	6	5.95555623372396	167	24	0
119	8	0.300001356336806	443	25	0
119	8	7.04444376627604	343	11	0
119	8	5.44444444444444	98	26	0
119	10	3.78888617621528	308	23	0
119	10	10.5333319769965	122	19	0
119	12	0.777777777777778	161	32	0
119	14	3.13333468967014	163	22	0
119	13	3.65555826822917	80	76	0
119	3	1.23333401150174	192	19	0
119	3	5.36666700575087	130	22	0
119	5	3.87777709960938	181	22	0
119	6	5.14444308810764	171	24	0
119	7	5.14444308810764	166	21	0
119	8	4.15555487738715	306	21	0
119	9	2.32222493489583	171	22	0
119	10	3.96666802300347	154	35	0
119	11	5.9888916015625	176	24	0
119	13	3.64444308810764	190	22	0
119	14	4.63333468967014	174	28	0
119	15	7.27777777777778	164	18	0
119	16	5.96666802300347	234	31	0
119	19	0.755560980902778	172	22	0
119	19	7.32222493489583	117	30	0
119	21	0.922227647569444	342	0	2
49	3	1.97777811686198	241	23	1
49	4	2.15555487738715	123	20	0
49	5	2.36666531032986	98	148	0
49	7	1.04444376627604	115	21	0
49	6	1.92222086588542	146	23	0
49	7	5.43333265516493	154	23	0
49	6	6.16666666666667	101	24	0
49	8	0.5	353	18	0
49	8	4.06666734483507	145	21	0
49	10	0.0555555555555556	198	25	0
49	11	2.30000135633681	254	23	0
49	13	0.622219509548611	193	34	0
49	15	1.81110975477431	269	18	0
49	15	6.63333468967014	90	26	0
49	16	4.36666531032986	199	23	0
49	17	4.38888888888889	234	28	0
49	18	4.96666124131944	156	32	0
49	20	6.75556098090278	187	23	0
49	23	2.79032783098119	172	23	0
49	21	0.977783203125	166	19	0
49	19	3.78888617621528	248	19	0
49	18	3.84444173177083	147	21	0
49	17	3.26666937934028	195	25	0
49	16	4.46666802300347	240	44	0
49	20	4.14444986979167	152	37	0
49	23	8.12365853914651	119	0	2
78	3	3.46666632758247	160	22	1
78	4	3.85555521647135	195	22	0
78	6	2.95555623372396	175	18	0
78	6	6.54444376627604	90	32	0
78	8	1.75555419921875	171	17	0
78	7	4.84444512261285	135	23	0
78	8	5.22222222222222	346	22	0
78	9	4.71111043294271	117	24	0
78	11	4.36666531032986	205	20	0
78	13	1.24444580078125	224	23	0
78	14	2	291	22	0
78	15	4.16666666666667	288	24	0
78	14	1.43333604600694	178	28	0
78	16	1.92222086588542	31	142	0
78	16	7.68889024522569	133	19	0
78	17	4.06666395399306	168	30	0
78	18	7.73333062065972	228	26	0
78	20	3.9888916015625	257	26	0
78	22	1.84444173177083	179	28	0
78	20	0.577772352430556	204	14	0
78	19	1.82222493489583	98	21	0
78	18	6.63333468967014	180	26	0
78	20	4.20000542534722	322	36	0
78	23	1.60357666015626	178	18	0
78	22	0.666666666666667	418	22	0
78	23	3.67142595563617	296	47	0
78	18	6.47777642144097	245	86	0
78	4	3.34444512261285	102	25	0
78	3	2.97777811686198	224	17	0
78	2	2.02222188313802	114	38	0
78	6	1.27777777777778	223	24	0
78	7	3.07777913411458	206	21	0
78	8	3.31110975477431	319	25	0
78	9	4.91111246744792	245	20	0
78	10	2.44444444444444	236	25	0
78	13	1.85555691189236	151	41	0
78	8	3.78888956705729	189	22	0
78	7	3.26666598849826	148	17	0
78	6	7.23333401150174	238	20	0
78	8	2.13333468967014	86	25	0
78	9	4.73333401150174	179	34	0
78	12	0.933336046006944	166	24	0
78	13	5.24444580078125	151	31	0
78	15	3.95555284288194	190	33	0
78	17	1.14444308810764	160	43	0
78	20	6.522216796875	220	28	0
78	23	2.51429094587054	225	0	2
7	2	5.7999996609158	302	39	1
7	5	1.46666632758247	223	20	0
7	6	2.87777709960938	162	28	0
7	6	8.71111043294271	138	11	0
7	7	3.63333468967014	152	27	0
7	8	9.17777845594618	172	7	0
7	8	7.53333197699653	224	24	0
7	10	1.74444580078125	254	192	0
7	10	2.76666937934028	41	31	0
7	11	4.0111083984375	266	28	0
7	10	2.57777913411458	272	36	0
7	8	0.199998643663194	181	43	0
7	11	1.15555826822917	158	31	0
7	13	2.17777506510417	268	24	0
7	14	5.5	222	27	0
7	15	7.0111083984375	148	24	0
7	16	6.16666666666667	202	22	0
7	17	2.78888617621528	87	30	0
7	19	4.23333062065972	262	34	0
7	22	1.40526058799342	349	0	2
81	3	0.799999660915799	68	18	1
81	3	6.17777845594618	381	22	0
81	3	0.388888888888889	223	29	0
81	4	3.22222222222222	230	26	0
81	6	1.42222086588542	170	17	0
81	6	5.69999864366319	192	22	0
81	7	3.93333265516493	227	20	0
81	8	3.17777845594618	237	22	0
81	9	3.67777845594618	218	12	0
81	10	2.39999728732639	175	29	0
81	11	2.80000135633681	239	19	0
81	12	2.55555555555556	273	28	0
81	15	1.06666395399306	340	19	0
81	16	2.97777642144097	215	23	0
81	17	0.111111111111111	201	38	0
81	14	3.78888617621528	378	26	0
81	16	5.66666666666667	280	24	0
81	17	1.82222493489583	208	30	0
81	19	1.32222493489583	287	15	0
81	20	4.13332790798611	198	28	0
81	23	3.0111083984375	192	22	0
81	24	5.87333068847655	307	0	2
145	4	0.166666666666667	93	24	1
145	5	2.4000006781684	135	149	0
145	6	4.95555623372396	158	22	0
145	7	1.67777845594618	196	20	0
145	8	0.599999321831597	99	23	0
145	8	5.27777777777778	241	25	0
145	10	1.15555826822917	254	25	0
145	11	1.39999728732639	300	31	0
145	13	1.72222222222222	352	44	0
145	15	3.87778049045139	239	31	0
145	13	9.95555284288194	173	33	0
145	15	10.5666639539931	162	22	0
145	16	6.61111111111111	201	22	0
145	17	5.4888916015625	209	27	0
145	20	0.655558268229167	203	16	0
145	21	0.411105685763889	83	29	0
145	23	4.81786237444197	156	32	0
145	18	2.85555013020833	201	14	0
145	17	6.54444715711806	333	28	0
145	20	2.18888346354167	259	18	0
145	22	0.0333387586805556	109	25	0
145	18	2.35555013020833	170	37	0
145	23	1.22857666015626	195	0	2
71	3	3.15555487738715	209	24	1
71	5	0.566667344835069	162	22	0
71	4	0.733334011501736	110	23	0
71	3	0.888888888888889	120	27	0
71	6	3.45555623372396	249	24	0
71	8	3.73333401150174	275	19	0
71	9	3.32222154405382	121	22	0
71	10	5.55555555555556	218	24	0
71	13	1.87778049045139	252	27	0
71	14	4.46666802300347	317	31	0
71	13	4.39999728732639	88	23	0
71	12	0.933336046006944	274	215	0
71	14	5.02222357855903	133	25	0
71	13	2.39999728732639	92	22	0
71	12	0.24444580078125	216	22	0
71	13	1.18889024522569	174	22	0
71	14	0.388888888888889	416	27	0
71	14	6.39999728732639	169	32	0
71	15	8.02222357855903	167	30	0
71	17	1.55555555555556	193	13	0
71	16	4.57777913411458	91	38	0
71	20	1.79999457465278	206	12	0
71	19	3.64444986979167	183	24	0
71	17	3.21111382378472	266	31	0
71	19	4.67777506510417	185	12	0
71	19	1.24443901909722	79	17	0
71	18	1.11111111111111	174	19	0
71	19	2.34444173177083	91	0	2
126	3	7.04444376627604	219	21	1
126	4	4.05555555555556	183	19	0
126	6	0.5	164	20	0
126	6	5.57777913411458	147	25	0
126	8	1.73333401150174	173	9	0
126	7	4.82222154405382	158	27	0
126	9	0.622222900390625	136	24	0
126	10	3.18889024522569	177	16	0
126	11	0.455552842881944	109	20	0
126	12	2.41111246744792	181	23	0
126	14	0.0222235785590278	158	25	0
126	11	3.08888753255208	93	154	0
126	11	2.47777642144097	90	53	0
126	4	1.65555487738715	167	26	0
126	3	4.03333367241753	127	44	0
126	7	0.844445122612847	276	26	0
126	8	4.23333401150174	152	43	0
126	10	4.78888617621528	229	21	0
126	12	1.43333604600694	448	27	0
126	14	1.76666937934028	185	24	0
126	15	6.13333468967014	177	29	0
126	16	5.88888888888889	77	145	0
126	14	2.15555826822917	175	27	0
126	15	9.39999728732639	121	34	0
126	17	0.188890245225694	324	21	0
126	17	7.37778049045139	244	26	0
126	19	2.13332790798611	109	26	0
126	21	2.54444715711806	191	20	0
126	22	3.28888617621528	96	29	0
126	24	3.3906640625	234	0	2
135	3	3.41111077202691	126	22	1
135	5	0.155554877387153	148	19	0
135	6	0.722222222222222	177	20	0
135	6	7.69999864366319	135	20	0
135	7	2.12222290039062	160	26	0
135	9	0.800001356336806	225	12	0
135	9	3.52222357855903	208	21	0
135	10	7.10000271267361	160	24	0
135	12	2.87778049045139	126	20	0
135	13	4.95555284288194	261	19	0
135	13	10.6888902452257	178	17	0
135	13	7.55555555555556	84	24	0
135	15	3.46666802300347	193	23	0
135	16	0.933336046006944	172	18	0
135	16	4.78888617621528	135	26	0
135	19	2.26666937934028	219	25	0
135	16	5.62221950954861	187	35	0
135	20	1.43333604600694	199	26	0
135	16	4.57777913411458	190	23	0
135	18	3.31111653645833	167	24	0
135	16	6.85555691189236	152	19	0
135	18	1.45555284288194	153	36	0
135	22	0.302080790201818	316	20	0
135	20	5.77777777777778	52	0	2
30	2	1.18888854980469	141	17	1
30	3	3.7999996609158	198	32	0
30	5	1	138	115	0
30	6	3.72222222222222	59	89	0
30	7	2.12222290039062	34	173	0
30	8	3.62222290039062	212	21	0
30	7	4.71111043294271	164	31	0
30	10	1.66666666666667	221	31	0
30	13	2.60000271267361	244	38	0
30	10	4.88888888888889	85	25	0
30	8	1.83333333333333	180	50	0
30	3	4.16666666666667	254	23	0
30	4	4.5	155	22	0
30	6	4.77777777777778	189	33	0
30	7	5.94444444444444	56	156	0
30	8	0.433332655164931	138	26	0
30	10	1.87778049045139	306	24	0
30	11	2.47777642144097	42	28	0
30	8	3.95555623372396	164	20	0
30	7	4.57777913411458	205	25	0
30	9	3.45555623372396	182	21	0
30	11	2.30000135633681	155	23	0
30	13	4.24444580078125	157	27	0
30	15	3.04444715711806	218	26	0
30	16	4.74444580078125	253	24	0
30	17	3.69999864366319	326	40	0
30	20	3.74443901909722	211	26	0
30	23	3.57499476841519	191	0	2
132	3	5.63333299424913	114	17	1
132	4	2.61111111111111	147	24	0
132	6	1.64444308810764	162	22	0
132	7	0.911112467447917	197	23	0
132	8	2.81110975477431	272	22	0
132	8	9.98888821072049	408	29	0
132	10	4.39999728732639	338	29	0
132	9	0.588887532552083	180	20	0
132	10	4.4888916015625	183	20	0
132	11	2.58888753255208	161	25	0
132	13	0.800001356336806	157	23	0
132	14	0.833333333333333	256	18	0
132	15	0.188890245225694	197	20	0
132	15	6.91111246744792	207	20	0
132	16	3.93333604600694	233	18	0
132	16	8.63333468967014	182	23	0
132	19	0.677775065104167	250	35	0
132	21	3.10000271267361	209	0	2
116	3	2.41111077202691	228	27	1
116	4	3	212	23	0
116	6	1.5999993218316	229	19	0
116	6	5.57777913411458	162	17	0
116	7	2.75555419921875	170	19	0
116	8	1.07777913411458	363	19	0
116	8	6.78888956705729	261	22	0
116	10	3.82222493489583	105	183	0
116	10	7.41111246744792	136	21	0
116	10	1.15555826822917	198	24	0
116	10	8.88888888888889	223	26	0
116	12	3.82222493489583	234	22	0
116	13	6.25555419921875	436	19	0
116	14	2.81110975477431	373	17	0
116	15	0.622219509548611	317	19	0
116	15	5.68889024522569	252	22	0
116	16	3.82222493489583	192	28	0
116	17	4.64444308810764	257	26	0
116	19	2.24443901909722	178	26	0
116	20	6.94444444444444	216	9	0
116	20	4.022216796875	170	28	0
116	22	1.62500000000001	204	24	0
116	20	2.61111111111111	174	0	2
129	2	3.51111178927951	151	21	1
129	3	5.35555521647135	203	21	0
129	4	2.64444478352865	209	18	0
129	6	1.4000006781684	167	14	0
129	6	4.86666531032986	230	17	0
129	5	3.61111111111111	175	29	0
129	7	4.98888821072049	270	19	0
129	8	3.81110975477431	305	18	0
129	8	8.0999993218316	158	24	0
129	7	4.21111043294271	250	34	0
129	9	2.19999864366319	170	26	0
129	10	5.81110975477431	293	26	0
129	9	3.27777777777778	157	24	0
129	11	0.522223578559028	248	26	0
129	12	3.27777777777778	214	20	0
129	11	3.95555284288194	105	35	0
129	14	1.95555284288194	183	22	0
129	15	3.32222493489583	359	18	0
129	14	1.76666937934028	229	33	0
129	15	8.43333604600694	151	19	0
129	16	5.11111111111111	160	18	0
129	17	4.46666802300347	209	24	0
129	20	0.755560980902778	348	41	0
129	22	1.56666395399306	241	23	0
129	24	3.08214024135045	199	0	2
20	3	7.52222188313802	121	23	1
20	5	2.63333468967014	147	26	0
20	7	0.122222900390625	191	26	0
20	8	3.86666531032986	177	15	0
20	9	0.644443088107639	170	31	0
20	10	5.53333197699653	118	27	0
20	8	4.80000135633681	338	26	0
20	10	0.0333319769965278	123	21	0
20	10	7.43333604600694	175	33	0
20	11	5.63333468967014	196	25	0
20	13	3.58888753255208	241	15	0
20	14	1.66666666666667	155	19	0
20	15	3.95555284288194	198	22	0
20	16	2.54444715711806	198	21	0
20	17	2.15555826822917	232	27	0
20	19	1.5111083984375	206	23	0
20	20	4.35555013020833	135	31	0
20	22	2.66666666666667	413	0	2
87	3	2.56666734483507	133	18	1
87	4	1.17777845594618	265	37	0
87	6	1.62222290039062	160	22	0
87	6	6.78888956705729	165	36	0
87	8	1.95555623372396	266	21	0
87	8	5.83333333333333	201	173	0
87	9	3.48888821072049	178	19	0
87	10	6.54444715711806	357	16	0
87	11	4.08888753255208	260	15	0
87	12	3.41111246744792	499	28	0
87	14	0.199998643663194	434	29	0
87	14	8.77777777777778	267	20	0
87	14	1.06666395399306	183	26	0
87	15	2.21111382378472	269	24	0
87	16	1.04444715711806	84	34	0
87	13	1.81110975477431	199	24	0
87	15	0.422220865885417	158	23	0
87	16	0.633334689670139	157	23	0
87	17	0.766669379340278	174	26	0
87	19	1.71111382378472	231	30	0
87	22	2.54444715711806	354	22	0
87	23	2.75263414884868	86	0	2
33	3	1.22222222222222	209	13	1
33	2	3.24444410536024	262	20	0
33	3	4.37777709960938	42	175	0
33	4	1.07777743869358	85	36	0
33	2	3.62222290039062	223	22	0
33	3	4.84444512261285	194	22	0
33	2	3.97777811686198	201	40	0
33	6	4.66666666666667	200	27	0
33	8	2.9000006781684	249	183	0
33	3	0.0666673448350694	103	23	0
33	3	4.91111077202691	179	23	0
33	2	3.53333367241753	158	32	0
33	5	3.53333367241753	198	19	0
33	6	5.68889024522569	178	25	0
33	8	0.866665310329861	296	25	0
33	8	9.16666666666667	202	21	0
33	8	2.66666666666667	155	16	0
33	8	0.155554877387153	207	24	0
33	8	8.12222290039062	48	197	0
33	8	7.82222154405382	74	22	0
33	8	0.988888210720486	195	25	0
33	8	9.44444444444444	434	37	0
33	10	3.23333062065972	231	29	0
33	13	0.866665310329861	411	15	0
33	12	0.24444580078125	354	35	0
33	14	1.23333062065972	203	20	0
33	15	1.9888916015625	244	22	0
33	16	0.522223578559028	155	20	0
33	16	8.05555555555556	138	22	0
33	17	6.32222493489583	178	30	0
33	20	2.58889431423611	220	25	0
33	17	6.54444715711806	306	30	0
33	20	2.56666395399306	232	21	0
33	20	8.11111111111111	96	34	0
33	23	0.319702148437507	276	0	2
39	2	6.31111145019531	148	22	1
39	4	2.63333299424913	189	18	0
39	6	0.733334011501736	175	21	0
39	6	7.72222222222222	220	27	0
39	8	1.24444580078125	278	27	0
39	9	1.46666802300347	330	28	0
39	10	5.13333468967014	260	27	0
39	12	0.577779134114583	223	22	0
39	13	4.13333468967014	204	27	0
39	14	4.43333604600694	155	22	0
39	13	6	213	19	0
39	13	2.02222357855903	77	35	0
39	15	7.44444444444444	236	25	0
39	16	4.5	323	15	0
39	15	9.95555284288194	220	24	0
39	17	3.83333333333333	183	24	0
39	19	0.233330620659722	249	19	0
39	19	5.32222493489583	167	24	0
39	22	0.146423339843758	399	26	0
39	19	2.87778049045139	201	22	0
39	18	0.0333319769965278	252	19	0
39	17	4.05555555555556	60	42	0
39	22	1.21785191127233	59	270	0
39	3	2.15555487738715	298	27	0
39	6	1.19999864366319	158	20	0
39	6	6.45555623372396	151	23	0
39	7	4.69999864366319	478	26	0
39	6	5.75555419921875	206	42	0
39	9	2.37777709960938	241	25	0
39	11	1.81110975477431	233	29	0
39	13	5.4888916015625	276	24	0
39	15	3.13333468967014	183	41	0
39	16	4.13333468967014	176	22	0
39	17	6.28888617621528	181	38	0
39	21	2.33333333333333	170	22	0
39	22	4.52856881277903	151	0	2
100	3	1.72222222222222	97	20	1
100	3	7	125	20	0
100	5	0.466668023003472	167	18	0
100	6	1.48888821072049	169	12	0
100	6	4.85555691189236	315	16	0
100	7	0.733334011501736	163	17	0
100	7	4.38888888888889	159	22	0
100	8	5.82222154405382	460	27	0
100	10	0.377780490451389	202	14	0
100	10	3.54444715711806	99	23	0
100	11	5.72222222222222	300	25	0
100	13	2.89999728732639	355	11	0
100	13	5.83333333333333	145	26	0
100	14	0.977776421440972	263	22	0
100	13	4.81110975477431	276	23	0
100	14	2.16666666666667	216	24	0
100	15	2.11111111111111	78	178	0
100	15	2.85555691189236	46	24	0
100	16	2.88888888888889	199	25	0
100	19	1.11111111111111	268	14	0
100	17	2.14444986979167	158	39	0
100	21	3.46666124131944	304	17	0
100	22	3.27500261579242	510	43	0
100	16	4.54444715711806	131	39	0
100	22	4.38929094587054	334	96	0
100	6	2.5999993218316	61	44	0
100	3	4.56666734483507	224	26	0
100	5	0.733334011501736	79	27	0
100	6	8.71111043294271	305	32	0
100	8	2.68889024522569	231	17	0
100	8	6.88888888888889	105	26	0
100	10	3.18889024522569	232	14	0
100	9	3.68889024522569	110	26	0
100	10	7.9888916015625	123	29	0
100	13	2.04444715711806	190	24	0
100	13	10.3222249348958	183	25	0
100	14	6.43333604600694	219	26	0
100	13	6.58888753255208	254	28	0
100	12	0	260	41	0
100	14	6.96666802300347	138	25	0
100	15	7.13333468967014	101	26	0
100	17	1.62221950954861	165	26	0
100	20	2.21111382378472	158	28	0
100	22	3.98214285714287	236	0	2
62	3	4.51111178927951	175	23	1
62	5	0.966666327582465	151	22	0
62	6	1.95555623372396	124	22	0
62	7	1.25555419921875	304	14	0
62	8	1.42222086588542	95	162	0
62	6	1.94444444444444	214	23	0
62	7	2	163	25	0
62	8	1.75555419921875	146	22	0
62	8	7.37777709960938	223	27	0
62	10	1.86666531032986	280	26	0
62	12	0.522223578559028	286	55	0
62	7	2.17777845594618	281	40	0
62	3	0.611111111111111	218	21	0
62	4	1.5999993218316	84	24	0
62	6	1.76666598849826	360	24	0
62	8	1.12222290039062	230	28	0
62	8	8.92222086588542	151	23	0
62	10	2.65555826822917	228	9	0
62	10	0.533331976996528	104	26	0
62	10	8.07777913411458	150	15	0
62	11	4.82222493489583	234	16	0
62	13	1.57777913411458	241	28	0
62	15	2.30000135633681	215	15	0
62	15	6.03333197699653	287	23	0
62	14	2.54444715711806	212	16	0
62	13	3.43333604600694	268	28	0
62	15	6.10000271267361	155	29	0
62	16	2.45555284288194	213	19	0
62	17	2.60000271267361	242	29	0
62	19	0.355550130208333	266	22	0
62	20	2.79999457465278	248	23	0
62	21	2.10000271267361	198	24	0
62	20	6	312	26	0
62	23	1.16818699692236	77	155	0
62	22	2.76666937934028	213	25	0
62	20	8.17777506510417	229	26	0
62	23	2.36666407729641	136	0	2
17	2	1.74444410536024	142	21	1
17	3	2.27777777777778	248	19	0
17	4	0.166666666666667	118	25	0
17	5	2.30000135633681	242	25	0
17	6	7.42222086588542	201	23	0
17	7	5.24444580078125	219	22	0
17	8	3.87777709960938	165	36	0
17	10	4.81110975477431	232	18	0
17	10	9.55555555555556	193	33	0
17	12	3.32222493489583	214	18	0
17	13	4.95555284288194	113	24	0
17	15	0.822224934895833	93	153	0
17	15	5.82222493489583	105	23	0
17	16	6.96666802300347	218	31	0
17	17	5.24443901909722	267	22	0
17	19	0.655558268229167	170	22	0
17	20	3.92222764756944	290	29	0
17	23	0.947994791666667	147	27	0
17	18	4.63332790798611	294	14	0
17	18	1.24443901909722	46	23	0
17	17	2.68889024522569	264	25	0
17	19	0.577772352430556	217	35	0
17	16	12.6333346896701	147	24	0
17	16	8.22222222222222	164	32	0
17	18	1.87778049045139	222	26	0
17	19	1.67777506510417	195	29	0
17	21	1.39999728732639	162	28	0
17	23	1.3	163	21	0
17	21	0.0333387586805556	184	23	0
17	19	3.62221950954861	175	141	0
17	22	1.67777506510417	150	19	0
17	23	2.62266927083333	277	0	2
55	3	7.17777845594618	168	13	1
55	4	4.2000003390842	181	16	0
55	5	3.48888821072049	170	27	0
55	7	0.699998643663194	196	21	0
55	6	3.57777913411458	150	27	0
55	7	4.55555555555556	78	178	0
55	8	5.38888888888889	283	22	0
55	10	0.5	312	21	0
55	10	8.15555826822917	96	26	0
55	11	5.36666531032986	194	25	0
55	13	2.74444580078125	229	29	0
55	14	3.25555419921875	197	21	0
55	13	3.4888916015625	199	28	0
55	14	8.76666937934028	138	25	0
55	15	5.91111246744792	128	37	0
55	13	1.32222493489583	236	42	0
55	15	5.76666937934028	159	22	0
55	16	6.0111083984375	254	27	0
55	19	2.42222764756944	217	27	0
55	22	0.354164123535151	122	32	0
55	17	4.522216796875	354	21	0
55	19	4.11111111111111	195	21	0
55	21	2.06666395399306	415	14	0
55	22	1.28125	286	103	0
55	4	4.78888956705729	107	41	0
55	3	3.82222154405382	232	33	0
55	6	1.67777845594618	174	26	0
55	7	4.86666531032986	258	34	0
55	9	0.399997287326389	75	30	0
55	10	7.12221950954861	163	0	2
161	4	1.4000006781684	203	12	1
161	4	0.0777774386935764	127	24	0
161	6	0.933332655164931	158	17	0
161	6	5.77777777777778	169	22	0
161	7	5.80000135633681	620	24	0
161	9	1.23333401150174	169	23	0
161	10	3.69999864366319	42	162	0
161	10	6.75555419921875	124	26	0
161	12	2.39999728732639	201	25	0
161	13	5.46666802300347	205	28	0
161	15	5.30000135633681	247	22	0
161	16	7.26666937934028	213	22	0
161	17	3.45555284288194	137	31	0
161	16	1.05555555555556	173	9	0
161	15	4.21111382378472	164	20	0
161	14	2.78888617621528	189	26	0
161	16	5.73333062065972	236	22	0
161	17	4	285	23	0
161	18	2.977783203125	117	19	0
161	20	2.38888888888889	212	21	0
161	20	7.88888888888889	71	27	0
161	22	0.756002604166667	184	15	0
161	21	2.33333333333333	140	0	2
23	3	4.27777777777778	130	23	1
23	4	2.2999996609158	183	24	0
23	6	1.54444376627604	160	21	0
23	6	9.5	133	23	0
23	8	1.84444512261285	201	19	0
23	9	3.23333062065972	185	12	0
23	9	0.911112467447917	163	23	0
23	10	5.43333604600694	194	25	0
23	8	3.62222290039062	106	23	0
23	7	2.33333333333333	246	31	0
23	10	0.933336046006944	218	22	0
23	10	6.12221950954861	270	20	0
23	11	3.72222222222222	123	180	0
23	10	7.5	485	24	0
23	12	1.27777777777778	127	23	0
23	10	2.18889024522569	253	23	0
23	11	1.35555691189236	76	39	0
23	13	5.77777777777778	250	21	0
23	13	1.07777913411458	265	38	0
23	15	1.5111083984375	292	21	0
23	15	7.22222222222222	158	23	0
23	17	2.04444715711806	167	8	0
23	16	4.28888617621528	151	35	0
23	19	3.33333333333333	227	35	0
23	22	4.23136991613053	158	24	0
23	20	0.0555555555555556	191	7	0
23	19	3.04444715711806	69	202	0
23	22	2.22549019607844	178	20	0
23	22	6.94902487362133	216	88	0
23	4	3.06666734483507	235	30	0
23	3	4.46666632758247	229	28	0
23	6	1.65555487738715	171	25	0
23	7	4.37777709960938	201	27	0
23	9	3.5111083984375	183	24	0
23	11	3.28888617621528	111	32	0
23	13	5.74444580078125	193	0	2
151	3	2.96666632758247	286	20	1
151	4	4.0999993218316	160	15	0
151	6	0.177778455946181	153	21	0
151	6	5.83333333333333	220	23	0
151	6	0.655554877387153	248	21	0
151	6	6.06666734483507	69	211	0
151	6	7.15555487738715	161	18	0
151	6	2.67777845594618	466	35	0
151	8	2.34444512261285	203	25	0
151	9	0.144443088107639	196	23	0
151	10	3.06666395399306	193	17	0
151	11	1.93333604600694	133	21	0
151	12	2.39999728732639	105	25	0
151	13	6.58888753255208	360	28	0
151	14	4.81110975477431	254	28	0
151	16	0.4888916015625	185	23	0
151	16	7.02222357855903	169	20	0
151	19	0.0666639539930556	187	15	0
151	19	3.64444986979167	179	25	0
151	20	3.35555013020833	199	23	0
151	21	3.61111111111111	228	16	0
151	20	6.26666937934028	99	0	2
