139	13	6.45555284288194	120	60	1
139	4	3.52222188313802	65	28	0
139	2	3.42222256130642	140	13	0
139	2	0.288888719346788	186	34	0
139	5	3.56666734483507	139	20	0
139	4	3.11111111111111	214	25	0
139	6	4.82222154405382	223	22	0
139	7	3.31110975477431	389	27	0
139	9	2.08888753255208	66	219	0
139	9	1.43333265516493	98	30	0
139	11	3.03333197699653	141	11	0
139	11	0.122219509548611	158	29	0
139	13	3.45555284288194	449	18	0
139	13	8.10000271267361	200	26	0
139	14	5.93333604600694	174	13	0
139	14	3.24444580078125	152	36	0
139	15	8.37778049045139	166	15	0
139	15	3.93333604600694	163	23	0
139	16	5.13333468967014	229	30	0
139	19	0.0888943142361111	190	17	0
139	17	0.744439019097222	157	36	0
139	21	1.63332790798611	262	10	0
139	20	1.10000271267361	257	80	0
139	4	4.27777777777778	122	30	0
139	2	2.04444461398655	216	40	0
139	6	4.13333468967014	63	232	0
139	6	8.14444308810764	46	21	0
139	7	5.18889024522569	122	27	0
139	6	6.02222357855903	365	23	0
139	7	4.53333197699653	429	21	0
139	9	0.555555555555556	369	11	0
139	9	0.444444444444444	33	301	0
139	10	2.66666666666667	81	30	0
139	12	2.17777506510417	169	28	0
139	13	9.45555284288194	148	31	0
139	14	9.14444308810764	172	22	0
139	15	7.45555284288194	175	32	0
139	17	0.399997287326389	194	32	0
139	20	0.0888943142361111	151	21	0
139	19	1.13332790798611	142	33	0
139	16	0.733330620659722	158	19	0
139	15	4.81110975477431	191	7	0
139	15	2.82222493489583	147	25	0
139	16	5.02222357855903	176	39	0
139	20	2.36667209201389	151	26	0
139	18	2.39999728732639	214	0	2
123	2	3.44444444444444	153	23	1
123	4	0.700000339084201	199	23	0
123	6	2.14444308810764	234	25	0
123	8	1.48888821072049	149	50	0
123	7	1.44444444444444	124	38	0
123	9	3.69999864366319	121	250	0
123	12	0.966668023003472	115	20	0
123	10	5.32222493489583	129	39	0
123	14	0.533331976996528	184	11	0
123	14	2.54444715711806	113	25	0
123	15	5.92222086588542	182	29	0
123	16	4.65555826822917	247	33	0
123	19	2.84444173177083	208	34	0
123	22	1.96666124131944	188	21	0
123	21	0	244	555	0
123	7	3.94444444444444	124	0	2
104	4	4.18888854980469	173	27	1
104	2	2.95555538601345	163	37	0
104	6	4.64444308810764	160	23	0
104	8	0.288889567057292	83	220	0
104	8	0.311109754774306	117	17	0
104	8	6.01111178927951	189	21	0
104	9	3.60000271267361	181	14	0
104	10	0.399997287326389	147	187	0
104	12	2.68889024522569	109	18	0
104	13	5.36666531032986	207	17	0
104	13	0.0666639539930556	137	29	0
104	14	4.04444715711806	194	30	0
104	16	5.55555555555556	138	11	0
104	16	2.62221950954861	165	38	0
104	19	3.24443901909722	207	27	0
104	22	3.21514892578126	221	0	2
18	2	3.28888871934679	86	19	1
18	1	0.582758936388739	225	35	0
18	4	2.75555589463976	178	33	0
18	6	8.44444444444444	173	22	0
18	8	2.14444308810764	184	30	0
18	10	4.5111083984375	211	31	0
18	13	0.355556911892361	188	25	0
18	14	2.08888753255208	221	33	0
18	16	2.91111246744792	207	33	0
18	18	0.533338758680556	135	14	0
18	17	3.38888888888889	137	37	0
18	21	0.422227647569444	212	10	0
18	20	3.74443901909722	170	32	0
18	23	2.1	201	0	2
82	4	0.533333672417535	181	26	1
82	6	1.21111043294271	179	26	0
82	7	4.34444512261285	76	225	0
82	8	5.75555419921875	192	21	0
82	10	2.41111246744792	143	28	0
82	12	2.35555691189236	189	30	0
82	14	1.17777506510417	198	9	0
82	13	9.18889024522569	112	32	0
82	16	6.23333062065972	118	19	0
82	15	2.44444444444444	129	31	0
82	16	12.8777804904514	241	33	0
82	20	1.79999457465278	235	32	0
82	22	3.75556098090278	169	26	0
82	24	6.15499471028645	189	0	2
8	2	6.64444478352865	84	18	1
8	2	1.92222256130642	234	32	0
8	4	4.91111077202691	154	22	0
8	6	3.15555487738715	107	218	0
8	8	3.4000006781684	174	14	0
8	7	4.23333401150174	99	31	0
8	9	1.80000135633681	188	16	0
8	8	7.96666802300347	40	34	0
8	11	2.76666937934028	175	13	0
8	10	9.89999728732639	146	26	0
8	13	2.15555826822917	178	12	0
8	12	2.86666531032986	158	26	0
8	14	2.30000135633681	162	11	0
8	13	9.45555284288194	108	32	0
8	15	3.30000135633681	197	28	0
8	16	3.43333604600694	219	27	0
8	17	5.27777777777778	174	27	0
8	21	0.477783203125	291	0	2
75	2	3.22222222222222	169	19	1
75	1	1.05862084750471	94	38	0
75	5	3.63333468967014	189	31	0
75	7	5.80000135633681	160	23	0
75	6	5.22222222222222	112	35	0
75	9	5.53333197699653	220	32	0
75	13	1.66666666666667	216	29	0
75	14	5.77777777777778	129	15	0
75	14	1.34444173177083	143	24	0
75	15	3.0111083984375	159	23	0
75	16	3.86666531032986	117	36	0
75	19	1.22222222222222	170	33	0
75	22	3.53214808872769	147	0	2
107	2	0.355555216471354	100	27	1
107	3	7.03333367241753	127	172	0
107	2	1.6000001695421	82	15	0
107	3	1.95555623372396	134	213	0
107	5	0.833333333333333	33	14	0
107	4	1.67777845594618	154	27	0
107	6	3.77777777777778	148	13	0
107	6	0.577779134114583	61	30	0
107	7	3.34444512261285	238	29	0
107	9	2.23333062065972	150	9	0
107	9	0.0999993218315972	164	37	0
107	13	0.800001356336806	179	26	0
107	14	6.05555555555556	173	38	0
107	18	0.555555555555556	169	35	0
107	20	0.277777777777778	79	35	0
107	22	4.88030820904357	124	0	2
152	3	3.84444512261285	173	33	1
152	6	7.81110975477431	134	23	0
152	6	0.0999993218315972	144	37	0
152	8	2.44444444444444	200	32	0
152	10	3.42222086588542	151	16	0
152	9	1.92222086588542	222	32	0
152	12	3.62221950954861	234	31	0
152	14	2.5111083984375	159	7	0
152	14	0.0111083984375	137	27	0
152	15	4.43333604600694	159	17	0
152	14	5.34444173177083	96	33	0
152	17	1.80000135633681	165	31	0
152	19	7.522216796875	192	11	0
152	19	4.14444986979167	176	34	0
152	22	0.627267548532204	201	0	2
114	5	2.05555555555556	100	32	1
114	2	1.88888888888889	126	17	0
114	1	1.14137899464574	103	37	0
114	5	1.13333299424913	168	23	0
114	6	6.88888888888889	174	20	0
114	7	3.23333401150174	108	257	0
114	8	1.63333468967014	60	23	0
114	8	10.1888902452257	175	19	0
114	10	0.199998643663194	251	38	0
114	12	2.64444308810764	89	40	0
114	8	2.93333265516493	202	11	0
114	8	4.5	133	41	0
114	11	0.911112467447917	198	29	0
114	13	0.533331976996528	305	24	0
114	14	2.65555826822917	195	29	0
114	16	1.93333604600694	194	33	0
114	17	5.95555284288194	138	15	0
114	17	1.42222086588542	121	35	0
114	20	0.244439019097222	245	33	0
114	23	1.04399739583333	243	0	2
120	2	2.42222256130642	161	26	1
120	4	1.04444376627604	62	23	0
120	5	1.46666802300347	186	20	0
120	6	3.9000006781684	162	19	0
120	7	1.02222357855903	138	234	0
120	10	0.977776421440972	100	16	0
120	9	0.388888888888889	99	30	0
120	7	5.75555419921875	163	21	0
120	8	6.19999864366319	182	33	0
120	10	4.81110975477431	152	29	0
120	12	0.111111111111111	167	28	0
120	14	2.04444715711806	105	17	0
120	13	1.9888916015625	228	21	0
120	14	3.27777777777778	203	29	0
120	15	6.81110975477431	387	37	0
120	18	0.655558268229167	183	13	0
120	17	0.777777777777778	144	43	0
120	20	4.25556098090278	239	21	0
120	22	1.05789987664474	160	0	2
56	3	3.36666700575087	145	11	1
56	3	0.688888549804688	103	30	0
56	5	2.37777709960938	165	20	0
56	6	3.94444444444444	175	24	0
56	7	4.37777709960938	222	13	0
56	7	0.611111111111111	122	32	0
56	9	3.10000271267361	263	33	0
56	11	4.75555419921875	319	29	0
56	13	6.71111382378472	142	18	0
56	13	1.22222222222222	140	30	0
56	14	5.55555555555556	134	13	0
56	14	1.84444173177083	173	24	0
56	15	6.71111382378472	153	21	0
56	16	5.47777642144097	128	30	0
56	19	0.222222222222222	225	33	0
56	21	1.85555013020833	177	0	2
133	3	0.766665988498264	95	11	1
133	2	1.75555589463976	186	28	0
133	4	1.46666632758247	170	28	0
133	6	3.19999864366319	155	14	0
133	5	3.28888956705729	114	31	0
133	8	0.333333333333333	180	15	0
133	7	1.21111043294271	92	34	0
133	9	0.377780490451389	319	34	0
133	11	4.92222086588542	173	44	0
133	8	3	351	38	0
133	10	3.69999864366319	153	33	0
133	13	2.37778049045139	270	22	0
133	14	2.42222086588542	197	35	0
133	16	5.92222086588542	188	30	0
133	17	7.35555013020833	162	7	0
133	17	8.77777777777778	60	31	0
133	20	5.75556098090278	209	31	0
133	23	4.44544936671402	115	0	2
53	2	3.97777811686198	111	23	1
53	4	2.87777709960938	105	24	0
53	6	1.9000006781684	150	25	0
53	7	3.15555487738715	203	24	0
53	8	6.5	177	23	0
53	10	3.03333197699653	107	20	0
53	9	0.977776421440972	112	32	0
53	12	2.67777506510417	175	18	0
53	13	3.89999728732639	96	23	0
53	15	2.19999864366319	216	28	0
53	17	0.588887532552083	151	19	0
53	16	4.28888617621528	180	29	0
53	17	5.0111083984375	131	34	0
53	21	0.0444471571180556	174	32	0
53	23	7.198671875	287	63	0
53	10	5.43333604600694	156	10	0
53	10	3.32222493489583	134	19	0
53	9	1.61111111111111	143	30	0
53	11	4.26666937934028	392	25	0
53	13	2.95555284288194	200	24	0
53	15	2.68889024522569	198	29	0
53	17	0.466668023003472	159	23	0
53	18	2.71111382378472	179	32	0
53	22	1.75556098090278	181	23	0
53	23	6.04666666666667	110	0	2
66	3	2.73333401150174	199	26	1
66	5	2.2999996609158	78	203	0
66	6	2.21111043294271	98	23	0
66	7	2.53333197699653	260	22	0
66	8	5.0999993218316	428	10	0
66	8	3.33333333333333	54	29	0
66	10	2.54444715711806	211	30	0
66	13	1.94444444444444	187	318	0
66	15	3.07777913411458	66	29	0
66	16	6.13333468967014	347	32	0
66	17	7.18889024522569	197	36	0
66	20	6.41110568576389	119	21	0
66	19	2.16666666666667	174	38	0
66	23	3.022216796875	176	27	0
66	20	8.06666395399306	213	27	0
66	23	1.84444173177083	97	0	2
40	1	2.38275830499057	64	31	1
40	4	3.57777743869358	144	28	0
40	6	5.33333333333333	148	11	0
40	6	3.06666734483507	60	29	0
40	8	2.05555555555556	244	30	0
40	10	3.94444444444444	202	26	0
40	12	3.67777506510417	161	21	0
40	14	0.311109754774306	205	35	0
40	15	5.76666937934028	201	27	0
40	16	4.54444715711806	206	27	0
40	18	2.65555826822917	176	22	0
40	19	6.522216796875	73	31	0
40	22	5.48214285714287	123	0	2
162	4	4.43333265516493	115	30	1
162	2	3.83333333333333	176	23	0
162	4	3.95555623372396	177	30	0
162	6	5.43333265516493	279	27	0
162	8	2.03333197699653	287	31	0
162	10	2.55555555555556	238	37	0
162	13	0.566663953993056	171	20	0
162	13	7.18889024522569	90	29	0
162	15	4.52222357855903	216	29	0
162	16	9.77777777777778	176	22	0
162	17	5.54444715711806	173	29	0
162	20	3.58889431423611	262	30	0
162	22	1.98266927083333	171	0	2
136	5	0.944444444444444	165	22	1
136	6	4.63333468967014	179	26	0
136	8	0.144443088107639	232	21	0
136	9	3.30000135633681	185	24	0
136	11	0.733330620659722	214	32	0
136	13	6.39999728732639	109	296	0
136	15	0.277777777777778	211	23	0
136	15	7.65555826822917	199	27	0
136	16	5.34444173177083	207	35	0
136	20	1.75556098090278	193	12	0
136	19	2.522216796875	209	28	0
136	16	4.53333197699653	144	23	0
136	18	2.66666666666667	180	37	0
136	22	0.958335876464839	85	0	2
37	5	2.74444580078125	139	25	1
37	7	3.83333333333333	212	605	0
37	8	4.17777845594618	127	27	0
37	10	4.5111083984375	131	20	0
37	9	1.48888821072049	109	38	0
37	12	3.83333333333333	174	31	0
37	15	4.52222357855903	210	26	0
37	17	1.15555826822917	41	34	0
37	20	2.15555826822917	147	30	0
37	22	0.677775065104167	243	0	2
50	4	0.511111789279514	124	14	1
50	3	6.27777777777778	114	34	0
50	6	3.32222154405382	323	22	0
50	7	5.31110975477431	202	23	0
50	9	1.73333401150174	207	23	0
50	10	7.06666395399306	178	30	0
50	13	3.56666395399306	207	28	0
50	15	2.5111083984375	205	25	0
50	16	2.4888916015625	197	29	0
50	17	5.47777642144097	160	9	0
50	17	2.14444308810764	191	20	0
50	18	0.588894314236111	206	25	0
50	20	0.622219509548611	212	23	0
50	21	1.522216796875	179	26	0
50	23	4.82257539482528	245	0	2
91	3	5.43333265516493	135	10	1
91	3	2.64444478352865	113	31	0
91	5	2.27777777777778	193	22	0
91	6	6.92222086588542	149	8	0
91	6	4.64444308810764	117	25	0
91	7	5.91111246744792	203	26	0
91	8	8.78888956705729	284	25	0
91	10	2.87778049045139	130	205	0
91	8	9.42222086588542	101	18	0
91	9	0.966668023003472	134	27	0
91	11	3.07777913411458	165	30	0
91	13	8.87778049045139	171	11	0
91	13	5.71111382378472	118	28	0
91	14	7.97777642144097	303	23	0
91	16	0.0555555555555556	192	24	0
91	17	3.87778049045139	198	26	0
91	19	5.72222222222222	268	26	0
91	22	3.31060606060607	219	0	2
69	3	0.566667344835069	54	27	1
69	4	0.799999660915799	163	18	0
69	3	6.11111111111111	102	35	0
69	6	5.28888956705729	197	31	0
69	8	2.94444444444444	142	18	0
69	7	3.5	165	34	0
69	10	2.84444173177083	215	26	0
69	12	2.53333197699653	182	27	0
69	14	2.76666937934028	215	26	0
69	15	8.9888916015625	193	24	0
69	16	8.12221950954861	208	26	0
69	18	2.5111083984375	151	12	0
69	17	6.12221950954861	157	35	0
69	20	5.46666124131944	232	18	0
69	22	1.65555826822917	176	21	0
69	23	4.98648648648649	419	0	2
155	3	6.83333333333333	123	18	1
155	3	1.91111077202691	132	33	0
155	6	0.633334689670139	168	27	0
155	6	10.7777777777778	169	25	0
155	8	3.85555691189236	174	15	0
155	7	5.32222154405382	224	37	0
155	10	5.41111246744792	160	17	0
155	10	0.833333333333333	123	38	0
155	13	2.57777913411458	182	25	0
155	14	3.71111382378472	155	13	0
155	14	0.25555419921875	154	29	0
155	15	2.88888888888889	202	23	0
155	16	0.466668023003472	259	23	0
155	16	7.82222493489583	152	32	0
155	14	8.37778049045139	289	28	0
155	16	3.86667209201389	164	21	0
155	17	2.12221950954861	167	31	0
155	19	7.56666395399306	292	22	0
155	21	3.26817922881156	277	0	2
34	3	3	106	13	1
34	3	0	88	34	0
34	6	4.38888888888889	141	21	0
34	5	1.08888922797309	178	28	0
34	7	3.14444308810764	216	13	0
34	6	8.48888821072049	187	32	0
34	8	5.71111043294271	269	28	0
34	10	0.74444580078125	195	10	0
34	10	3.28888617621528	48	26	0
34	13	0.455552842881944	182	26	0
34	14	0.333333333333333	290	31	0
34	15	8.16666666666667	170	30	0
34	17	3.47777642144097	114	40	0
34	13	9.4888916015625	161	36	0
34	17	0.155558268229167	150	13	0
34	16	4.31110975477431	152	30	0
34	17	8.85555013020833	158	7	0
34	17	6.94444444444444	40	33	0
34	20	5.54444715711806	195	29	0
34	21	1.92222764756944	135	24	0
34	23	3.19394198330967	116	0	2
146	5	2.68888854980469	92	22	1
146	4	1.64444478352865	173	36	0
146	6	7.9000006781684	193	27	0
146	8	2.4000006781684	192	28	0
146	9	2.83333333333333	198	31	0
146	10	8.88888888888889	160	26	0
146	8	10.4111124674479	203	17	0
146	10	0.75555419921875	67	29	0
146	11	4.60000271267361	146	27	0
146	13	6.26666937934028	174	27	0
146	15	4.27777777777778	222	23	0
146	16	1.58888753255208	175	23	0
146	17	1.84444173177083	288	25	0
146	15	10.0666639539931	178	38	0
146	17	8.87778049045139	249	26	0
146	21	1.05555555555556	233	33	0
146	23	6.59643118722099	177	0	2
59	5	3.94444444444444	88	22	1
59	7	1.0999993218316	207	31	0
59	8	7.91111246744792	196	30	0
59	10	8.89999728732639	291	31	0
59	13	7.46666802300347	259	36	0
59	14	9.83333333333333	241	27	0
59	16	2.91111246744792	181	25	0
59	17	4.75556098090278	154	33	0
59	19	7.70000542534722	245	32	0
59	22	4.48787619850853	128	0	2
85	3	5.85555521647135	58	26	1
85	5	0.822221544053819	150	17	0
85	4	1.24444410536024	126	27	0
85	6	7.83333333333333	199	27	0
85	8	4.26666598849826	382	23	0
85	7	0.0666673448350694	177	25	0
85	8	4.86666531032986	179	28	0
85	10	3.78888617621528	194	20	0
85	11	2.86666531032986	205	30	0
85	13	7.63333468967014	238	24	0
85	15	6.65555826822917	221	31	0
85	17	0.24444580078125	276	18	0
85	18	1.77777777777778	214	32	0
85	20	5.22222222222222	274	35	0
85	23	6.13441122731856	154	0	2
21	3	0.766665988498264	184	24	1
21	4	1.88888888888889	140	9	0
21	3	7.98888821072049	69	28	0
21	6	3.48888821072049	177	22	0
21	7	3.57777913411458	149	9	0
21	7	1.03333197699653	128	28	0
21	9	0.433332655164931	200	33	0
21	10	10.2777777777778	193	35	0
21	14	1.17777506510417	232	27	0
21	16	1.03333197699653	234	28	0
21	17	2.35555691189236	237	21	0
21	18	1.43333604600694	243	38	0
21	21	0.411105685763889	179	19	0
21	22	0.877780490451389	166	30	0
21	24	1.56315532483553	184	0	2
43	11	5.62221950954861	105	57	1
43	2	5.57777743869358	68	26	0
43	1	0.520689339473329	207	32	0
43	4	1.23333401150174	164	28	0
43	6	3	190	28	0
43	8	0.711110432942708	280	31	0
43	10	3.92222086588542	174	34	0
43	13	4.63333468967014	304	30	0
43	15	1.85555691189236	190	27	0
43	16	5.84444173177083	197	35	0
43	19	3.67777506510417	212	35	0
43	22	3.25268554687501	199	0	2
149	2	0.966666327582465	230	31	1
149	4	0.177778455946181	180	20	0
149	5	0.0999993218315972	322	30	0
149	6	7.51111178927951	182	7	0
149	6	5.68889024522569	141	34	0
149	8	8.25555419921875	264	32	0
149	12	0.24444580078125	191	26	0
149	13	5.88888888888889	153	17	0
149	13	1.66666666666667	104	29	0
149	15	5.42222086588542	181	27	0
149	16	6.12221950954861	204	26	0
149	17	2.45555284288194	185	36	0
149	20	1.13332790798611	230	35	0
149	22	0.701517740885424	185	0	2
130	3	1.15555487738715	222	25	1
130	4	2.66666666666667	141	12	0
130	3	7.73333401150174	120	22	0
130	3	0.211110432942708	256	25	0
130	4	1.75555589463976	289	31	0
130	6	3.15555487738715	152	25	0
130	7	1.01111178927951	237	26	0
130	8	5.26666598849826	169	21	0
130	9	1.55555555555556	127	242	0
130	10	4.69999864366319	78	34	0
130	13	3.76666937934028	356	31	0
130	15	3.76666937934028	233	18	0
130	14	2.26666937934028	189	31	0
130	16	5.91111246744792	262	23	0
130	17	7	167	38	0
130	21	2.55555555555556	205	35	0
130	24	4.8499973842076	148	0	2
88	3	2.53333367241753	155	12	1
88	2	3.33333333333333	46	30	0
88	5	2.13333299424913	278	30	0
88	7	1.31110975477431	290	31	0
88	10	0.355556911892361	224	35	0
88	13	0.333333333333333	170	26	0
88	14	5.52222357855903	132	31	0
88	16	1.5111083984375	165	23	0
88	17	2.39999728732639	185	27	0
88	19	5.15555826822917	198	34	0
88	23	0.668418482730263	166	0	2
101	3	5.08888922797309	228	26	1
101	5	0.122222900390625	178	26	0
101	6	6.06666734483507	268	30	0
101	8	3.82222154405382	307	25	0
101	9	3.38888888888889	209	15	0
101	9	0.355556911892361	88	28	0
101	8	0.533331976996528	227	26	0
101	9	0.422220865885417	63	30	0
101	11	0.333333333333333	207	31	0
101	13	3.80000135633681	305	29	0
101	15	2.62221950954861	213	35	0
101	16	4.24444580078125	241	22	0
101	17	3.022216796875	68	346	0
101	20	2.82222493489583	131	28	0
101	22	3.17777506510417	200	511	0
101	21	2.75556098090278	96	26	0
101	23	0.039280482700901	116	0	2
27	1	2.72413793103448	229	27	1
27	3	7.61111111111111	273	28	0
27	6	0.377777099609375	197	28	0
27	7	3.27777777777778	157	18	0
27	6	5.97777642144097	160	36	0
27	10	2.15555826822917	155	13	0
27	9	2.78888956705729	204	30	0
27	12	0.411112467447917	214	30	0
27	13	7.17777506510417	195	27	0
27	14	4.72222222222222	191	25	0
27	15	5.03333197699653	195	25	0
27	16	4.23333062065972	183	34	0
27	19	3.67777506510417	269	28	0
27	22	1.61428833007813	82	0	2
98	3	2.87777709960938	188	28	1
98	5	1.62222290039062	209	26	0
98	8	0.111111111111111	221	32	0
98	10	3.16666666666667	232	34	0
98	13	3.04444715711806	218	19	0
98	14	2.74444580078125	185	22	0
98	16	1.9888916015625	274	33	0
98	17	5.26666937934028	289	35	0
98	20	5.44444444444444	204	19	0
98	21	3.71111382378472	54	28	0
98	23	5.0111083984375	209	0	2
11	3	0.733334011501736	156	15	1
11	2	1.05555555555556	58	43	0
11	6	1.23333401150174	144	12	0
11	5	1.83333333333333	144	29	0
11	7	5.92222086588542	203	31	0
11	10	0.588887532552083	152	14	0
11	9	1.16666666666667	66	35	0
11	13	1.95555284288194	214	29	0
11	14	8.5111083984375	171	11	0
11	14	5.06666395399306	112	30	0
11	15	6.89999728732639	190	29	0
11	16	5.19999864366319	291	32	0
11	19	2.63332790798611	246	35	0
11	22	3.71111382378472	339	325	0
11	7	0.400000678168403	214	42	0
11	2	0.555555555555556	94	0	2
117	3	3.01111178927951	168	10	1
117	3	0.666666666666667	175	29	0
117	4	4.92222086588542	176	28	0
117	6	5.88888888888889	251	30	0
117	8	3.94444444444444	106	16	0
117	8	0.0333319769965278	164	29	0
117	10	3.52222357855903	203	34	0
117	13	1.93333604600694	217	29	0
117	15	3.24444580078125	232	29	0
117	16	4.89999728732639	205	25	0
117	17	4.95555284288194	204	22	0
117	18	4.42222764756944	131	27	0
117	20	5.86667209201389	165	13	0
117	20	2.28888617621528	43	35	0
117	23	2.40714808872769	116	0	2
24	2	1.85555521647135	160	12	1
24	1	2.07241347740436	51	33	0
24	4	0.866667005750868	171	25	0
24	6	0.0111117892795139	162	27	0
24	6	10.2222222222222	240	25	0
24	8	1.15555487738715	169	23	0
24	9	3.27777777777778	102	26	0
24	11	0.75555419921875	189	31	0
24	13	3.52222357855903	227	34	0
24	14	6.67777506510417	156	14	0
24	14	4.17777506510417	227	27	0
24	16	2.42222086588542	234	35	0
24	19	3.82222493489583	219	34	0
24	22	3.00195551853555	225	0	2
165	2	1.7000003390842	170	20	1
165	3	2.44444444444444	54	28	0
165	5	3.23333401150174	183	29	0
165	7	4.84444512261285	184	29	0
165	10	2.54444376627604	200	30	0
165	13	0.188890245225694	186	22	0
165	14	1.5111083984375	190	25	0
165	16	2.02222357855903	210	30	0
165	17	4.44444444444444	158	26	0
165	15	4.54444715711806	158	18	0
165	14	3.44444444444444	38	36	0
165	17	5.66666666666667	160	22	0
165	18	5.60000271267361	172	26	0
165	20	4.34444173177083	195	30	0
165	23	4.78571428571429	90	0	2
