31 3 1.63333299424913 174 142 1
31 3 4.42222256130642 205 26 0
31 5 3.96666802300347 269 20 0
31 4 2.53333367241753 195 31 0
31 2 1.51111094156901 223 15 0
31 1 1.9379311923323 287 35 0
31 3 3.81111145019531 89 24 0
31 5 1.61111111111111 177 18 0
31 6 3.11111111111111 172 23 0
31 7 0.844445122612847 230 20 0
31 8 0.422220865885417 219 12 0
31 8 3.05555555555556 468 23 0
31 9 1.26666598849826 250 20 0
31 9 5.92222086588542 221 16 0
31 11 0.788886176215278 220 24 0
31 12 3.37778049045139 233 16 0
31 13 3.05555555555556 315 20 0
31 14 1.30000135633681 110 195 0
31 14 1.75555419921875 122 23 0
31 15 1.77777777777778 189 13 0
31 15 4.65555826822917 142 25 0
31 16 4.16666666666667 341 9 0
31 16 5.31110975477431 236 29 0
31 19 1.45555284288194 236 18 0
31 19 6.22222222222222 134 28 0
31 18 1.02222357855903 228 38 0
31 19 11.8111165364583 153 21 0
31 21 2.26666937934028 231 24 0
31 19 9.32222493489583 205 22 0
31 21 1.83333333333333 167 21 0
31 22 3.16211862275095 113 43 0
31 18 0.399997287326389 158 32 0
31 15 7.03333197699653 133 57 0
31 9 2.28888617621528 153 62 0
31 2 2.48888905843099 261 19 0
31 1 1.64827570421942 242 15 0
31 2 2.98888905843099 82 27 0
31 5 1.66666666666667 170 18 0
31 6 3.51111178927951 153 21 0
31 7 2.5999993218316 130 71 0
31 14 2.45555284288194 248 29 0
31 16 1.18889024522569 167 70 0
31 8 4.42222086588542 173 24 0
31 7 1.85555691189236 177 41 0
31 9 5.05555555555556 246 22 0
31 8 7.83333333333333 160 23 0
31 8 1.12222290039062 138 32 0
31 9 3.33333333333333 175 24 0
31 10 3.56666395399306 168 18 0
31 9 4.22222222222222 219 19 0
31 10 1.83333333333333 78 24 0
31 11 3.75555419921875 188 23 0
31 13 0.522223578559028 198 19 0
31 13 5.75555419921875 179 15 0
31 14 1.66666666666667 159 24 0
31 15 5.32222493489583 149 117 0
31 16 5.05555555555556 249 82 0
31 6 6.0999993218316 153 30 0
31 4 4.24444410536024 145 20 0
31 6 0.833333333333333 122 81 0
31 15 6.52222357855903 218 83 0
31 16 4.23333062065972 357 36 0
31 19 3.85555013020833 133 209 0
31 19 9.25556098090278 149 35 0
31 22 3.17272209398675 163 38 0
31 19 3.05555555555556 166 24 0
31 17 1.95555284288194 172 24 0
31 16 3.69999864366319 477 64 0
31 10 0.977776421440972 173 37 0
31 8 1.86666531032986 341 38 0
31 10 0.855556911892361 314 26 0
31 12 3.0111083984375 139 314 0
31 14 2.61111111111111 163 0 2
95 2 0.877777947319878 219 10 1
95 1 2.58965485671471 192 19 0
95 3 0.511111789279514 153 25 0
95 4 2.02222188313802 177 37 0
95 2 2.64444478352865 198 11 0
95 3 1.16666666666667 201 24 0
95 4 1.43333265516493 305 20 0
95 3 2.23333401150174 182 46 0
95 5 3.48888821072049 260 24 0
95 7 2.04444376627604 251 27 0
95 8 4.34444512261285 391 22 0
95 7 3.31110975477431 89 48 0
95 3 3.74444410536024 178 21 0
95 2 1.06666649712457 510 71 0
95 4 0.355555216471354 166 172 0
95 5 3.52222357855903 257 21 0
95 7 0.900000678168403 250 22 0
95 8 0.533331976996528 218 25 0
95 8 8.73333401150174 203 21 0
95 9 3.5999993218316 325 12 0
95 9 0.811109754774306 172 170 0
95 8 9.68889024522569 141 27 0
95 11 1.4888916015625 280 19 0
95 12 2.31110975477431 228 13 0
95 13 1.91111246744792 268 14 0
95 13 4.9888916015625 214 13 0
95 13 1.92222086588542 294 78 0
95 4 0.311111450195312 150 25 0
95 2 1.54444461398655 334 15 0
95 1 1.21379326129782 195 28 0
95 3 7.21111043294271 159 39 0
95 6 1.25555419921875 205 24 0
95 7 5.95555623372396 295 24 0
95 8 8.43333265516493 211 20 0
95 10 1.25555419921875 99 24 0
95 11 1.93333604600694 231 18 0
95 12 2.31110975477431 109 23 0
95 14 2.18889024522569 289 20 0
95 15 2.21111382378472 193 97 0
95 15 6.06666395399306 124 23 0
95 16 2.04444715711806 162 207 0
95 16 5.64444308810764 82 16 0
95 17 3.38888888888889 165 22 0
95 19 1.75556098090278 249 10 0
95 19 4.13332790798611 118 35 0
95 21 3.22222222222222 284 19 0
95 22 4.45555284288194 162 22 0
95 20 5.93333604600694 262 23 0
95 22 3.82222493489583 243 23 0
95 20 4.522216796875 182 24 0
95 19 2.92222764756944 165 27 0
95 17 2.02222357855903 160 24 0
95 16 0.633334689670139 240 28 0
95 15 0.877780490451389 297 28 0
95 16 2.86666531032986 112 29 0
95 18 3.94444444444444 187 23 0
95 20 4.41110568576389 215 26 0
95 22 6.41110568576389 306 15 0
95 23 1.62423983487217 109 25 0
95 21 1.57777235243056 176 17 0
95 20 4.65555826822917 112 131 0
95 21 0.677775065104167 36 237 0
95 23 3.42727013790247 193 16 0
95 22 5.44444444444444 451 210 0
95 23 4.03182336055872 187 23 0
95 22 2.70000542534722 112 110 0
95 4 3.58888922797309 192 34 0
95 2 3.4000006781684 305 37 0
95 4 4.05555555555556 190 19 0
95 6 0.677778455946181 97 22 0
95 7 2.80000135633681 191 17 0
95 8 2.16666666666667 206 22 0
95 8 9.15555487738715 183 17 0
95 10 0.0222235785590278 78 27 0
95 11 4.42222086588542 225 20 0
95 10 7.83333333333333 263 21 0
95 12 0.377780490451389 132 37 0
95 9 2.63333468967014 255 24 0
95 8 4.25555419921875 257 17 0
95 8 9.41111246744792 172 19 0
95 10 0.188890245225694 91 37 0
95 7 4.82222154405382 214 24 0
95 6 0.677778455946181 237 20 0
95 6 3.38888888888889 66 28 0
95 8 5.04444376627604 222 20 0
95 8 9.13333468967014 182 26 0
95 10 5.04444715711806 187 25 0
95 12 2.02222357855903 228 146 0
95 10 7.81110975477431 245 21 0
95 11 5.10000271267361 152 23 0
95 13 3.73333062065972 228 24 0
95 15 1.63333468967014 433 14 0
95 14 4.78888617621528 177 38 0
95 16 1.12221950954861 304 23 0
95 17 1.18889024522569 144 105 0
95 8 5.04444376627604 172 26 0
95 7 2.44444444444444 223 20 0
95 6 1.42222086588542 184 24 0
95 8 0.522223578559028 97 26 0
95 8 9.37777709960938 173 21 0
95 10 1.10000271267361 111 215 0
95 8 3.51111178927951 273 10 0
95 8 1.14444308810764 60 28 0
95 6 1.31110975477431 294 26 0
95 8 6.62222290039062 251 23 0
95 9 3.06666734483507 110 25 0
95 11 0.74444580078125 197 236 0
95 12 0.844441731770833 240 21 0
95 13 2.78888617621528 255 18 0
95 14 3.17777506510417 212 47 0
95 9 3.86666531032986 234 28 0
95 8 4.37777709960938 172 18 0
95 7 5.15555487738715 289 44 0
95 10 4.04444715711806 228 27 0
95 11 5.60000271267361 138 221 0
95 14 4.54444715711806 246 22 0
95 15 4.80000135633681 162 28 0
95 14 1.53333197699653 98 78 0
95 3 5.62222290039062 179 22 0
95 2 2.02222188313802 232 36 0
95 4 3.21111043294271 184 18 0
95 5 3.74444580078125 169 20 0
95 7 0.977776421440972 173 19 0
95 7 5.66666666666667 160 27 0
95 6 1.98888821072049 182 176 0
95 4 4.2000003390842 224 23 0
95 7 1.53333197699653 185 34 0
95 8 7.41111246744792 247 23 0
95 7 4.08888753255208 156 20 0
95 6 2.87777709960938 167 219 0
95 5 0.277777777777778 456 16 0
95 5 3.16666666666667 95 88 0
95 16 2.44444444444444 217 34 0
95 18 3.28888617621528 226 27 0
95 16 3.76666937934028 206 26 0
95 15 4.69999864366319 112 52 0
95 17 6.07777913411458 293 0 2
15 2 3.52222188313802 208 10 1
15 2 1.42222256130642 177 22 0
15 3 6.02222188313802 337 16 0
15 4 3.23333401150174 203 23 0
15 6 3.24444580078125 235 225 0
15 3 7.05555555555556 169 22 0
15 2 2.08888922797309 223 35 0
15 4 4.7000003390842 165 24 0
15 6 5.41111246744792 280 20 0
15 7 2.31110975477431 483 30 0
15 6 3.11111111111111 448 17 0
15 6 7.97777642144097 57 26 0
15 8 0.155554877387153 167 16 0
15 7 2.30000135633681 222 10 0
15 7 0.24444580078125 95 148 0
15 6 2.42222086588542 112 12 0
15 6 5.45555623372396 145 158 0
15 10 0.788886176215278 189 16 0
15 10 4.75555419921875 169 24 0
15 11 4.66666666666667 218 25 0
15 13 4.06666395399306 243 22 0
15 12 0.288886176215278 214 22 0
15 13 3.91111246744792 55 37 0
15 14 5.77777777777778 255 28 0
15 15 6.44444444444444 373 23 0
15 16 3.23333062065972 164 206 0
15 13 2.81110975477431 58 60 0
15 6 6.51111178927951 329 85 0
15 15 11.4333360460069 207 22 0
15 16 5.14444308810764 105 28 0
15 15 7.14444308810764 289 40 0
15 17 1.4888916015625 156 19 0
15 18 2.20000542534722 212 10 0
15 18 3.66666666666667 128 21 0
15 17 3.39999728732639 168 23 0
15 19 3.18888346354167 268 13 0
15 19 6.54444715711806 193 83 0
15 17 2.29999457465278 172 21 0
15 16 2.17777506510417 216 16 0
15 16 5.83333333333333 203 29 0
15 15 8.41111246744792 229 46 0
15 16 4.38888888888889 172 233 0
15 18 3.5 147 21 0
15 19 4.977783203125 193 32 0
15 21 3.87778049045139 278 13 0
15 21 1.04444715711806 174 248 0
15 12 2.77777777777778 111 56 0
15 9 1.63333468967014 178 40 0
15 6 4.27777777777778 286 25 0
15 7 2.98888821072049 70 225 0
15 20 0.766669379340278 170 13 0
15 19 4.43333604600694 164 23 0
15 18 0.455552842881944 195 25 0
15 19 5.477783203125 164 31 0
15 17 1.70000542534722 112 294 0
15 16 6.80000135633681 45 31 0
15 15 7.62221950954861 195 33 0
15 14 4.76666937934028 60 49 0
15 10 9.86666531032986 260 23 0
15 10 2.86666531032986 171 22 0
15 8 2.75555419921875 236 0 2
159 2 2.71111128065321 233 9 1
159 3 0.633332994249132 195 20 0
159 4 3.88888888888889 146 190 0
159 6 0.0333319769965278 130 16 0
159 6 5.41111246744792 584 23 0
159 5 2.01111178927951 76 30 0
159 7 4.32222154405382 241 18 0
159 8 2.54444376627604 174 19 0
159 7 2.81110975477431 161 22 0
159 8 3.69999864366319 486 10 0
159 8 1.26666598849826 688 16 0
159 8 3.9000006781684 150 14 0
159 9 1.44444444444444 170 214 0
159 3 0.766665988498264 190 14 0
159 2 1.71111128065321 180 29 0
159 5 1.32222154405382 226 26 0
159 7 0.477776421440972 213 140 0
159 8 2.02222357855903 232 18 0
159 7 2.98888821072049 146 22 0
159 8 6.96666802300347 200 22 0
159 10 2.53333197699653 172 186 0
159 10 6.5111083984375 132 19 0
159 11 1.86666531032986 234 21 0
159 12 2.53333197699653 352 15 0
159 11 4.07777913411458 136 29 0
159 13 5.36666531032986 302 15 0
159 14 3.13333468967014 81 180 0
159 14 7.03333197699653 62 20 0
159 15 3.12221950954861 309 36 0
159 16 5.10000271267361 106 224 0
159 15 0.666666666666667 191 40 0
159 16 5.95555284288194 273 90 0
159 6 4.45555623372396 117 92 0
159 18 0.211113823784722 270 219 0
159 16 4.24444580078125 191 37 0
159 19 1.977783203125 222 21 0
159 17 1.72222222222222 115 34 0
159 19 8.70000542534722 177 22 0
159 21 1.57733072916667 269 9 0
159 20 5.62221950954861 206 26 0
159 19 2.18888346354167 153 71 0
159 10 10.2777777777778 150 51 0
159 8 0.400000678168403 201 18 0
159 9 0.411112467447917 246 23 0
159 8 1.4000006781684 164 157 0
159 11 5.65555826822917 159 20 0
159 13 0.699998643663194 127 26 0
159 14 4.07777913411458 193 29 0
159 15 5.46666802300347 216 0 2
92 2 2.16666666666667 177 16 1
92 3 2.5999993218316 222 107 0
92 2 0.244444105360243 140 11 0
92 2 3.23333316379123 148 10 0
92 3 1.53333367241753 268 16 0
92 2 1.3999998304579 89 28 0
92 4 1.53333367241753 215 20 0
92 5 1.44444444444444 230 18 0
92 4 2.47777811686198 92 134 0
92 4 1.92222256130642 208 21 0
92 5 1.44444444444444 291 8 0
92 4 4.28888956705729 100 22 0
92 6 0.911112467447917 322 24 0
92 7 0.800001356336806 189 23 0
92 8 2.36666531032986 472 12 0
92 8 5.26666598849826 222 26 0
92 9 1.83333333333333 95 50 0
92 6 7.30000135633681 305 71 0
92 8 2.58888753255208 343 11 0
92 8 0.0222235785590278 185 15 0
92 7 1.65555487738715 199 22 0
92 8 2.12222290039062 349 23 0
92 8 12.8999972873264 250 17 0
92 9 3.80000135633681 172 18 0
92 8 12.1444430881076 205 16 0
92 8 7.25555419921875 236 18 0
92 8 12.5333319769965 176 18 0
92 8 9 137 23 0
92 10 0.388888888888889 175 25 0
92 11 2.73333062065972 191 19 0
92 13 1.74444580078125 166 28 0
92 14 3.36666531032986 210 26 0
92 15 4.39999728732639 524 25 0
92 16 3.07777913411458 181 23 0
92 18 3.36667209201389 195 15 0
92 19 2.45555284288194 304 14 0
92 20 0.422227647569444 199 24 0
92 17 2.63333468967014 290 8 0
92 17 1.39999728732639 127 42 0
92 21 2.27777777777778 165 15 0
92 22 1.63484330610796 71 87 0
92 8 3.02222357855903 263 41 0
92 4 4.4000006781684 194 22 0
92 6 0.855556911892361 411 51 0
92 2 1.45555538601345 177 12 0
92 3 0.0111117892795139 150 24 0
92 3 8.98888821072049 174 144 0
92 6 6.5 150 25 0
92 8 0.788889567057292 229 34 0
92 9 1.07777913411458 244 35 0
92 11 2.61111111111111 225 21 0
92 13 1.47777642144097 162 19 0
92 13 5.91111246744792 170 215 0
92 14 4.65555826822917 164 19 0
92 15 3.97777642144097 245 28 0
92 14 1.18889024522569 205 12 0
92 14 3.82222493489583 173 43 0
92 11 3.89999728732639 137 36 0
92 8 9.91111246744792 229 22 0
92 9 2 195 36 0
92 8 0.422220865885417 216 13 0
92 8 3.02222357855903 198 25 0
92 9 2.08888753255208 175 27 0
92 11 3.12221950954861 171 22 0
92 10 3.65555826822917 146 28 0
92 13 7.27777777777778 199 17 0
92 13 3.10000271267361 297 24 0
92 14 2.10000271267361 259 11 0
92 14 4.88888888888889 161 25 0
92 15 4.06666395399306 182 24 0
92 16 3.17777506510417 257 23 0
92 15 4.62221950954861 199 35 0
92 13 3.41111246744792 179 23 0
92 11 1.37778049045139 254 38 0
92 8 10.2777777777778 224 20 0
92 9 1.43333604600694 175 35 0
92 11 0.866665310329861 160 28 0
92 13 3.57777913411458 115 206 0
92 15 0.177775065104167 138 24 0
92 15 5.78888617621528 154 23 0
92 16 4.94444444444444 245 26 0
92 15 2.33333333333333 150 54 0
92 10 4.12221950954861 243 14 0
92 11 1.41111246744792 188 21 0
92 10 2.91111246744792 186 16 0
92 11 1.85555691189236 212 21 0
92 13 2.30000135633681 212 25 0
92 14 3.84444173177083 256 23 0
92 15 5.45555284288194 214 23 0
92 16 2.87778049045139 153 24 0
92 19 1.15555826822917 213 17 0
92 19 5.93333604600694 165 18 0
92 21 1.88888888888889 100 26 0
92 18 0.822224934895833 245 15 0
92 17 1.53333197699653 254 22 0
92 19 1.20000542534722 229 0 2
156 2 0.100000169542101 195 11 1
156 1 1.18275846284011 352 22 0
156 3 5.81111145019531 229 22 0
156 4 4.5999993218316 237 18 0
156 6 0.199998643663194 173 12 0
156 6 3.22222222222222 194 112 0
156 6 11.477776421441 197 20 0
156 7 4.66666666666667 288 42 0
156 5 3.22222222222222 179 22 0
156 4 1.2000003390842 166 38 0
156 7 1.27777777777778 157 23 0
156 8 1.25555419921875 110 25 0
156 9 0.266669379340278 247 239 0
156 11 0.811109754774306 328 21 0
156 12 2.17777506510417 693 24 0
156 10 8.67777506510417 219 28 0
156 13 3.11111111111111 209 20 0
156 14 1.05555555555556 174 23 0
156 13 1.08888753255208 196 22 0
156 11 3.18889024522569 140 32 0
156 14 6.43333604600694 196 17 0
156 15 3.74444580078125 174 24 0
156 16 4.22222222222222 334 22 0
156 17 2.33333333333333 82 27 0
156 19 4.14444986979167 282 20 0
156 20 3.20000542534722 182 23 0
156 19 2.14444986979167 189 19 0
156 18 1.64444986979167 210 26 0
156 21 1.47575239701705 318 140 0
156 1 2.22758589119747 183 21 0
156 2 3.94444444444444 250 26 0
156 5 0.466666327582465 217 16 0
156 6 0.588887532552083 160 27 0
156 6 11.9666680230035 142 83 0
156 15 6.93333604600694 74 35 0
156 18 1.5 176 21 0
156 16 5.61111111111111 262 19 0
156 15 7.91111246744792 228 19 0
156 16 3.05555555555556 188 26 0
156 18 3.14444986979167 258 180 0
156 21 1.52878270004736 82 240 0
156 6 10.5999993218316 239 23 0
156 7 4.84444512261285 168 28 0
156 9 2.05555555555556 305 37 0
156 11 2.54444715711806 200 25 0
156 13 0.699998643663194 372 21 0
156 13 7.67777506510417 199 0 2
28 3 2.61111111111111 110 178 1
28 3 3.76666598849826 598 23 0
28 5 0.933332655164931 218 21 0
28 6 3.26666598849826 206 164 0
28 4 3.65555487738715 161 14 0
28 5 2.73333401150174 411 9 0
28 5 0.611111111111111 286 14 0
28 6 0.588887532552083 168 23 0
28 7 1.54444376627604 219 18 0
28 8 0.844445122612847 172 167 0
28 7 5.88888888888889 395 23 0
28 9 2.26666598849826 423 16 0
28 10 2.35555691189236 244 25 0
28 8 0.977776421440972 257 35 0
28 10 5.31110975477431 251 21 0
28 11 5.92222086588542 237 19 0
28 13 2.33333333333333 213 10 0
28 13 4.39999728732639 262 11 0
28 13 6.41111246744792 247 22 0
28 14 2.91111246744792 282 146 0
28 13 6.71111382378472 135 8 0
28 13 8.5 48 290 0
28 14 6.97777642144097 128 20 0
28 15 2.67777506510417 234 22 0
28 14 3.88888888888889 371 21 0
28 13 8.68889024522569 299 23 0
28 14 4.30000135633681 258 26 0
28 13 7.62221950954861 287 10 0
28 13 5.38888888888889 162 26 0
28 14 4.47777642144097 361 22 0
28 15 4.02222357855903 228 19 0
28 14 7.17777506510417 258 21 0
28 15 5.0111083984375 231 21 0
28 14 5.44444444444444 226 197 0
28 15 7 197 19 0
28 16 3.54444715711806 268 35 0
28 18 3 174 20 0
28 19 3.95555284288194 244 22 0
28 22 2.25714547293528 213 96 0
28 6 6.12222290039062 141 38 0
28 3 6.21111043294271 218 14 0
28 3 3.33333333333333 94 29 0
28 6 1.21111043294271 195 89 0
28 15 6.12221950954861 57 34 0
28 19 4.86667209201389 150 31 0
28 16 5.18889024522569 252 18 0
28 15 7.71111382378472 135 68 0
28 9 0.588887532552083 80 43 0
28 6 4.51111178927951 336 21 0
28 7 2.80000135633681 308 21 0
28 6 3.92222086588542 85 28 0
28 8 2.98888821072049 286 23 0
28 10 3.64444308810764 112 25 0
28 12 0.355556911892361 169 24 0
28 13 5.57777913411458 283 201 0
28 14 5.15555826822917 180 29 0
28 13 4.83333333333333 364 13 0
28 13 7.94444444444444 189 7 0
28 13 9.55555555555556 162 22 0
28 14 3.97777642144097 114 205 0
28 15 1.52222357855903 124 20 0
28 15 5.82222493489583 163 262 0
28 8 0.74444580078125 149 12 0
28 8 1.84444512261285 161 0 2
60 2 1.7999996609158 204 11 1
60 1 2.54827617776805 394 24 0
60 3 3.76666598849826 197 22 0
60 4 4.64444478352865 211 16 0
60 6 0.677778455946181 191 15 0
60 6 3.81110975477431 128 194 0
60 4 1.06666734483507 156 22 0
60 2 3.58888922797309 298 28 0
60 4 4.2000003390842 232 19 0
60 6 0.955556233723958 261 22 0
60 7 1.33333333333333 299 20 0
60 8 0.322221544053819 147 153 0
60 4 2.74444410536024 280 18 0
60 6 0.199998643663194 211 24 0
60 7 2.92222086588542 161 241 0
60 8 3.26666598849826 99 9 0
60 8 5.48888821072049 288 25 0
60 10 0.777777777777778 288 23 0
60 8 4.5999993218316 215 36 0
60 6 2.97777642144097 167 16 0
60 6 6.67777845594618 192 18 0
60 6 1.73333401150174 386 29 0
60 8 5.36666531032986 196 24 0
60 10 0.0444437662760417 262 12 0
60 10 2.35555691189236 81 30 0
60 13 1.44444444444444 226 15 0
60 13 4.34444173177083 205 14 0
60 13 8.33333333333333 79 25 0
60 14 2.18889024522569 450 19 0
60 15 3.77777777777778 178 44 0
60 12 2.32222493489583 91 46 0
60 15 5.68889024522569 212 24 0
60 16 5.38888888888889 188 209 0
60 19 2.25556098090278 126 10 0
60 19 3.61111111111111 728 23 0
60 17 4.41111246744792 153 37 0
60 19 6.70000542534722 163 26 0
60 22 0.80757834694603 209 27 0
60 19 5.12221950954861 174 22 0
60 17 5.73333062065972 218 19 0
60 19 0.600002712673611 82 28 0
60 20 2.84444173177083 177 20 0
60 22 1.31666148792614 99 105 0
60 7 5.81110975477431 151 38 0
60 5 0.777777777777778 215 19 0
60 6 1.06666734483507 109 206 0
60 16 3.36666531032986 73 33 0
60 19 3.31111653645833 181 80 0
60 9 0.566667344835069 30 11 0
60 9 2.08888753255208 238 26 0
60 8 2.12222290039062 224 17 0
60 7 3 67 35 0
60 10 3.67777506510417 239 25 0
60 8 7.18889024522569 213 35 0
60 11 0.344441731770833 153 25 0
60 13 2.65555826822917 204 26 0
60 14 3.87778049045139 314 0 2
137 2 2.57777743869358 156 151 1
137 1 2.69310313257678 319 24 0
137 3 5.61111111111111 167 20 0
137 4 1.95555623372396 192 19 0
137 5 3.43333265516493 219 13 0
137 6 3.01111178927951 227 23 0
137 7 0.922220865885417 231 21 0
137 8 1.26666598849826 338 20 0
137 9 2.4000006781684 140 135 0
137 9 1.73333401150174 155 14 0
137 8 2.86666531032986 169 21 0
137 9 3.98888821072049 325 22 0
137 11 0.311109754774306 197 22 0
137 12 1.22222222222222 293 17 0
137 11 2.22222222222222 145 24 0
137 13 2.64444308810764 216 23 0
137 15 0.444444444444444 174 17 0
137 15 4.78888617621528 194 26 0
137 16 2.81110975477431 234 25 0
137 15 1.83333333333333 189 19 0
137 15 6.22222222222222 137 26 0
137 16 6.74444580078125 227 20 0
137 17 1 204 25 0
137 16 3.77777777777778 237 25 0
137 17 4.65555826822917 189 24 0
137 16 6.32222493489583 234 17 0
137 16 1.44444444444444 83 25 0
137 15 4.24444580078125 216 13 0
137 15 7.04444715711806 94 28 0
137 16 6.66666666666667 189 24 0
137 17 3.72222222222222 243 26 0
137 16 5.69999864366319 267 27 0
137 17 4.23333062065972 261 26 0
137 16 5.4888916015625 299 28 0
137 17 5.94444444444444 188 123 0
137 17 2.75555419921875 151 12 0
137 17 4.75555419921875 123 24 0
137 19 3.11111111111111 240 15 0
137 19 0.0555555555555556 150 26 0
137 21 1.83333333333333 252 12 0
137 20 2.9888916015625 113 26 0
137 22 1.16666666666667 319 19 0
137 21 4.13332790798611 260 56 0
137 16 5.06666395399306 198 41 0
137 13 4.66666666666667 128 73 0
137 4 1.66666666666667 140 31 0
137 2 3.34444427490234 439 33 0
137 5 0.144444783528646 177 21 0
137 6 2.66666666666667 140 24 0
137 7 0.144443088107639 168 26 0
137 8 3.45555623372396 243 17 0
137 8 0.25555419921875 179 18 0
137 8 3.62222290039062 164 26 0
137 7 1.95555623372396 143 167 0
137 8 3.21111043294271 125 18 0
137 9 3.55555555555556 148 25 0
137 11 2.77777777777778 516 19 0
137 12 1.46666802300347 213 19 0
137 11 2.13333468967014 202 25 0
137 10 0.300001356336806 177 29 0
137 7 4.16666666666667 155 29 0
137 10 4.44444444444444 90 58 0
137 5 0.866665310329861 128 36 0
137 2 2.67777760823568 295 12 0
137 3 1.52222188313802 144 25 0
137 4 1.34444512261285 140 30 0
137 6 5.63333468967014 189 21 0
137 7 0.955556233723958 183 30 0
137 5 3.65555487738715 161 23 0
137 4 2.4000006781684 268 29 0
137 6 8.25555419921875 261 22 0
137 7 5.22222222222222 228 23 0
137 9 3.17777845594618 180 29 0
137 11 2.83333333333333 215 19 0
137 12 1.23333062065972 134 29 0
137 14 1.62221950954861 276 21 0
137 12 3 276 24 0
137 15 0.566663953993055 163 158 0
137 15 4.52222357855903 143 25 0
137 16 2.30000135633681 280 29 0
137 17 1.32222493489583 196 33 0
137 15 8.80000135633681 191 27 0
137 16 5.26666937934028 212 24 0
137 17 1.69999864366319 261 24 0
137 20 1.55555555555556 265 19 0
137 21 2.83333333333333 544 0 2
105 3 3.4000006781684 172 19 1
105 2 2.95555538601345 264 38 0
105 1 2.84827554636988 196 26 0
105 4 1.44444444444444 215 22 0
105 5 3.12222290039062 312 24 0
105 6 8.32222154405382 203 24 0
105 7 5.67777845594618 185 35 0
105 6 1.80000135633681 294 40 0
105 2 2.93333350287543 185 152 0
105 3 4.57777743869358 203 19 0
105 4 4.98888821072049 198 31 0
105 6 7.19999864366319 152 23 0
105 7 4.87777709960938 175 232 0
105 8 4.12222290039062 105 22 0
105 7 3.26666598849826 169 44 0
105 3 2.14444478352865 186 21 0
105 2 0.41111077202691 269 18 0
105 3 0.811111450195312 102 21 0
105 4 3.06666734483507 202 22 0
105 6 1.18889024522569 233 17 0
105 6 4.31110975477431 142 22 0
105 7 2.04444376627604 173 20 0
105 8 2.05555555555556 185 11 0
105 8 4.14444308810764 255 22 0
105 8 9.04444376627604 219 117 0
105 10 2.47777642144097 239 10 0
105 10 0.955552842881944 151 24 0
105 11 4.46666802300347 278 13 0
105 11 1.31110975477431 203 15 0
105 12 1.10000271267361 146 23 0
105 13 4.46666802300347 200 22 0
105 15 1.34444173177083 139 23 0
105 16 1.12221950954861 252 24 0
105 15 0.266669379340278 172 149 0
105 17 1.77777777777778 294 18 0
105 17 7.21111382378472 166 24 0
105 16 5.78888617621528 217 35 0
105 18 5.39999728732639 210 23 0
105 20 1.72222222222222 199 14 0
105 20 4.79999457465278 163 22 0
105 22 3.36667209201389 122 29 0
105 19 1.35555013020833 232 15 0
105 19 3.477783203125 142 30 0
105 22 3.77777777777778 258 26 0
105 19 1.24443901909722 266 15 0
105 19 3.78888617621528 81 25 0
105 18 2.25555419921875 190 77 0
105 17 4.06666395399306 133 250 0
105 21 2.67777506510417 122 19 0
105 20 4.07777235243056 108 21 0
105 22 3.23333062065972 399 168 0
105 3 1.73333401150174 156 23 0
105 2 0.477778116861979 238 34 0
105 4 4.43333265516493 163 36 0
105 2 0.166666666666667 394 9 0
105 1 1.57586222681506 120 29 0
105 4 3.23333401150174 194 23 0
105 6 1.47777642144097 175 27 0
105 7 1.74444580078125 217 127 0
105 8 1.0999993218316 118 40 0
105 5 2.58888922797309 222 21 0
105 4 3.07777743869358 228 38 0
105 6 6.64444308810764 65 38 0
105 8 0.844445122612847 240 20 0
105 7 2.0999993218316 130 30 0
105 9 0.0666673448350694 210 26 0
105 8 1.95555623372396 54 43 0
105 10 3.47777642144097 210 17 0
105 10 0.677775065104167 142 27 0
105 11 4.46666802300347 164 56 0
105 7 2.67777845594618 185 19 0
105 6 8.28888956705729 150 21 0
105 7 5.93333265516493 147 41 0
105 9 2.77777777777778 78 26 0
105 11 0.74444580078125 354 21 0
105 12 1.69999864366319 102 153 0
105 14 1.21111382378472 243 26 0
105 16 0.24444580078125 387 23 0
105 17 2.32222493489583 248 214 0
105 15 1.06666395399306 280 23 0
105 16 0.0888875325520833 254 22 0
105 17 0.422220865885417 207 23 0
105 16 0.955552842881944 154 28 0
105 14 1.5111083984375 167 50 0
105 8 6.46666802300347 171 26 0
105 7 2.5999993218316 124 141 0
105 10 2.02222357855903 121 38 0
105 8 3.5999993218316 181 16 0
105 8 0.722222222222222 109 32 0
105 10 1.92222086588542 72 29 0
105 13 3.25555419921875 236 231 0
105 15 4.71111382378472 138 26 0
105 16 5.21111382378472 175 80 0
105 6 1.24444580078125 219 34 0
105 3 1.27777777777778 156 94 0
105 16 3.12221950954861 206 26 0
105 17 5.26666937934028 154 39 0
105 20 4.15555826822917 155 0 2
121 2 1.44444444444444 176 14 1
121 1 1.62758636474609 190 22 0
121 3 5.27777777777778 189 21 0
121 4 4.35555521647135 150 186 0
121 5 2.69999864366319 102 12 0
121 6 2.31110975477431 192 22 0
121 7 0.800001356336806 179 23 0
121 8 1.97777642144097 312 235 0
121 10 2.18889024522569 198 17 0
121 9 1.85555691189236 178 31 0
121 10 5.61111111111111 287 22 0
121 11 2.72222222222222 188 19 0
121 12 3.74444580078125 179 13 0
121 13 3.47777642144097 235 30 0
121 15 1.22222222222222 541 193 0
121 16 4.97777642144097 104 19 0
121 15 3.32222493489583 119 19 0
121 14 2.45555284288194 222 19 0
121 15 3.57777913411458 158 22 0
121 16 4.42222086588542 133 250 0
121 17 1.55555555555556 111 11 0
121 17 3.64444308810764 210 22 0
121 16 4.5 558 24 0
121 17 7.27777777777778 269 22 0
121 19 1.84444173177083 220 20 0
121 20 3.39999728732639 295 26 0
121 21 5.38888888888889 287 14 0
121 21 2.5 94 22 0
121 20 4.11111111111111 439 17 0
121 19 0.455552842881944 236 40 0
121 21 2.62221950954861 295 19 0
121 22 3.64444986979167 190 7 0
121 23 1.09999486019737 162 134 0
121 3 1.67777845594618 243 33 0
121 5 1.15555487738715 180 21 0
121 6 4.01111178927951 251 38 0
121 8 5.9000006781684 36 76 0
121 17 9.04444715711806 222 27 0
121 16 6.74444580078125 245 21 0
121 17 3.85555691189236 176 45 0
121 20 6.23333062065972 261 25 0
121 22 0.822224934895833 140 131 0
121 8 3.25555419921875 379 26 0
121 10 2.60000271267361 252 26 0
121 8 3.85555691189236 216 42 0
121 10 8.57777913411458 278 16 0
121 10 5.30000135633681 39 40 0
121 13 5.35555691189236 324 38 0
121 16 2.11111111111111 204 16 0
121 15 4.11111111111111 234 189 0
121 17 10.1555582682292 171 31 0
121 20 8.93333604600694 140 43 0
121 16 7.46666802300347 86 89 0
121 6 1.87777709960938 259 90 0
121 19 1.64444986979167 229 23 0
121 17 7.63333468967014 195 13 0
121 17 4.53333197699653 111 40 0
121 20 2.72222222222222 181 27 0
121 22 0.555555555555556 289 0 2
73 2 3.4000006781684 176 12 1
73 2 1.21111128065321 141 180 0
73 3 4.88888888888889 250 18 0
73 5 1.7999996609158 281 24 0
73 7 2.22222222222222 216 157 0
73 8 2.0999993218316 339 24 0
73 9 2.61111111111111 215 16 0
73 10 2.5 260 25 0
73 11 4.78888617621528 225 20 0
73 13 1.38888888888889 261 22 0
73 11 3.17777506510417 137 28 0
73 14 2.62221950954861 256 25 0
73 15 6.28888617621528 122 184 0
73 16 0.577779134114583 127 21 0
73 16 3.33333333333333 108 65 0
73 10 2.87777709960938 256 42 0
73 7 0.166666666666667 154 71 0
73 15 1.17777506510417 136 39 0
73 16 2.38888888888889 236 33 0
73 17 3.30000135633681 264 19 0
73 18 3.17777506510417 217 22 0
73 20 2.28888617621528 243 18 0
73 18 5.85555691189236 203 7 0
73 18 4.38888888888889 131 22 0
73 20 2.71111382378472 211 14 0
73 21 0.177775065104167 272 23 0
73 23 0.678942228618421 119 32 0
73 19 1.22222222222222 231 11 0
73 19 3.07777235243056 126 86 0
73 10 6.78888956705729 52 53 0
73 4 3.44444444444444 229 18 0
73 5 3.04444376627604 182 24 0
73 7 1.08888753255208 130 168 0
73 9 0.544443766276042 175 14 0
73 8 3.78888956705729 87 25 0
73 10 1.41111246744792 166 27 0
73 13 1.07777913411458 251 27 0
73 14 2.07777913411458 234 41 0
73 11 0.522223578559028 148 43 0
73 7 4.76666598849826 219 21 0
73 6 4.26666598849826 110 169 0
73 5 1.63333299424913 131 14 0
73 6 1.30000135633681 304 22 0
73 7 2.69999864366319 146 24 0
73 8 5.95555623372396 176 233 0
73 9 3.76666598849826 443 18 0
73 8 3.35555691189236 206 32 0
73 10 6.78888956705729 186 23 0
73 12 1.23333062065972 192 14 0
73 12 3.75555419921875 83 25 0
73 11 0.800001356336806 447 25 0
73 10 1.65555487738715 229 23 0
73 11 0.733330620659722 84 28 0
73 13 4.0111083984375 179 24 0
73 14 3.43333604600694 177 200 0
73 13 0.355556911892361 181 40 0
73 9 1.32222154405382 216 14 0
73 10 1.18889024522569 151 59 0
73 14 1.83333333333333 138 240 0
73 13 6.15555826822917 127 59 0
73 8 2.07777913411458 179 35 0
73 6 0.0666673448350694 223 30 0
73 3 3.22222222222222 231 10 0
73 3 1.16666666666667 121 34 0
73 7 2.94444444444444 179 214 0
73 8 5.84444512261285 162 38 0
73 11 4.56666395399306 369 21 0
73 13 1.69999864366319 125 46 0
73 8 3.35555691189236 246 23 0
73 7 2.23333401150174 168 146 0
73 7 5.92222086588542 167 22 0
73 9 2.86666531032986 155 72 0
73 15 9.25555419921875 200 23 0
73 14 2.75555419921875 154 44 0
73 10 6.81110975477431 143 45 0
73 7 0.777777777777778 251 269 0
73 10 6.02222357855903 185 38 0
73 13 7.53333197699653 258 7 0
73 13 5.72222222222222 233 27 0
73 15 0.266669379340278 174 61 0
73 6 4.17777845594618 197 29 0
73 4 3.04444376627604 188 17 0
73 5 1.95555623372396 135 93 0
73 17 2.57777913411458 198 21 0
73 16 5.88888888888889 154 30 0
73 18 1.39999728732639 66 35 0
73 22 0.166666666666667 217 0 2
153 2 0.066666497124566 189 16 1
153 2 4.82222154405382 182 21 0
153 4 1.54444376627604 195 21 0
153 5 3.63333468967014 225 24 0
153 7 3.17777845594618 260 142 0
153 8 3.87777709960938 160 33 0
153 6 7.07777913411458 226 36 0
153 8 5.11111111111111 217 24 0
153 9 2.78888617621528 165 217 0
153 9 1.37778049045139 130 39 0
153 11 4.75555419921875 207 21 0
153 13 1.88888888888889 150 27 0
153 11 1.35555691189236 219 40 0
153 14 0.666666666666667 187 22 0
153 15 3.15555826822917 197 25 0
153 13 5.83333333333333 194 12 0
153 13 3.14444308810764 88 26 0
153 15 5.57777913411458 338 16 0
153 15 2.14444308810764 238 31 0
153 16 5.02222357855903 327 18 0
153 17 4.85555691189236 107 86 0
153 6 7.21111043294271 196 22 0
153 6 0.344445122612847 192 243 0
153 15 10.9444444444444 130 22 0
153 17 1.26666937934028 219 18 0
153 17 5.05555555555556 200 19 0
153 16 5.34444173177083 157 29 0
153 18 2.44444444444444 166 26 0
153 20 2.477783203125 205 14 0
153 20 4.74443901909722 232 27 0
153 22 0.399997287326389 213 13 0
153 21 4.94444444444444 67 244 0
153 23 5.7075731682055 73 0 2
22 1 2.79655140843885 196 10 1
22 1 0.593103606125404 220 20 0
22 2 2.55555555555556 260 18 0
22 3 3.52222188313802 212 22 0
22 1 2.61034498543575 175 139 0
22 4 0.188888549804688 207 23 0
22 5 1.71111043294271 226 14 0
22 4 2.97777811686198 182 24 0
22 6 0.122222900390625 212 212 0
22 4 3 144 20 0
22 5 3.87777709960938 71 25 0
22 6 6.97777642144097 251 18 0
22 7 3.65555487738715 202 24 0
22 5 3.9000006781684 218 15 0
22 4 4.48888821072049 167 38 0
22 2 0.566666497124566 292 76 0
22 3 7.68888854980469 142 23 0
22 2 3.76666598849826 171 212 0
22 1 2.11379294559873 45 27 0
22 4 1.56666734483507 270 20 0
22 5 2.11111111111111 142 24 0
22 6 6.42222086588542 231 21 0
22 7 4.74444580078125 198 26 0
22 9 0.400000678168403 209 169 0
22 10 3 231 20 0
22 11 0.966668023003472 270 18 0
22 11 4.75555419921875 162 188 0
22 12 0.411112467447917 65 38 0
22 9 1.72222222222222 229 65 0
22 3 3.54444376627604 164 21 0
22 2 0.98888905843099 209 12 0
22 1 1.55517209809402 199 22 0
22 2 3.86666700575087 170 22 0
22 3 7.65555487738715 128 385 0
22 4 1.65555487738715 184 17 0
22 5 0.911112467447917 193 20 0
22 6 1.74444580078125 179 20 0
22 7 0.699998643663194 191 218 0
22 7 0.811109754774306 118 27 0
22 8 4.86666531032986 177 18 0
22 9 1.68889024522569 167 16 0
22 10 0.9888916015625 369 27 0
22 11 3.87778049045139 303 16 0
22 10 10.2888861762153 181 21 0
22 10 3.87778049045139 181 23 0
22 10 9.82222493489583 125 172 0
22 12 1.5 136 21 0
22 13 2.74444580078125 268 20 0
22 14 3.25555419921875 194 14 0
22 15 1.54444715711806 250 24 0
22 16 3.38888888888889 404 43 0
22 13 1.92222086588542 104 73 0
22 3 2.87777709960938 253 16 0
22 2 2.32222239176432 232 28 0
22 5 1.66666666666667 198 20 0
22 6 2.52222357855903 111 24 0
22 7 2.35555691189236 172 19 0
22 6 3.03333197699653 194 22 0
22 5 3.95555623372396 274 22 0
22 6 6.5999993218316 120 19 0
22 6 2.26666598849826 191 42 0
22 8 1.16666666666667 173 108 0
22 6 6.5 147 29 0
22 9 0.288889567057292 149 257 0
22 10 4.9888916015625 257 34 0
22 11 4.47777642144097 444 60 0
22 7 0.677778455946181 243 55 0
22 10 7.61111111111111 159 74 0
22 3 2.81111145019531 154 18 0
22 2 2.77777777777778 140 64 0
22 8 6.56666734483507 142 248 0
22 8 0.122222900390625 257 56 0
22 11 1.0111083984375 153 35 0
22 15 2.5 259 19 0
22 15 6.87778049045139 165 14 0
22 16 2.91111246744792 136 23 0
22 17 3.45555284288194 215 22 0
22 16 6.36666531032986 211 13 0
22 16 3.39999728732639 292 31 0
22 17 4.86666531032986 180 26 0
22 18 4.71111382378472 176 25 0
22 20 0.944444444444444 217 14 0
22 20 4.04444715711806 166 34 0
22 22 5.88888888888889 322 21 0
22 24 2.47895250822368 185 201 0
22 20 1.83333333333333 159 56 0
22 16 3.38888888888889 120 49 0
22 12 1.63333468967014 126 42 0
22 9 0.677778455946181 184 29 0
22 7 4.45555623372396 225 39 0
22 4 4.4000006781684 151 35 0
22 3 0.333333333333333 264 30 0
22 5 3.14444308810764 156 0 2
102 2 2.97777811686198 59 200 1
102 1 1.92758652259564 152 22 0
102 3 3.41111077202691 156 24 0
102 4 2.26666598849826 216 17 0
102 5 1.74444580078125 244 137 0
102 3 7.25555589463976 160 296 0
102 5 1.19999864366319 135 17 0
102 6 1.5 167 24 0
102 7 0.400000678168403 258 11 0
102 6 7.96666802300347 111 28 0
102 8 2.55555555555556 289 233 0
102 8 2.43333265516493 54 36 0
102 6 3.54444376627604 261 24 0
102 7 1.35555691189236 171 23 0
102 8 2.05555555555556 151 26 0
102 9 3.72222222222222 367 36 0
102 11 3.23333062065972 172 26 0
102 10 0.711113823784722 265 24 0
102 8 5.63333468967014 167 21 0
102 7 4.63333468967014 218 20 0
102 8 4.97777642144097 152 21 0
102 9 1.64444308810764 231 19 0
102 10 1.44444444444444 164 38 0
102 12 0.677775065104167 198 16 0
102 13 0.588887532552083 138 36 0
102 10 2 155 161 0
102 8 7.05555555555556 127 18 0
102 8 2.33333333333333 165 23 0
102 9 1.5111083984375 184 21 0
102 10 2.85555691189236 165 23 0
102 11 4.77777777777778 233 21 0
102 13 1.07777913411458 206 9 0
102 13 2.75555419921875 99 27 0
102 15 2.88888888888889 390 18 0
102 14 1.78888617621528 295 24 0
102 13 2.35555691189236 97 38 0
102 9 2.44444444444444 171 24 0
102 8 1.86666531032986 401 21 0
102 8 7.64444308810764 121 24 0
102 8 0.588887532552083 197 14 0
102 8 3.5 209 25 0
102 9 1.35555691189236 285 19 0
102 10 1.32222493489583 258 21 0
102 11 1.89999728732639 190 18 0
102 12 3.21111382378472 225 9 0
102 13 1.43333604600694 299 23 0
102 14 2.56666395399306 177 20 0
102 15 5.15555826822917 261 23 0
102 16 3.16666666666667 290 77 0
102 8 0.377777099609375 173 24 0
102 6 9.54444376627604 173 27 0
102 5 3.68889024522569 229 35 0
102 3 3.82222154405382 201 30 0
102 6 0.75555419921875 189 79 0
102 14 2.15555826822917 135 29 0
102 15 9.57777913411458 151 23 0
102 16 6.24444580078125 200 128 0
102 17 5.15555826822917 248 26 0
102 20 4.04444715711806 250 25 0
102 22 3.06666395399306 221 25 0
102 20 4.65555826822917 266 287 0
102 7 5.82222154405382 86 24 0
102 7 0.533331976996528 72 42 0
102 5 2.08888753255208 175 22 0
102 6 1.98888821072049 93 107 0
102 21 4.95555284288194 145 26 0
102 23 5.04285975864956 151 0 2
38 2 3.71111043294271 222 11 1
38 3 2.52222188313802 82 142 0
38 3 4.22222222222222 154 18 0
38 4 2.15555487738715 199 22 0
38 5 3.36666531032986 227 219 0
38 7 4.71111043294271 277 18 0
38 8 3.48888821072049 298 25 0
38 10 2.56666734483507 296 35 0
38 8 0.75555419921875 271 36 0
38 10 2 175 29 0
38 12 1.5 206 182 0
38 11 3.13333468967014 176 58 0
38 6 1.9000006781684 158 32 0
38 3 6.02222188313802 190 18 0
38 3 1.14444478352865 152 32 0
38 6 1.12222290039062 188 21 0
38 7 5.27777777777778 231 19 0
38 8 4 171 23 0
38 10 0.488888210720486 156 152 0
38 11 4.17777506510417 177 18 0
38 12 3.39999728732639 158 18 0
38 11 3.89999728732639 200 37 0
38 13 7.93333604600694 84 34 0
38 15 2.0111083984375 290 11 0
38 14 3.93333604600694 173 25 0
38 16 2.04444715711806 185 128 0
38 17 4.91111246744792 470 22 0
38 19 2.4888916015625 183 24 0
38 20 6.96666124131944 217 28 0
38 22 2.44444444444444 167 31 0
38 20 0.777777777777778 203 12 0
38 20 2.81111653645833 229 14 0
38 19 2.86666531032986 107 41 0
38 22 0.611111111111111 260 98 0
38 8 3.94444444444444 132 49 0
38 5 0.255555894639757 186 24 0
38 7 0.488888210720486 106 0 2
86 2 3.05555555555556 194 12 1
86 2 0.466666327582465 101 139 0
86 1 2.58965485671471 113 13 0
86 2 3.73333401150174 183 8 0
86 3 1.7999996609158 199 21 0
86 1 2.01034466973666 191 17 0
86 2 2.35555521647135 112 24 0
86 4 1.64444478352865 217 22 0
86 5 2.5999993218316 109 161 0
86 6 1.53333197699653 385 20 0
86 7 0.611111111111111 167 21 0
86 6 2.76666598849826 408 21 0
86 7 2.08888753255208 171 31 0
86 5 3.71111043294271 221 31 0
86 3 5.34444512261285 186 27 0
86 6 3.05555555555556 85 26 0
86 7 5.66666666666667 229 15 0
86 8 2.16666666666667 112 38 0
86 10 5.46666802300347 227 9 0
86 11 1.52222357855903 160 22 0
86 10 1.16666666666667 276 26 0
86 12 0.300001356336806 178 21 0
86 13 1.75555419921875 270 37 0
86 15 2.17777506510417 179 201 0
86 14 3.78888617621528 118 19 0
86 13 4.12221950954861 201 25 0
86 15 1.69999864366319 175 16 0
86 15 4.85555691189236 227 27 0
86 16 4.66666666666667 388 28 0
86 17 4.04444715711806 358 26 0
86 19 3.85555013020833 205 15 0
86 20 3.60000271267361 260 24 0
86 23 0.575263566868289 224 17 0
86 23 4.99462890625001 216 19 0
86 22 3.42222764756944 224 42 0
86 18 2.94444444444444 133 84 0
86 7 1.45555623372396 182 26 0
86 5 2.07777913411458 186 19 0
86 6 2.78888956705729 191 10 0
86 6 0.855556911892361 99 156 0
86 20 1.43333604600694 118 244 0
86 22 1.977783203125 145 732 0
86 8 6.56666734483507 78 21 0
86 8 1.38888888888889 223 20 0
86 7 2.07777913411458 142 22 0
86 8 3.33333333333333 82 38 0
86 11 0.9888916015625 241 39 0
86 9 3.41111246744792 164 224 0
86 13 5.72222222222222 156 24 0
86 15 1.73333062065972 91 24 0
86 15 8.34444173177083 192 14 0
86 15 5.54444715711806 329 49 0
86 10 0.822224934895833 294 0 2
70 2 1.75555589463976 199 13 1
70 1 2.16551708352977 85 151 0
70 3 2.42222256130642 229 18 0
70 2 0.355555216471354 280 23 0
70 3 3.18888854980469 204 27 0
70 4 1.62222290039062 98 193 0
70 4 3.47777642144097 153 14 0
70 4 1.9000006781684 146 272 0
70 5 1.53333197699653 154 19 0
70 6 2.28888956705729 257 22 0
70 7 1.23333401150174 233 19 0
70 7 5.72222222222222 154 239 0
70 9 0.844441731770833 150 16 0
70 10 0.344441731770833 331 11 0
70 10 2.67777506510417 99 21 0
70 11 4.41111246744792 229 17 0
70 13 0.122219509548611 253 29 0
70 14 1.75555419921875 229 18 0
70 15 2.52222357855903 227 12 0
70 15 5.57777913411458 171 230 0
70 16 3.92222086588542 62 38 0
70 13 9.96666802300347 236 34 0
70 15 7.73333062065972 166 22 0
70 16 4.80000135633681 355 19 0
70 17 2.26666937934028 268 18 0
70 17 6.38888888888889 164 21 0
70 19 1.4888916015625 308 17 0
70 20 1.76666937934028 232 22 0
70 18 4.07777235243056 253 22 0
70 20 1.43333604600694 206 26 0
70 22 3.35555013020833 388 16 0
70 23 3.66757284628378 257 24 0
70 21 0.0444471571180556 169 24 0
70 18 4.65555826822917 141 67 0
70 13 1.28888617621528 111 74 0
70 3 3.53333367241753 165 19 0
70 2 2.2999996609158 184 34 0
70 4 2.42222256130642 183 23 0
70 6 0.566667344835069 176 26 0
70 7 2 232 14 0
70 7 5.22222222222222 141 184 0
70 6 0.522223578559028 129 19 0
70 6 5.23333401150174 122 68 0
70 13 9.31110975477431 238 22 0
70 15 0.855556911892361 131 70 0
70 6 6.13333468967014 242 20 0
70 7 2.5 215 38 0
70 9 1.73333062065972 195 21 0
70 10 2.83333333333333 139 24 0
70 12 1.76666937934028 213 16 0
70 13 1.24444580078125 155 29 0
70 10 5.34444173177083 180 41 0
70 14 0.0222235785590278 226 19 0
70 15 0.933336046006944 79 51 0
70 10 5.76666937934028 260 15 0
70 11 3.71111382378472 148 18 0
70 13 0.955552842881944 45 31 0
70 15 6.47777642144097 251 20 0
70 16 1.61111111111111 148 143 0
70 15 6.75555419921875 73 23 0
70 16 3.38888888888889 201 77 0
70 6 7.21111043294271 177 27 0
70 5 1.76666598849826 159 81 0
70 15 6.36666531032986 174 29 0
70 17 0.277777777777778 172 217 0
70 18 1.36667209201389 110 26 0
70 20 0.944444444444444 212 16 0
70 20 4.84444173177083 130 27 0
70 23 2.25134607263514 302 75 0
70 14 0.355556911892361 169 32 0
70 11 4.96666802300347 131 40 0
70 8 2.38888888888889 253 0 2
166 2 2.3999998304579 174 17 1
166 3 4.31111145019531 243 115 0
166 5 1.97777811686198 235 18 0
166 6 3.34444512261285 190 17 0
166 7 1.80000135633681 240 19 0
166 8 0.944444444444444 216 23 0
166 10 0.75555419921875 323 263 0
166 9 3.37777709960938 149 22 0
166 11 1.4888916015625 290 17 0
166 12 0.344441731770833 169 19 0
166 10 7.03333197699653 151 20 0
166 10 1.13333468967014 264 19 0
166 8 3.07777913411458 230 14 0
166 9 1.83333333333333 88 24 0
166 11 0.711113823784722 272 16 0
166 12 0.100002712673611 189 17 0
166 13 0.155558268229167 264 22 0
166 14 2.19999864366319 236 14 0
166 15 1.91111246744792 276 21 0
166 16 3.17777506510417 367 21 0
166 17 0.677775065104167 195 158 0
166 16 4.44444444444444 396 21 0
166 17 2.64444308810764 178 25 0
166 18 3.62221950954861 200 21 0
166 20 1.47777642144097 277 17 0
166 21 0.411105685763889 211 12 0
166 20 3.78888617621528 156 22 0
166 22 3.67777506510417 205 15 0
166 23 2.63214547293528 78 98 0
166 6 4.21111043294271 152 48 0
166 2 3.26666683620877 358 15 0
166 3 2.98888821072049 266 24 0
166 5 2.03333367241753 144 22 0
166 6 6.27777777777778 199 21 0
166 8 0.0666673448350694 140 156 0
166 9 0.988888210720486 176 17 0
166 10 1.46666802300347 345 26 0
166 12 3.74444580078125 175 296 0
166 13 1.64444308810764 478 19 0
166 12 0.466668023003472 197 16 0
166 11 1.07777913411458 51 32 0
166 14 1.72222222222222 198 18 0
166 15 1.77777777777778 134 296 0
166 15 0.211113823784722 107 59 0
166 6 4.63333468967014 253 15 0
166 6 1.01111178927951 88 76 0
166 15 5.21111382378472 148 27 0
166 17 1.83333333333333 77 40 0
166 20 5.02222357855903 141 0 2
